PdfType: central
Format: lhagrid1
---
 1.000000E-6 1.700000E-6 3.200000E-6 6.000000E-6 1.000000E-5 1.700000E-5 3.200000E-5 6.000000E-5 1.000000E-4 1.700000E-4 3.200000E-4 6.000000E-4 1.000000E-3 1.700000E-3 3.200000E-3 6.000000E-3 1.000000E-2 1.700000E-2 3.200000E-2 6.000000E-2 1.000000E-1
 3.162278E-1 3.981068E-1 5.011876E-1 6.309572E-1 7.943280E-1 1.000000E+0 1.258924E+0 1.584894E+0 1.995262E+0 2.511886E+0 3.162278E+0 3.981068E+0 5.011876E+0 6.309572E+0 7.943280E+0 1.000000E+1 1.258924E+1 1.584894E+1 1.995262E+1 2.511886E+1 3.162278E+1
900 901 917 918 920 921
 3.281030E-1 3.306850E-2 6.462490E-3 1.809090E-5 1.310810E-4 4.218620E-8
 5.087390E-1 6.746890E-2 1.247380E-2 5.504220E-5 2.385090E-4 1.215570E-7
 7.808160E-1 1.251220E-1 2.437210E-2 1.684590E-4 4.498500E-4 3.628240E-7
 1.154650E+0 2.150300E-1 4.803400E-2 5.172270E-4 8.723320E-4 1.113050E-6
 1.707110E+0 3.523830E-1 9.474290E-2 1.579600E-3 1.730750E-3 3.488450E-6
 2.500640E+0 5.499140E-1 1.851320E-1 4.717490E-3 3.502660E-3 1.114560E-5
 3.789880E+0 8.691610E-1 3.600640E-1 1.380870E-2 7.145670E-3 3.579640E-5
 5.279850E+0 1.225620E+0 6.663020E-1 3.753960E-2 1.471260E-2 1.155580E-4
 7.584800E+0 1.783220E+0 1.209960E+0 9.655130E-2 3.052480E-2 3.736940E-4
 1.075260E+1 2.532860E+0 2.085410E+0 2.259440E-1 6.278690E-2 1.187270E-3
 1.519600E+1 3.626940E+0 3.446800E+0 4.832440E-1 1.271370E-1 3.664900E-3
 2.154610E+1 5.169790E+0 5.493240E+0 9.407080E-1 2.524950E-1 1.088300E-2
 3.040100E+1 7.279430E+0 8.440640E+0 1.667030E+0 4.852500E-1 3.042140E-2
 4.059760E+1 9.683210E+0 1.218420E+1 2.636560E+0 8.882270E-1 7.793850E-2
 5.369370E+1 1.261030E+1 1.706560E+1 3.876500E+0 1.540080E+0 1.803680E-1
 7.034850E+1 1.610200E+1 2.335540E+1 5.383760E+0 2.528860E+0 3.740550E-1
 9.125990E+1 2.017740E+1 3.133560E+1 7.145930E+0 3.929100E+0 6.917260E-1
 1.176240E+2 2.496340E+1 4.146960E+1 9.195310E+0 5.838710E+0 1.156120E+0
 1.503710E+2 3.047780E+1 5.412610E+1 1.153010E+1 8.338500E+0 1.766240E+0
 1.911700E+2 3.695630E+1 7.002840E+1 1.423800E+1 1.160040E+1 2.522680E+0
 2.417650E+2 4.444460E+1 8.981210E+1 1.733490E+1 1.575150E+1 3.409900E+0
 3.030540E-1 3.104310E-2 5.812340E-3 1.628290E-5 1.237580E-4 3.983180E-8
 4.692950E-1 6.268110E-2 1.106830E-2 4.880480E-5 2.195470E-4 1.119020E-7
 7.171710E-1 1.179690E-1 2.147580E-2 1.485710E-4 4.059180E-4 3.275130E-7
 1.059440E+0 2.022230E-1 4.196120E-2 4.530110E-4 7.753730E-4 9.895480E-7
 1.556140E+0 3.252430E-1 8.224370E-2 1.373950E-3 1.516630E-3 3.058860E-6
 2.269010E+0 5.070620E-1 1.599990E-1 4.083970E-3 3.035420E-3 9.661070E-6
 3.277740E+0 7.595880E-1 3.069050E-1 1.181360E-2 6.133270E-3 3.072820E-5
 4.698810E+0 1.101310E+0 5.737730E-1 3.237190E-2 1.256400E-2 9.872510E-5
 6.737430E+0 1.580970E+0 1.039440E+0 8.309290E-2 2.592100E-2 3.174780E-4
 9.489270E+0 2.245670E+0 1.794860E+0 1.951170E-1 5.313580E-2 1.005590E-3
 1.321660E+1 3.144220E+0 2.942230E+0 4.130400E-1 1.071950E-1 3.093180E-3
 1.816560E+1 4.373780E+0 4.607430E+0 7.932590E-1 2.116100E-1 9.132070E-3
 2.632500E+1 6.237000E+0 7.191040E+0 1.417280E+0 4.072630E-1 2.554360E-2
 3.511130E+1 8.250580E+0 1.036470E+1 2.234250E+0 7.435230E-1 6.526130E-2
 4.621420E+1 1.068780E+1 1.450270E+1 3.274110E+0 1.289990E+0 1.510870E-1
 6.033670E+1 1.359020E+1 1.981690E+1 4.533280E+0 2.115440E+0 3.128180E-1
 7.808420E+1 1.696940E+1 2.655450E+1 6.000580E+0 3.287130E+0 5.782670E-1
 1.003720E+2 2.092530E+1 3.509100E+1 7.699700E+0 4.880700E+0 9.650030E-1
 1.280020E+2 2.550720E+1 4.574100E+1 9.643150E+0 6.972360E+0 1.473710E+0
 1.625170E+2 3.083710E+1 5.913420E+1 1.187470E+1 9.686650E+0 2.100550E+0
 2.050800E+2 3.701230E+1 7.574460E+1 1.443130E+1 1.314340E+1 2.835490E+0
 2.774990E-1 2.885900E-2 5.204220E-3 1.458200E-5 1.182570E-4 3.806410E-8
 4.278630E-1 5.802860E-2 9.700730E-3 4.281220E-5 2.025910E-4 1.032670E-7
 6.392520E-1 1.065030E-1 1.851580E-2 1.282640E-4 3.643350E-4 2.939970E-7
 9.535840E-1 1.833880E-1 3.585380E-2 3.872560E-4 6.804930E-4 8.686740E-7
 1.388820E+0 2.959310E-1 6.969460E-2 1.166250E-3 1.309510E-3 2.641370E-6
 2.023510E+0 4.628180E-1 1.352320E-1 3.471440E-3 2.575550E-3 8.199570E-6
 2.979810E+0 6.962480E-1 2.598780E-1 1.000660E-2 5.168720E-3 2.590500E-5
 4.139610E+0 9.709860E-1 4.809950E-1 2.715310E-2 1.046370E-2 8.223690E-5
 5.850140E+0 1.376160E+0 8.686070E-1 6.957030E-2 2.140460E-2 2.622400E-4
 8.257720E+0 1.954310E+0 1.505290E+0 1.644290E-1 4.365910E-2 8.271710E-4
 1.131940E+1 2.686830E+0 2.454720E+0 3.452840E-1 8.767020E-2 2.531510E-3
 1.546580E+1 3.676010E+0 3.828740E+0 6.564820E-1 1.723080E-1 7.436920E-3
 2.215950E+1 5.177110E+0 5.934800E+0 1.166100E+0 3.306530E-1 2.074830E-2
 2.940610E+1 6.802210E+0 8.532790E+0 1.831160E+0 6.027990E-1 5.293070E-2
 3.863300E+1 8.762420E+0 1.191520E+1 2.672890E+0 1.042920E+0 1.221450E-1
 5.017790E+1 1.107940E+1 1.625600E+1 3.685830E+0 1.710920E+0 2.529060E-1
 6.476070E+1 1.379340E+1 2.176550E+1 4.868460E+0 2.656460E+0 4.669310E-1
 8.299190E+1 1.694320E+1 2.871130E+1 6.226870E+0 3.939970E+0 7.778240E-1
 1.055470E+2 2.059320E+1 3.737860E+1 7.778960E+0 5.624040E+0 1.185930E+0
 1.337460E+2 2.484000E+1 4.826600E+1 9.560040E+0 7.808240E+0 1.688100E+0
 1.684470E+2 2.975140E+1 6.175530E+1 1.159590E+1 1.058610E+1 2.275640E+0
 2.543740E-1 2.693170E-2 4.736380E-3 1.327870E-5 1.161450E-4 3.739220E-8
 3.897490E-1 5.349100E-2 8.640870E-3 3.814060E-5 1.914260E-4 9.759000E-8
 5.870770E-1 9.953310E-2 1.617940E-2 1.121160E-4 3.333060E-4 2.689840E-7
 8.647080E-1 1.702390E-1 3.089750E-2 3.343000E-4 6.068290E-4 7.747890E-7
 1.245610E+0 2.703750E-1 5.944370E-2 9.968220E-4 1.143800E-3 2.307720E-6
 1.791300E+0 4.094390E-1 1.142820E-1 2.932790E-3 2.214780E-3 7.051190E-6
 2.534500E+0 5.937770E-1 2.165700E-1 8.348360E-3 4.371640E-3 2.190990E-5
 3.599990E+0 8.544280E-1 4.030000E-1 2.281760E-2 8.770060E-3 6.893840E-5
 5.109670E+0 1.201320E+0 7.280490E-1 5.833950E-2 1.778520E-2 2.179720E-4
 7.101400E+0 1.665410E+0 1.253500E+0 1.366790E-1 3.598050E-2 6.816690E-4
 9.738880E+0 2.275210E+0 2.046390E+0 2.871540E-1 7.199720E-2 2.080000E-3
 1.315180E+1 3.092390E+0 3.181190E+0 5.452040E-1 1.408580E-1 6.084540E-3
 1.866690E+1 4.294830E+0 4.897340E+0 9.593980E-1 2.692430E-1 1.690230E-2
 2.465260E+1 5.606820E+0 7.028470E+0 1.501040E+0 4.898390E-1 4.302510E-2
 3.225000E+1 7.183630E+0 9.794360E+0 2.183260E+0 8.458550E-1 9.907010E-2
 4.176200E+1 9.041530E+0 1.334200E+1 3.000490E+0 1.385820E+0 2.047890E-1
 5.375080E+1 1.121400E+1 1.783900E+1 3.951470E+0 2.149280E+0 3.774860E-1
 6.864300E+1 1.372880E+1 2.349110E+1 5.039770E+0 3.184040E+0 6.277160E-1
 8.718070E+1 1.664340E+1 3.058020E+1 6.282260E+0 4.546210E+0 9.562830E-1
 1.100700E+2 2.002450E+1 3.938730E+1 7.702740E+0 6.298250E+0 1.358090E+0
 1.384490E+2 2.394840E+1 5.036670E+1 9.330880E+0 8.537340E+0 1.829110E+0
 2.361590E-1 2.548420E-2 4.445310E-3 1.247690E-5 1.168420E-4 3.761760E-8
 3.614220E-1 5.102770E-2 7.939370E-3 3.508580E-5 1.861920E-4 9.492650E-8
 5.369280E-1 9.204120E-2 1.463000E-2 1.014520E-4 3.148880E-4 2.541550E-7
 7.878160E-1 1.562570E-1 2.752510E-2 2.980090E-4 5.596570E-4 7.146010E-7
 1.142500E+0 2.486010E-1 5.249770E-2 8.805630E-4 1.035050E-3 2.088850E-6
 1.619160E+0 3.728230E-1 1.000840E-1 2.568730E-3 1.973530E-3 6.283910E-6
 2.284570E+0 5.371020E-1 1.887750E-1 7.289580E-3 3.849080E-3 1.929390E-5
 3.221060E+0 7.628250E-1 3.497960E-1 1.982810E-2 7.642290E-3 6.008710E-5
 4.516350E+0 1.071910E+0 6.293030E-1 5.072500E-2 1.535750E-2 1.883510E-4
 6.242200E+0 1.459370E+0 1.077830E+0 1.175770E-1 3.085250E-2 5.844700E-4
 8.515440E+0 1.978460E+0 1.756610E+0 2.464450E-1 6.143870E-2 1.774550E-3
 1.151770E+1 2.671400E+0 2.731390E+0 4.664160E-1 1.199000E-1 5.177980E-3
 1.622530E+1 3.685440E+0 4.185760E+0 8.181010E-1 2.281730E-1 1.432790E-2
 2.136830E+1 4.790170E+0 6.001870E+0 1.276990E+0 4.141030E-1 3.637800E-2
 2.779170E+1 6.108040E+0 8.351300E+0 1.851690E+0 7.150220E-1 8.377520E-2
 3.594580E+1 7.662230E+0 1.135410E+1 2.537980E+0 1.168220E+0 1.726000E-1
 4.616380E+1 9.474580E+0 1.516160E+1 3.334180E+0 1.809160E+0 3.175860E-1
 5.884090E+1 1.156970E+1 1.994710E+1 4.243400E+0 2.678050E+0 5.274260E-1
 7.454420E+1 1.399780E+1 2.593610E+1 5.280500E+0 3.820960E+0 8.025800E-1
 9.392570E+1 1.680710E+1 3.336180E+1 6.462550E+0 5.286880E+0 1.138220E+0
 1.179600E+2 2.007630E+1 4.264160E+1 7.820090E+0 7.166380E+0 1.531740E+0
 2.193910E-1 2.386550E-2 4.225530E-3 1.186980E-5 1.200550E-4 3.865220E-8
 3.360670E-1 4.747610E-2 7.360610E-3 3.253750E-5 1.842420E-4 9.394990E-8
 4.972580E-1 8.661160E-2 1.329480E-2 9.216210E-5 3.015880E-4 2.434280E-7
 7.216620E-1 1.449280E-1 2.465770E-2 2.673150E-4 5.216050E-4 6.660970E-7
 1.036320E+0 2.292410E-1 4.636750E-2 7.789490E-4 9.431450E-4 1.903620E-6
 1.515790E+0 3.518540E-1 8.816160E-2 2.267120E-3 1.766470E-3 5.626710E-6
 2.055350E+0 4.872080E-1 1.643830E-1 6.362410E-3 3.395580E-3 1.702570E-5
 2.870550E+0 6.788090E-1 3.025010E-1 1.716920E-2 6.661380E-3 5.238130E-5
 3.997590E+0 9.380590E-1 5.412120E-1 4.353800E-2 1.324070E-2 1.623410E-4
 5.500480E+0 1.276860E+0 9.261260E-1 1.011130E-1 2.641720E-2 5.007300E-4
 7.459230E+0 1.717480E+0 1.505410E+0 2.113290E-1 5.226400E-2 1.510500E-3
 1.021240E+1 2.326250E+0 2.351330E+0 4.011500E-1 1.016330E-1 4.392580E-3
 1.402210E+1 3.142010E+0 3.555810E+0 6.935240E-1 1.924980E-1 1.209080E-2
 1.836480E+1 4.061770E+0 5.090910E+0 1.078990E+0 3.489380E-1 3.066540E-2
 2.385810E+1 5.159960E+0 7.071020E+0 1.560220E+0 6.000950E-1 7.031570E-2
 3.075320E+1 6.450360E+0 9.598740E+0 2.132890E+0 9.789330E-1 1.446030E-1
 3.939730E+1 7.949610E+0 1.278800E+1 2.794180E+0 1.513160E+0 2.654100E-1
 5.009580E+1 9.685710E+0 1.681640E+1 3.549520E+0 2.238340E+0 4.404190E-1
 6.335830E+1 1.169310E+1 2.184430E+1 4.408590E+0 3.189920E+0 6.692340E-1
 7.972720E+1 1.402170E+1 2.810820E+1 5.389500E+0 4.417220E+0 9.487740E-1
 9.986940E+1 1.671830E+1 3.584720E+1 6.510410E+0 5.973790E+0 1.274380E+0
 2.091680E-1 2.322650E-2 4.072100E-3 1.145050E-5 1.279740E-4 4.120300E-8
 3.063310E-1 4.377080E-2 6.850800E-3 3.031330E-5 1.869060E-4 9.531050E-8
 4.507920E-1 7.905560E-2 1.203750E-2 8.353620E-5 2.930090E-4 2.365180E-7
 6.547550E-1 1.319850E-1 2.183790E-2 2.366360E-4 4.886900E-4 6.241300E-7
 9.306960E-1 2.077600E-1 4.042040E-2 6.792950E-4 8.577500E-4 1.731410E-6
 1.303110E+0 3.055580E-1 7.534900E-2 1.939740E-3 1.567570E-3 4.993800E-6
 1.832930E+0 4.309010E-1 1.396560E-1 5.405100E-3 2.954630E-3 1.481950E-5
 2.526440E+0 5.962470E-1 2.557330E-1 1.451970E-2 5.703410E-3 4.485610E-5
 3.460220E+0 8.079360E-1 4.542380E-1 3.661060E-2 1.118080E-2 1.371220E-4
 4.728910E+0 1.089770E+0 7.724130E-1 8.441480E-2 2.205880E-2 4.181730E-4
 6.359360E+0 1.448330E+0 1.251580E+0 1.757600E-1 4.330740E-2 1.252300E-3
 8.543870E+0 1.927180E+0 1.935610E+0 3.301510E-1 8.348630E-2 3.607800E-3
 1.180360E+1 2.598260E+0 2.929910E+0 5.699950E-1 1.575730E-1 9.899710E-3
 1.539790E+1 3.339420E+0 4.181020E+0 8.831480E-1 2.839740E-1 2.495470E-2
 1.988630E+1 4.220350E+0 5.796930E+0 1.272720E+0 4.882800E-1 5.722540E-2
 2.553650E+1 5.255370E+0 7.855010E+0 1.734340E+0 7.937930E-1 1.172400E-1
 3.262110E+1 6.453050E+0 1.044710E+1 2.265100E+0 1.224610E+0 2.146870E-1
 4.133860E+1 7.839070E+0 1.371450E+1 2.870130E+0 1.808600E+0 3.555210E-1
 5.216630E+1 9.441720E+0 1.779250E+1 3.557510E+0 2.573960E+0 5.393250E-1
 6.553280E+1 1.129680E+1 2.287180E+1 4.340200E+0 3.559860E+0 7.632190E-1
 8.186890E+1 1.344670E+1 2.912770E+1 5.234860E+0 4.809020E+0 1.023990E+0
 1.897470E-1 2.115750E-2 4.026070E-3 1.132290E-5 1.413690E-4 4.551690E-8
 2.829510E-1 4.098720E-2 6.526550E-3 2.891550E-5 1.961120E-4 1.000070E-7
 4.176980E-1 7.378040E-2 1.112240E-2 7.727520E-5 2.928260E-4 2.363780E-7
 5.930000E-1 1.209800E-1 1.964390E-2 2.130000E-4 4.684790E-4 5.983430E-7
 8.334280E-1 1.867660E-1 3.561420E-2 5.983380E-4 7.951510E-4 1.605210E-6
 1.157930E+0 2.706480E-1 6.543270E-2 1.684700E-3 1.414410E-3 4.506350E-6
 1.602360E+0 3.816020E-1 1.200300E-1 4.651990E-3 2.607560E-3 1.307900E-5
 2.195970E+0 5.182510E-1 2.166270E-1 1.231210E-2 4.936950E-3 3.883190E-5
 2.999960E+0 6.950960E-1 3.825160E-1 3.083350E-2 9.531870E-3 1.169200E-4
 4.069060E+0 9.289670E-1 6.473110E-1 7.081820E-2 1.858300E-2 3.523540E-4
 5.462910E+0 1.232430E+0 1.045940E+0 1.472610E-1 3.611550E-2 1.044420E-3
 7.249820E+0 1.615320E+0 1.607200E+0 2.739550E-1 6.911260E-2 2.987650E-3
 9.950260E+0 2.153310E+0 2.419800E+0 4.698030E-1 1.295550E-1 8.141120E-3
 1.292220E+1 2.749990E+0 3.442660E+0 7.245400E-1 2.323850E-1 2.042240E-2
 1.661680E+1 3.458810E+0 4.761150E+0 1.040270E+0 3.977670E-1 4.661080E-2
 2.125380E+1 4.289240E+0 6.437210E+0 1.413080E+0 6.455560E-1 9.532780E-2
 2.700770E+1 5.248020E+0 8.548050E+0 1.840010E+0 9.939840E-1 1.742210E-1
 3.420510E+1 6.356660E+0 1.119450E+1 2.325440E+0 1.464900E+0 2.876000E-1
 4.300900E+1 7.639820E+0 1.451190E+1 2.876900E+0 2.081740E+0 4.356470E-1
 5.388530E+1 9.119380E+0 1.862420E+1 3.502270E+0 2.874670E+0 6.153950E-1
 6.727220E+1 1.084400E+1 2.373290E+1 4.220440E+0 3.885120E+0 8.252110E-1
 1.802490E-1 2.021620E-2 4.073940E-3 1.145980E-5 1.576190E-4 5.074910E-8
 2.683720E-1 3.931680E-2 6.386780E-3 2.830570E-5 2.094730E-4 1.068210E-7
 3.876660E-1 6.971330E-2 1.057860E-2 7.359620E-5 2.998740E-4 2.421270E-7
 5.617590E-1 1.159290E-1 1.827310E-2 1.982410E-4 4.617510E-4 5.897790E-7
 7.667810E-1 1.714050E-1 3.250280E-2 5.465360E-4 7.589930E-4 1.532340E-6
 1.061200E+0 2.491940E-1 5.879440E-2 1.514320E-3 1.316750E-3 4.195600E-6
 1.462710E+0 3.454000E-1 1.066770E-1 4.135010E-3 2.380050E-3 1.193990E-5
 1.979830E+0 4.660170E-1 1.910500E-1 1.087930E-2 4.432090E-3 3.487140E-5
 2.684200E+0 6.204020E-1 3.343820E-1 2.698440E-2 8.432850E-3 1.034490E-4
 3.602710E+0 8.102770E-1 5.620370E-1 6.134450E-2 1.625050E-2 3.081570E-4
 4.836600E+0 1.073770E+0 9.050570E-1 1.270960E-1 3.131910E-2 9.058900E-4
 6.376250E+0 1.401480E+0 1.386980E+0 2.359690E-1 5.952810E-2 2.573850E-3
 8.659370E+0 1.849910E+0 2.073390E+0 4.019940E-1 1.108410E-1 6.965890E-3
 1.120730E+1 2.350760E+0 2.941550E+0 6.176590E-1 1.979270E-1 1.739620E-2
 1.438830E+1 2.944300E+0 4.057150E+0 8.835380E-1 3.371120E-1 3.949040E-2
 1.832810E+1 3.639840E+0 5.479830E+0 1.197520E+0 5.464980E-1 8.069060E-2
 2.321550E+1 4.441120E+0 7.264130E+0 1.555710E+0 8.398060E-1 1.471330E-1
 2.930280E+1 5.365060E+0 9.495700E+0 1.961500E+0 1.235250E+0 2.423860E-1
 3.676940E+1 6.435040E+0 1.229560E+1 2.422210E+0 1.753010E+0 3.665590E-1
 4.598480E+1 7.670760E+0 1.576730E+1 2.945040E+0 2.418550E+0 5.171670E-1
 5.731100E+1 9.105090E+0 2.006790E+1 3.542950E+0 3.264600E+0 6.924520E-1
 1.766690E-1 2.000780E-2 4.214460E-3 1.186100E-5 1.816840E-4 5.849900E-8
 2.523510E-1 3.698840E-2 6.357880E-3 2.817850E-5 2.305050E-4 1.175540E-7
 3.638620E-1 6.554950E-2 1.020040E-2 7.101190E-5 3.153090E-4 2.545790E-7
 5.090100E-1 1.050740E-1 1.715470E-2 1.863380E-4 4.650760E-4 5.940510E-7
 7.050800E-1 1.569000E-1 2.986720E-2 5.026390E-4 7.361420E-4 1.486300E-6
 9.643000E-1 2.262280E-1 5.302970E-2 1.365870E-3 1.238350E-3 3.946020E-6
 1.324270E+0 3.150490E-1 9.501270E-2 3.686180E-3 2.186510E-3 1.096990E-5
 1.820070E+0 4.237000E-1 1.690620E-1 9.626900E-3 3.997970E-3 3.146390E-5
 2.388910E+0 5.478180E-1 2.916040E-1 2.353930E-2 7.484320E-3 9.183500E-5
 3.187990E+0 7.132380E-1 4.872730E-1 5.324420E-2 1.422620E-2 2.697360E-4
 4.228250E+0 9.341310E-1 7.797250E-1 1.096930E-1 2.712490E-2 7.847140E-4
 5.588330E+0 1.205510E+0 1.187820E+0 2.021130E-1 5.119120E-2 2.214160E-3
 7.510180E+0 1.581090E+0 1.769050E+0 3.424410E-1 9.457500E-2 5.944690E-3
 9.667550E+0 1.999020E+0 2.501130E+0 5.240720E-1 1.680210E-1 1.476910E-2
 1.237170E+1 2.493290E+0 3.440720E+0 7.470390E-1 2.849620E-1 3.338560E-2
 1.571640E+1 3.071810E+0 4.638080E+0 1.009460E+0 4.604840E-1 6.798150E-2
 1.986840E+1 3.737690E+0 6.139130E+0 1.308180E+0 7.059550E-1 1.236430E-1
 2.496540E+1 4.504080E+0 8.013890E+0 1.645800E+0 1.036270E+0 2.033010E-1
 3.131240E+1 5.378100E+0 1.033740E+1 2.023610E+0 1.464940E+0 3.060470E-1
 3.904450E+1 6.402700E+0 1.324620E+1 2.457570E+0 2.019820E+0 4.313200E-1
 4.851530E+1 7.599520E+0 1.685670E+1 2.956550E+0 2.726270E+0 5.776480E-1
 1.621890E-1 1.849600E-2 4.524430E-3 1.273250E-5 2.258120E-4 7.269950E-8
 2.453100E-1 3.635460E-2 6.505020E-3 2.884980E-5 2.692100E-4 1.372940E-7
 3.388720E-1 6.107680E-2 9.986150E-3 6.952860E-5 3.473480E-4 2.804410E-7
 4.701490E-1 9.777740E-2 1.621780E-2 1.763730E-4 4.848040E-4 6.192490E-7
 6.441870E-1 1.449440E-1 2.743330E-2 4.620140E-4 7.300010E-4 1.473970E-6
 8.734730E-1 2.057400E-1 4.762180E-2 1.228310E-3 1.176800E-3 3.750160E-6
 1.178990E+0 2.782480E-1 8.359500E-2 3.246160E-3 2.007740E-3 1.007400E-5
 1.568000E+0 3.648210E-1 1.456860E-1 8.295980E-3 3.577250E-3 2.815520E-5
 2.089990E+0 4.733500E-1 2.494940E-1 2.014480E-2 6.564340E-3 8.056660E-5
 2.769450E+0 6.138600E-1 4.135880E-1 4.529860E-2 1.226040E-2 2.326080E-4
 3.633650E+0 7.871340E-1 6.551980E-1 9.194180E-2 2.303140E-2 6.661530E-4
 4.726570E+0 1.010070E+0 9.926770E-1 1.685730E-1 4.296060E-2 1.858050E-3
 6.354550E+0 1.314510E+0 1.468430E+0 2.837690E-1 7.865370E-2 4.944710E-3
 8.135540E+0 1.651870E+0 2.067440E+0 4.320540E-1 1.387760E-1 1.219950E-2
 1.035240E+1 2.049750E+0 2.833330E+0 6.131180E-1 2.340670E-1 2.742120E-2
 1.309910E+1 2.514810E+0 3.808630E+0 8.254110E-1 3.766520E-1 5.559470E-2
 1.647060E+1 3.047050E+0 5.014450E+0 1.065810E+0 5.742030E-1 1.006880E-1
 2.068300E+1 3.662460E+0 6.549970E+0 1.337420E+0 8.420690E-1 1.651450E-1
 2.584590E+1 4.359840E+0 8.430940E+0 1.639750E+0 1.187470E+0 2.478840E-1
 3.217000E+1 5.176140E+0 1.078120E+1 1.986150E+0 1.632920E+0 3.485010E-1
 3.980730E+1 6.133560E+0 1.370320E+1 2.385720E+0 2.201890E+0 4.659670E-1
 1.565300E-1 1.803040E-2 5.035010E-3 1.416800E-5 3.059450E-4 9.835780E-8
 2.314350E-1 3.451240E-2 6.880550E-3 3.051860E-5 3.330730E-4 1.698340E-7
 3.161140E-1 5.748010E-2 1.006340E-2 7.008840E-5 4.008430E-4 3.236440E-7
 4.375700E-1 9.101250E-2 1.567950E-2 1.705960E-4 5.261170E-4 6.720310E-7
 5.921570E-1 1.334010E-1 2.566410E-2 4.325480E-4 7.494190E-4 1.513230E-6
 7.932550E-1 1.856200E-1 4.340640E-2 1.119970E-3 1.151030E-3 3.668370E-6
 1.055140E+0 2.467630E-1 7.450380E-2 2.888610E-3 1.886490E-3 9.466500E-6
 1.391430E+0 3.207410E-1 1.277260E-1 7.279130E-3 3.255400E-3 2.562460E-5
 1.839470E+0 4.125260E-1 2.155310E-1 1.740720E-2 5.831560E-3 7.158650E-5
 2.459680E+0 5.322670E-1 3.543900E-1 3.874030E-2 1.068890E-2 2.028140E-4
 3.154470E+0 6.726470E-1 5.559920E-1 7.799510E-2 1.976830E-2 5.719810E-4
 4.080660E+0 8.558970E-1 8.373870E-1 1.420720E-1 3.638900E-2 1.574250E-3
 5.404000E+0 1.098340E+0 1.225590E+0 2.364830E-1 6.590360E-2 4.143070E-3
 6.875660E+0 1.371200E+0 1.716860E+0 3.579600E-1 1.153240E-1 1.013840E-2
 8.703060E+0 1.692030E+0 2.342840E+0 5.054250E-1 1.932620E-1 2.264210E-2
 1.095540E+1 2.067020E+0 3.139210E+0 6.778370E-1 3.095090E-1 4.568400E-2
 1.371060E+1 2.494520E+0 4.120040E+0 8.717890E-1 4.697900E-1 8.238240E-2
 1.716430E+1 2.987220E+0 5.367250E+0 1.090280E+0 6.868280E-1 1.346050E-1
 2.136080E+1 3.552630E+0 6.903710E+0 1.335630E+0 9.677550E-1 2.019130E-1
 2.654620E+1 4.198880E+0 8.798220E+0 1.610730E+0 1.325240E+0 2.825590E-1
 3.283020E+1 4.955300E+0 1.114700E+1 1.927060E+0 1.779940E+0 3.763170E-1
 1.535550E-1 1.770340E-2 5.649770E-3 1.589840E-5 4.752270E-4 1.529980E-7
 2.201600E-1 3.269110E-2 7.396440E-3 3.280300E-5 4.274080E-4 2.179480E-7
 3.066730E-1 5.588650E-2 1.038270E-2 7.233240E-5 4.721890E-4 3.812450E-7
 4.214760E-1 8.766970E-2 1.557400E-2 1.695140E-4 5.829910E-4 7.448130E-7
 5.560130E-1 1.253920E-1 2.469720E-2 4.167440E-4 7.886360E-4 1.592430E-6
 7.386520E-1 1.725800E-1 4.074770E-2 1.052210E-3 1.158470E-3 3.692160E-6
 9.696950E-1 2.263780E-1 6.862830E-2 2.665850E-3 1.828890E-3 9.177660E-6
 1.300890E+0 2.962860E-1 1.162330E-1 6.630260E-3 3.062010E-3 2.410420E-5
 1.662490E+0 3.711810E-1 1.928130E-1 1.559350E-2 5.355760E-3 6.575270E-5
 2.194950E+0 4.684750E-1 3.123120E-1 3.411960E-2 9.639110E-3 1.829160E-4
 2.806550E+0 5.919470E-1 4.874860E-1 6.842240E-2 1.757560E-2 5.087020E-4
 3.624470E+0 7.466670E-1 7.287610E-1 1.236210E-1 3.199360E-2 1.384410E-3
 4.750320E+0 9.517660E-1 1.061500E+0 2.045860E-1 5.737210E-2 3.606970E-3
 6.014510E+0 1.182040E+0 1.480580E+0 3.081570E-1 9.965350E-2 8.761060E-3
 7.574830E+0 1.451570E+0 2.012570E+0 4.331870E-1 1.660000E-1 1.944840E-2
 9.489320E+0 1.766370E+0 2.687470E+0 5.788480E-1 2.645810E-1 3.905070E-2
 1.187100E+1 2.123750E+0 3.525000E+0 7.417860E-1 4.007160E-1 7.009070E-2
 1.473960E+1 2.534590E+0 4.559010E+0 9.248150E-1 5.816740E-1 1.141930E-1
 1.832940E+1 3.008540E+0 5.869650E+0 1.130780E+0 8.197560E-1 1.709400E-1
 2.263410E+1 3.548380E+0 7.463220E+0 1.360980E+0 1.121650E+0 2.387000E-1
 2.795060E+1 4.180040E+0 9.446310E+0 1.625380E+0 1.504510E+0 3.173170E-1
 1.524950E-1 1.753420E-2 6.545890E-3 1.842600E-5 0.000000E+6 0.000000E+6
 2.155670E-1 3.225740E-2 8.197700E-3 3.634670E-5 6.983900E-4 3.561490E-7
 2.973770E-1 5.396810E-2 1.100120E-2 7.664430E-5 6.077200E-4 4.906650E-7
 4.011570E-1 8.412040E-2 1.581550E-2 1.722160E-4 6.805760E-4 8.695370E-7
 5.297580E-1 1.190840E-1 2.415750E-2 4.076990E-4 8.610770E-4 1.738500E-6
 6.942230E-1 1.612510E-1 3.868570E-2 1.000170E-3 1.198700E-3 3.820420E-6
 9.195740E-1 2.122660E-1 6.374290E-2 2.479080E-3 1.809940E-3 9.083030E-6
 1.162990E+0 2.647370E-1 1.055660E-1 6.020390E-3 2.922600E-3 2.300850E-5
 1.510390E+0 3.317740E-1 1.732100E-1 1.399510E-2 4.968100E-3 6.099690E-5
 1.945410E+0 4.149810E-1 2.769910E-1 3.029140E-2 8.744600E-3 1.659490E-4
 2.526270E+0 5.225470E-1 4.281810E-1 6.014980E-2 1.568040E-2 4.539180E-4
 3.232880E+0 6.552410E-1 6.377860E-1 1.079730E-1 2.817230E-2 1.219160E-3
 4.164420E+0 8.226070E-1 9.176830E-1 1.766990E-1 4.994750E-2 3.140570E-3
 5.243900E+0 1.015710E+0 1.273520E+0 2.646370E-1 8.601480E-2 7.562400E-3
 6.572060E+0 1.241300E+0 1.723670E+0 3.702030E-1 1.422890E-1 1.667100E-2
 8.194970E+0 1.503860E+0 2.292630E+0 4.925690E-1 2.255460E-1 3.328770E-2
 1.021060E+1 1.801510E+0 2.997630E+0 6.289900E-1 3.401550E-1 5.948780E-2
 1.265410E+1 2.142150E+0 3.867650E+0 7.814580E-1 4.921300E-1 9.651820E-2
 1.566340E+1 2.534280E+0 4.954900E+0 9.524210E-1 6.898440E-1 1.439870E-1
 1.936860E+1 2.983710E+0 6.302020E+0 1.144160E+0 9.423030E-1 2.007030E-1
 2.375380E+1 3.507930E+0 7.961290E+0 1.363870E+0 1.263200E+0 2.662570E-1
 1.550500E-1 1.794200E-2 8.235340E-3 2.318300E-5 0.000000E+6 0.000000E+6
 2.127790E-1 3.178520E-2 9.652710E-3 4.280610E-5 0.000000E+6 0.000000E+6
 2.882110E-1 5.241760E-2 1.223020E-2 8.513760E-5 1.405590E-3 1.134720E-6
 3.851940E-1 8.020160E-2 1.665600E-2 1.813800E-4 9.332680E-4 1.192310E-6
 4.972050E-1 1.117040E-1 2.421350E-2 4.085810E-4 1.025200E-3 2.070130E-6
 6.425540E-1 1.489780E-1 3.718180E-2 9.616380E-4 1.308880E-3 4.171640E-6
 8.314960E-1 1.908870E-1 5.920450E-2 2.303530E-3 1.851650E-3 9.292760E-6
 1.060020E+0 2.382630E-1 9.570030E-2 5.460190E-3 2.840300E-3 2.236240E-5
 1.346970E+0 2.938280E-1 1.539560E-1 1.244410E-2 4.637820E-3 5.694780E-5
 1.748290E+0 3.652420E-1 2.429070E-1 2.656620E-2 7.912540E-3 1.501940E-4
 2.196120E+0 4.487350E-1 3.696040E-1 5.181990E-2 1.384970E-2 4.009300E-4
 2.803590E+0 5.591910E-1 5.446390E-1 9.213410E-2 2.442510E-2 1.057140E-3
 3.577960E+0 6.951940E-1 7.762670E-1 1.492930E-1 4.268200E-2 2.683710E-3
 4.465280E+0 8.524880E-1 1.069420E+0 2.220760E-1 7.281040E-2 6.401030E-3
 5.570290E+0 1.034500E+0 1.438920E+0 3.083750E-1 1.190850E-1 1.395270E-2
 6.901000E+0 1.245330E+0 1.902420E+0 4.076630E-1 1.871070E-1 2.761200E-2
 8.569300E+0 1.484650E+0 2.477580E+0 5.181820E-1 2.806650E-1 4.910030E-2
 1.058260E+1 1.758010E+0 3.190340E+0 6.410200E-1 4.046030E-1 7.921360E-2
 1.303870E+1 2.071650E+0 4.072610E+0 7.782820E-1 5.648970E-1 1.176880E-1
 1.603090E+1 2.433420E+0 5.160330E+0 9.329840E-1 7.688360E-1 1.636850E-1
 1.960630E+1 2.853200E+0 6.505520E+0 1.109170E+0 1.028070E+0 2.165340E-1
 1.623380E-1 1.864530E-2 1.143780E-2 3.224340E-5 0.000000E+6 0.000000E+6
 2.186100E-1 3.268320E-2 1.212880E-2 5.379590E-5 0.000000E+6 0.000000E+6
 2.895380E-1 5.267350E-2 1.427300E-2 9.944840E-5 0.000000E+6 0.000000E+6
 3.728450E-1 7.760890E-2 1.824830E-2 1.986240E-4 0.000000E+6 0.000000E+6
 4.683690E-1 9.713810E-2 2.515880E-2 4.247530E-4 1.472620E-3 2.974410E-6
 6.077320E-1 1.398720E-1 3.682740E-2 9.527400E-4 1.554360E-3 4.954240E-6
 7.711840E-1 1.754590E-1 5.636190E-2 2.194470E-3 1.995920E-3 1.001710E-5
 9.695440E-1 2.156370E-1 8.835790E-2 5.044970E-3 2.864440E-3 2.255310E-5
 1.228700E+0 2.632110E-1 1.388730E-1 1.122860E-2 4.450450E-3 5.465220E-5
 1.537880E+0 3.192270E-1 2.145210E-1 2.346530E-2 7.312530E-3 1.388160E-4
 1.928450E+0 3.897230E-1 3.219870E-1 4.506940E-2 1.243920E-2 3.601140E-4
 2.451140E+0 4.811210E-1 4.693040E-1 7.934100E-2 2.146210E-2 9.289920E-4
 3.096800E+0 5.919610E-1 6.618820E-1 1.271880E-1 3.686460E-2 2.318270E-3
 3.840690E+0 7.198640E-1 9.049160E-1 1.874750E-1 6.193850E-2 5.446050E-3
 4.743520E+0 8.690840E-1 1.209580E+0 2.590820E-1 1.006870E-1 1.179830E-2
 5.849030E+0 1.038450E+0 1.588060E+0 3.398390E-1 1.565330E-1 2.309220E-2
 7.196500E+0 1.233080E+0 2.062800E+0 4.302760E-1 2.334660E-1 4.084160E-2
 8.837700E+0 1.452200E+0 2.634420E+0 5.294820E-1 3.343910E-1 6.551160E-2
 1.088970E+1 1.703970E+0 3.360430E+0 6.400310E-1 4.648980E-1 9.682870E-2
 1.332750E+1 1.994260E+0 4.243750E+0 7.645020E-1 6.303630E-1 1.341600E-1
 1.629490E+1 2.329680E+0 5.331460E+0 9.055350E-1 8.385400E-1 1.768200E-1
 1.684210E-1 1.942070E-2 1.977870E-2 5.560770E-5 0.000000E+6 0.000000E+6
 2.302710E-1 3.428140E-2 1.600400E-2 7.102630E-5 0.000000E+6 0.000000E+6
 2.905370E-1 5.277910E-2 1.706260E-2 1.188390E-4 0.000000E+6 0.000000E+6
 3.714300E-1 7.716160E-2 2.046380E-2 2.228870E-4 0.000000E+6 0.000000E+6
 4.679060E-1 1.044370E-1 2.672840E-2 4.513590E-4 0.000000E+6 0.000000E+6
 5.865000E-1 1.341170E-1 3.748220E-2 9.696610E-4 2.133280E-3 6.799040E-6
 7.315900E-1 1.663060E-1 5.531680E-2 2.154370E-3 2.271230E-3 1.139820E-5
 9.310520E-1 2.038240E-1 8.425760E-2 4.813950E-3 2.998460E-3 2.360800E-5
 1.141860E+0 2.419010E-1 1.293430E-1 1.045960E-2 4.416220E-3 5.423120E-5
 1.413990E+0 2.902160E-1 1.963740E-1 2.147470E-2 6.985980E-3 1.326200E-4
 1.761980E+0 3.509680E-1 2.910020E-1 4.076980E-2 1.155610E-2 3.345600E-4
 2.190850E+0 4.271970E-1 4.182590E-1 7.069290E-2 1.952460E-2 8.451260E-4
 2.773050E+0 5.226700E-1 5.851970E-1 1.123710E-1 3.300760E-2 2.075750E-3
 3.415310E+0 6.310690E-1 7.943140E-1 1.643870E-1 5.478040E-2 4.816710E-3
 4.189830E+0 7.561920E-1 1.054910E+0 2.253980E-1 8.801450E-2 1.031290E-2
 5.133190E+0 8.998350E-1 1.378430E+0 2.944530E-1 1.360760E-1 2.007350E-2
 6.296200E+0 1.063770E+0 1.782800E+0 3.711210E-1 2.018570E-1 3.530970E-2
 7.687270E+0 1.248190E+0 2.270210E+0 4.550080E-1 2.874060E-1 5.637130E-2
 9.428580E+0 1.457950E+0 2.881730E+0 5.475590E-1 3.980370E-1 8.288750E-2
 1.146550E+1 1.703980E+0 3.633980E+0 6.531700E-1 5.390000E-1 1.146510E-1
 1.400750E+1 1.982000E+0 4.549240E+0 7.703550E-1 7.136340E-1 1.504200E-1
 1.776180E-1 2.081610E-2 0.000000E+6 0.000000E+6 0.000000E+6 0.000000E+6
 2.361890E-1 3.507930E-2 3.100870E-2 1.374530E-4 0.000000E+6 0.000000E+6
 3.011540E-1 5.498120E-2 2.277020E-2 1.586040E-4 0.000000E+6 0.000000E+6
 3.772460E-1 7.774990E-2 2.434890E-2 2.650900E-4 0.000000E+6 0.000000E+6
 4.667240E-1 1.033900E-1 2.962610E-2 5.003150E-4 0.000000E+6 0.000000E+6
 5.736800E-1 1.304410E-1 3.926970E-2 1.016180E-3 0.000000E+6 0.000000E+6
 7.030510E-1 1.578160E-1 5.550240E-2 2.161310E-3 3.207660E-3 1.609860E-5
 8.680090E-1 1.884250E-1 8.156050E-2 4.659030E-3 3.367630E-3 2.651570E-5
 1.065280E+0 2.239520E-1 1.218990E-1 9.866640E-3 4.540430E-3 5.576290E-5
 1.314490E+0 2.652850E-1 1.813000E-1 1.983200E-2 6.814190E-3 1.293630E-4
 1.610640E+0 3.166150E-1 2.641590E-1 3.698940E-2 1.087370E-2 3.148190E-4
 2.004590E+0 3.826350E-1 3.752520E-1 6.338130E-2 1.790660E-2 7.751360E-4
 2.484960E+0 4.620010E-1 5.184420E-1 9.949200E-2 2.969180E-2 1.867280E-3
 3.036430E+0 5.534270E-1 6.978150E-1 1.442710E-1 4.857010E-2 4.270670E-3
 3.704850E+0 6.585370E-1 9.202260E-1 1.963380E-1 7.715980E-2 9.040980E-3
 4.507750E+0 7.800220E-1 1.198120E+0 2.552850E-1 1.184380E-1 1.747700E-2
 5.489310E+0 9.159280E-1 1.537740E+0 3.195330E-1 1.742060E-1 3.046920E-2
 6.666340E+0 1.068520E+0 1.952680E+0 3.894720E-1 2.470480E-1 4.828550E-2
 8.101440E+0 1.243990E+0 2.459100E+0 4.672120E-1 3.399810E-1 7.078970E-2
 9.849020E+0 1.445450E+0 3.093240E+0 5.540260E-1 4.581520E-1 9.725480E-2
 1.199490E+1 1.678040E+0 3.860680E+0 6.521540E-1 6.045480E-1 1.273750E-1
 2.054550E-1 2.422910E-2 0.000000E+6 0.000000E+6 0.000000E+6 0.000000E+6
 2.549760E-1 3.880980E-2 0.000000E+6 0.000000E+6 0.000000E+6 0.000000E+6
 3.137000E-1 5.830170E-2 0.000000E+6 0.000000E+6 0.000000E+6 0.000000E+6
 4.077410E-1 8.378720E-2 3.585500E-2 3.904750E-4 0.000000E+6 0.000000E+6
 4.797070E-1 1.053600E-1 3.643100E-2 6.152710E-4 0.000000E+6 0.000000E+6
 5.777400E-1 1.299340E-1 4.388850E-2 1.135820E-3 0.000000E+6 0.000000E+6
 6.873210E-1 1.527370E-1 5.790530E-2 2.255440E-3 0.000000E+6 0.000000E+6
 8.419470E-1 1.803920E-1 8.097190E-2 4.626940E-3 6.695550E-3 5.272020E-5
 1.000390E+0 2.070360E-1 1.161960E-1 9.399680E-3 5.209320E-3 6.397920E-5
 1.220870E+0 2.421620E-1 1.677870E-1 1.836090E-2 6.935770E-3 1.316780E-4
 1.466210E+0 2.835480E-1 2.388930E-1 3.345160E-2 1.039700E-2 3.010390E-4
 1.798060E+0 3.377750E-1 3.331780E-1 5.624410E-2 1.645140E-2 7.120800E-4
 2.198650E+0 4.027080E-1 4.535070E-1 8.697290E-2 2.652870E-2 1.668410E-3
 2.658660E+0 4.773040E-1 6.032880E-1 1.246020E-1 4.252080E-2 3.739000E-3
 3.213360E+0 5.626770E-1 7.877930E-1 1.678630E-1 6.651560E-2 7.794300E-3
 3.876940E+0 6.611210E-1 1.017210E+0 2.164140E-1 1.008840E-1 1.488760E-2
 4.684900E+0 7.706400E-1 1.296060E+0 2.688510E-1 1.469700E-1 2.570730E-2
 5.662710E+0 8.950170E-1 1.637990E+0 3.261900E-1 2.070280E-1 4.051960E-2
 6.830080E+0 1.033750E+0 2.053290E+0 3.881890E-1 2.830880E-1 5.883420E-2
 8.294600E+0 1.194970E+0 2.566290E+0 4.579290E-1 3.786520E-1 8.038850E-2
 9.999400E+0 1.380370E+0 3.187870E+0 5.363970E-1 4.977720E-1 1.047360E-1
 2.534650E-1 3.028390E-2 0.000000E+6 0.000000E+6 0.000000E+6 0.000000E+6
 3.104420E-1 4.795040E-2 0.000000E+6 0.000000E+6 0.000000E+6 0.000000E+6
 3.714120E-1 6.961670E-2 0.000000E+6 0.000000E+6 0.000000E+6 0.000000E+6
 4.353340E-1 9.285330E-2 0.000000E+6 0.000000E+6 0.000000E+6 0.000000E+6
 5.081490E-1 1.115060E-1 6.109800E-2 1.032300E-3 0.000000E+6 0.000000E+6
 5.972150E-1 1.333480E-1 5.488200E-2 1.420460E-3 0.000000E+6 0.000000E+6
 6.919300E-1 1.520460E-1 6.454570E-2 2.514270E-3 0.000000E+6 0.000000E+6
 8.247350E-1 1.745350E-1 8.388410E-2 4.794560E-3 0.000000E+6 0.000000E+6
 9.615280E-1 1.952870E-1 1.143680E-1 9.257450E-3 0.000000E+6 0.000000E+6
 1.144950E+0 2.241250E-1 1.591700E-1 1.741880E-2 8.222510E-3 1.561220E-4
 1.371970E+0 2.594770E-1 2.205210E-1 3.088360E-2 1.049690E-2 3.039350E-4
 1.636630E+0 3.025700E-1 3.006550E-1 5.074410E-2 1.555140E-2 6.731850E-4
 1.968670E+0 3.554460E-1 4.020860E-1 7.706370E-2 2.413900E-2 1.518170E-3
 2.351970E+0 4.161830E-1 5.275040E-1 1.088470E-1 3.771600E-2 3.316470E-3
 2.811260E+0 4.854130E-1 6.809210E-1 1.449270E-1 5.792960E-2 6.788290E-3
 3.356620E+0 5.641260E-1 8.690200E-1 1.846990E-1 8.649110E-2 1.276270E-2
 4.024630E+0 6.530920E-1 1.099970E+0 2.278550E-1 1.248590E-1 2.184090E-2
 4.833150E+0 7.519180E-1 1.379730E+0 2.740130E-1 1.742490E-1 3.405820E-2
 5.804100E+0 8.634280E-1 1.717240E+0 3.241840E-1 2.362540E-1 4.917140E-2
 6.939730E+0 9.921820E-1 2.133700E+0 3.802190E-1 3.147720E-1 6.677530E-2
 8.325720E+0 1.140190E+0 2.637870E+0 4.430560E-1 4.117470E-1 8.652660E-2
 2.943090E-1 3.515090E-2 0.000000E+6 0.000000E+6 0.000000E+6 0.000000E+6
 3.539420E-1 5.459270E-2 0.000000E+6 0.000000E+6 0.000000E+6 0.000000E+6
 4.148960E-1 7.758590E-2 0.000000E+6 0.000000E+6 0.000000E+6 0.000000E+6
 4.759870E-1 1.011270E-1 0.000000E+6 0.000000E+6 0.000000E+6 0.000000E+6
 5.384100E-1 1.226500E-1 0.000000E+6 0.000000E+6 0.000000E+6 0.000000E+6
 6.418740E-1 1.421040E-1 9.871370E-2 2.555960E-3 0.000000E+6 0.000000E+6
 7.227310E-1 1.572480E-1 7.848580E-2 3.058120E-3 0.000000E+6 0.000000E+6
 8.291950E-1 1.738630E-1 9.128780E-2 5.218270E-3 0.000000E+6 0.000000E+6
 9.660380E-1 1.933530E-1 1.171690E-1 9.486620E-3 0.000000E+6 0.000000E+6
 1.115760E+0 2.150260E-1 1.561890E-1 1.709290E-2 0.000000E+6 0.000000E+6
 1.306010E+0 2.437810E-1 2.102320E-1 2.943340E-2 1.241310E-2 3.594340E-4
 1.535630E+0 2.801600E-1 2.804230E-1 4.731740E-2 1.549900E-2 6.709370E-4
 1.818360E+0 3.244080E-1 3.686090E-1 7.061190E-2 2.278060E-2 1.432850E-3
 2.147010E+0 3.754210E-1 4.770440E-1 9.836130E-2 3.457780E-2 3.040600E-3
 2.540380E+0 4.333850E-1 6.089330E-1 1.294840E-1 5.212840E-2 6.108530E-3
 3.004290E+0 4.992170E-1 7.698520E-1 1.634800E-1 7.680020E-2 1.133550E-2
 3.571500E+0 5.731910E-1 9.665020E-1 1.999730E-1 1.097320E-1 1.919410E-2
 4.257870E+0 6.551150E-1 1.203690E+0 2.387080E-1 1.518770E-1 2.968180E-2
 5.078150E+0 7.473840E-1 1.488590E+0 2.805780E-1 2.045110E-1 4.255590E-2
 6.031740E+0 8.538760E-1 1.839010E+0 3.271800E-1 2.708650E-1 5.744970E-2
 7.231980E+0 9.756170E-1 2.263150E+0 3.790470E-1 3.520780E-1 7.399120E-2
---