PdfType: central
Format: lhagrid1
---
 1.000000E-6 1.700000E-6 3.200000E-6 6.000000E-6 1.000000E-5 1.700000E-5 3.200000E-5 6.000000E-5 1.000000E-4 1.700000E-4 3.200000E-4 6.000000E-4 1.000000E-3 1.700000E-3 3.200000E-3 6.000000E-3 1.000000E-2 1.700000E-2 3.200000E-2 6.000000E-2 1.000000E-1
 3.162278E-1 3.981068E-1 5.011876E-1 6.309572E-1 7.943280E-1 1.000000E+0 1.258924E+0 1.584894E+0 1.995262E+0 2.511886E+0 3.162278E+0 3.981068E+0 5.011876E+0 6.309572E+0 7.943280E+0 1.000000E+1 1.258924E+1 1.584894E+1 1.995262E+1 2.511886E+1 3.162278E+1
900 901 917 918 920 921
 1.034700E+1 7.213320E-1 9.683440E-1 2.572790E-3 2.288250E-2 7.356770E-6
 1.553280E+1 1.430530E+0 1.589820E+0 6.692400E-3 3.977260E-2 2.023370E-5
 2.302760E+1 2.640830E+0 2.604580E+0 1.725530E-2 6.879700E-2 5.534360E-5
 3.357270E+1 4.555890E+0 4.247940E+0 4.407170E-2 1.182780E-1 1.502570E-4
 4.844930E+1 7.451470E+0 6.829560E+0 1.098140E-1 2.014270E-1 4.032210E-4
 6.868520E+1 1.146890E+1 1.084820E+1 2.672070E-1 3.427710E-1 1.082250E-3
 9.627000E+1 1.720370E+1 1.675490E+1 6.227540E-1 5.772630E-1 2.869580E-3
 1.478310E+2 2.768140E+1 2.694790E+1 1.472080E+0 9.998720E-1 7.802100E-3
 2.423360E+2 4.779380E+1 4.570490E+1 3.567370E+0 1.807380E+0 2.196940E-2
 3.618790E+2 7.488780E+1 7.271560E+1 7.748940E+0 3.218220E+0 6.052380E-2
 5.144410E+2 1.120530E+2 1.099990E+2 1.525710E+1 5.661720E+0 1.623260E-1
 7.057180E+2 1.607090E+2 1.587730E+2 2.714950E+1 9.676040E+0 4.144680E-1
 9.282090E+2 2.188590E+2 2.180870E+2 4.335850E+1 1.599320E+1 9.975050E-1
 1.182650E+3 2.861590E+2 2.879430E+2 6.341200E+1 2.529950E+1 2.213890E+0
 1.474370E+3 3.567930E+2 3.676380E+2 8.554630E+1 3.798980E+1 4.449010E+0
 1.774140E+3 4.211080E+2 4.514220E+2 1.067130E+2 5.399420E+1 7.994700E+0
 2.099440E+3 4.832060E+2 5.433030E+2 1.271640E+2 7.299310E+1 1.289870E+1
 2.439220E+3 5.363180E+2 6.393910E+2 1.448500E+2 9.408170E+1 1.871330E+1
 2.790470E+3 5.796020E+2 7.367820E+2 1.593660E+2 1.165190E+2 2.481140E+1
 3.160060E+3 6.126690E+2 8.405150E+2 1.705150E+2 1.399830E+2 3.049690E+1
 3.678120E+3 6.464860E+2 9.762780E+2 1.813420E+2 1.662210E+2 3.573780E+1
 1.113570E+1 8.017380E-1 9.128990E-1 2.441300E-3 2.038560E-2 6.556160E-6
 1.660620E+1 1.569360E+0 1.496600E+0 6.285150E-3 3.570100E-2 1.817490E-5
 2.443150E+1 2.892170E+0 2.452270E+0 1.630370E-2 6.206130E-2 4.997010E-5
 3.563710E+1 5.000160E+0 4.024510E+0 4.190260E-2 1.073220E-1 1.365640E-4
 5.123240E+1 8.073320E+0 6.521960E+0 1.053250E-1 1.840460E-1 3.693020E-4
 7.231920E+1 1.241850E+1 1.042410E+1 2.576590E-1 3.127450E-1 9.879170E-4
 1.007700E+2 1.843720E+1 1.627960E+1 6.073320E-1 5.316210E-1 2.644150E-3
 1.512580E+2 2.892360E+1 2.611550E+1 1.435060E+0 9.180110E-1 7.167540E-3
 2.378680E+2 4.731180E+1 4.341830E+1 3.390790E+0 1.643350E+0 2.001030E-2
 3.471240E+2 7.189550E+1 6.805270E+1 7.253310E+0 2.908070E+0 5.468280E-2
 4.875750E+2 1.062810E+2 1.025050E+2 1.426240E+1 5.084210E+0 1.459530E-1
 6.564410E+2 1.491550E+2 1.459570E+2 2.491810E+1 8.665130E+0 3.716660E-1
 8.558250E+2 2.021420E+2 1.993300E+2 3.974450E+1 1.426340E+1 8.904940E-1
 1.085240E+3 2.591790E+2 2.614070E+2 5.723130E+1 2.246820E+1 1.965710E+0
 1.345020E+3 3.196710E+2 3.315410E+2 7.644730E+1 3.356610E+1 3.927470E+0
 1.601930E+3 3.768520E+2 4.053190E+2 9.531660E+1 4.763760E+1 7.055330E+0
 1.908140E+3 4.284720E+2 4.877700E+2 1.125650E+2 6.412840E+1 1.132150E+1
 2.184860E+3 4.706840E+2 5.672320E+2 1.270150E+2 8.238370E+1 1.634570E+1
 2.467880E+3 5.058150E+2 6.485370E+2 1.390160E+2 1.017390E+2 2.159140E+1
 2.921880E+3 5.407160E+2 7.671850E+2 1.503240E+2 1.237360E+2 2.672540E+1
 3.221800E+3 5.595750E+2 8.519110E+2 1.569400E+2 1.442000E+2 3.090340E+1
 1.175650E+1 8.724780E-1 8.486900E-1 2.300870E-3 1.759340E-2 5.659310E-6
 1.752110E+1 1.711990E+0 1.388610E+0 5.846880E-3 3.108510E-2 1.583320E-5
 2.568820E+1 3.145830E+0 2.279420E+0 1.512120E-2 5.448760E-2 4.391220E-5
 3.712760E+1 5.361360E+0 3.746530E+0 3.905580E-2 9.475080E-2 1.206970E-4
 5.321320E+1 8.657280E+0 6.111850E+0 9.877760E-2 1.636080E-1 3.290510E-4
 7.474400E+1 1.321940E+1 9.803660E+0 2.429610E-1 2.799260E-1 8.859520E-4
 1.038410E+2 1.946800E+1 1.543040E+1 5.789140E-1 4.764500E-1 2.370540E-3
 1.516140E+2 2.965470E+1 2.463770E+1 1.358400E+0 8.228440E-1 6.424100E-3
 2.296720E+2 4.655110E+1 4.039300E+1 3.171940E+0 1.457040E+0 1.774960E-2
 3.281290E+2 6.868070E+1 6.266570E+1 6.719620E+0 2.561100E+0 4.823290E-2
 4.533990E+2 9.906790E+1 9.328090E+1 1.299410E+1 4.446410E+0 1.277110E-1
 6.034270E+2 1.361270E+2 1.317970E+2 2.248050E+1 7.541890E+0 3.239220E-1
 7.803480E+2 1.822620E+2 1.788060E+2 3.549690E+1 1.234340E+1 7.711070E-1
 9.798110E+2 2.306780E+2 2.318870E+2 5.061300E+1 1.939430E+1 1.698110E+0
 1.188200E+3 2.805810E+2 2.911860E+2 6.687500E+1 2.892650E+1 3.383560E+0
 1.419300E+3 3.283190E+2 3.549160E+2 8.285460E+1 4.094970E+1 6.071290E+0
 1.660490E+3 3.681620E+2 4.222440E+2 9.660790E+1 5.480320E+1 9.662180E+0
 1.896170E+3 4.017610E+2 4.886950E+2 1.083160E+2 7.002540E+1 1.388410E+1
 2.157330E+3 4.302200E+2 5.612290E+2 1.181380E+2 8.633600E+1 1.828570E+1
 2.420900E+3 4.506900E+2 6.354710E+2 1.253150E+2 1.030240E+2 2.230740E+1
 2.769720E+3 4.709030E+2 7.265600E+2 1.320340E+2 1.215330E+2 2.597050E+1
 1.211940E+1 9.235360E-1 7.761270E-1 2.130060E-3 1.494530E-2 4.808330E-6
 1.799080E+1 1.811030E+0 1.286280E+0 5.468100E-3 2.670440E-2 1.360630E-5
 2.640040E+1 3.338480E+0 2.109840E+0 1.402210E-2 4.731230E-2 3.815200E-5
 3.793400E+1 5.605920E+0 3.460520E+0 3.600150E-2 8.299050E-2 1.058200E-4
 5.424070E+1 9.085930E+0 5.674360E+0 9.216230E-2 1.445170E-1 2.909760E-4
 7.580340E+1 1.376060E+1 9.149580E+0 2.277470E-1 2.492150E-1 7.907660E-4
 1.044960E+2 2.001200E+1 1.447900E+1 5.448650E-1 4.255020E-1 2.120510E-3
 1.493930E+2 2.946110E+1 2.298200E+1 1.269430E+0 7.311540E-1 5.708420E-3
 2.200220E+2 4.487810E+1 3.717130E+1 2.926270E+0 1.283700E+0 1.563940E-2
 3.088690E+2 6.488480E+1 5.717290E+1 6.142390E+0 2.245170E+0 4.230270E-2
 4.198260E+2 9.173600E+1 8.440010E+1 1.179720E+1 3.884140E+0 1.117230E-1
 5.507790E+2 1.239520E+2 1.182600E+2 2.019150E+1 6.538100E+0 2.809660E-1
 7.064100E+2 1.633190E+2 1.591340E+2 3.154190E+1 1.068470E+1 6.678050E-1
 8.748910E+2 2.040180E+2 2.049900E+2 4.450780E+1 1.668780E+1 1.461350E+0
 1.057500E+3 2.454190E+2 2.556120E+2 5.828040E+1 2.482500E+1 2.904610E+0
 1.244410E+3 2.835330E+2 3.087960E+2 7.139820E+1 3.501500E+1 5.181170E+0
 1.443300E+3 3.155650E+2 3.645860E+2 8.270530E+1 4.672530E+1 8.223030E+0
 1.644550E+3 3.432660E+2 4.219120E+2 9.247000E+1 5.958880E+1 1.179230E+1
 1.879780E+3 3.653530E+2 4.846920E+2 1.002520E+2 7.325370E+1 1.546800E+1
 2.082830E+3 3.816840E+2 5.432510E+2 1.060980E+2 8.732020E+1 1.885860E+1
 2.360130E+3 3.962830E+2 6.164020E+2 1.110920E+2 1.024210E+2 2.183370E+1
 1.224810E+1 9.569950E-1 7.114600E-1 1.960630E-3 1.297220E-2 4.173930E-6
 1.827120E+1 1.882490E+0 1.198820E+0 5.156900E-3 2.333980E-2 1.189280E-5
 2.659240E+1 3.424360E+0 1.972730E+0 1.313290E-2 4.173930E-2 3.366910E-5
 3.830060E+1 5.824680E+0 3.233100E+0 3.363930E-2 7.392940E-2 9.431830E-5
 5.386860E+1 9.170750E+0 5.281550E+0 8.561920E-2 1.294930E-1 2.609050E-4
 7.520400E+1 1.399400E+1 8.582420E+0 2.139120E-1 2.251560E-1 7.154200E-4
 1.035380E+2 2.010320E+1 1.361950E+1 5.135950E-1 3.867260E-1 1.930570E-3
 1.460020E+2 2.932940E+1 2.164450E+1 1.199970E+0 6.631870E-1 5.181180E-3
 2.109060E+2 4.319660E+1 3.454770E+1 2.727760E+0 1.153810E+0 1.405950E-2
 2.901780E+2 6.132310E+1 5.275640E+1 5.669610E+0 2.007910E+0 3.784040E-2
 3.916560E+2 8.523570E+1 7.735270E+1 1.078490E+1 3.464070E+0 9.971230E-2
 5.087630E+2 1.146330E+2 1.079610E+2 1.848830E+1 5.832810E+0 2.513210E-1
 6.444550E+2 1.484350E+2 1.439540E+2 2.846570E+1 9.476220E+0 5.932670E-1
 7.933190E+2 1.839980E+2 1.843410E+2 3.996480E+1 1.476470E+1 1.294740E+0
 9.498920E+2 2.193170E+2 2.287740E+2 5.191370E+1 2.189060E+1 2.561710E+0
 1.116880E+3 2.506070E+2 2.748580E+2 6.298680E+1 3.074460E+1 4.541560E+0
 1.298950E+3 2.785640E+2 3.246420E+2 7.288750E+1 4.096010E+1 7.200420E+0
 1.484040E+3 3.014630E+2 3.755470E+2 8.111130E+1 5.214670E+1 1.030180E+1
 1.660400E+3 3.196110E+2 4.274250E+2 8.765850E+1 6.411400E+1 1.349610E+1
 1.844940E+3 3.326190E+2 4.779550E+2 9.242830E+1 7.612080E+1 1.640860E+1
 2.076500E+3 3.442530E+2 5.395410E+2 9.648900E+1 8.903850E+1 1.894860E+1
 1.223260E+1 9.778020E-1 6.415690E-1 1.774060E-3 1.115910E-2 3.590750E-6
 1.819260E+1 1.904780E+0 1.099740E+0 4.773940E-3 2.013780E-2 1.026280E-5
 2.663000E+1 3.473210E+0 1.834570E+0 1.232410E-2 3.623390E-2 2.923270E-5
 3.779600E+1 5.895660E+0 3.000200E+0 3.121460E-2 6.485030E-2 8.276330E-5
 5.326260E+1 9.256200E+0 4.906720E+0 7.956020E-2 1.148400E-1 2.315700E-4
 7.408680E+1 1.389290E+1 7.968920E+0 1.986340E-1 2.007720E-1 6.384000E-4
 1.014730E+2 1.986680E+1 1.270480E+1 4.786770E-1 3.480870E-1 1.740870E-3
 1.410850E+2 2.849180E+1 2.012780E+1 1.118030E+0 5.975210E-1 4.676770E-3
 2.001760E+2 4.140700E+1 3.185390E+1 2.525010E+0 1.031340E+0 1.257290E-2
 2.716930E+2 5.756410E+1 4.827590E+1 5.205550E+0 1.787010E+0 3.369880E-2
 3.616590E+2 7.878640E+1 7.024310E+1 9.813820E+0 3.061700E+0 8.812550E-2
 4.661910E+2 1.039440E+2 9.727630E+1 1.659590E+1 5.136100E+0 2.210490E-1
 5.859600E+2 1.342110E+2 1.293790E+2 2.559560E+1 8.342890E+0 5.227130E-1
 7.162590E+2 1.650540E+2 1.651600E+2 3.570200E+1 1.296700E+1 1.136860E+0
 8.505610E+2 1.951490E+2 2.035580E+2 4.610980E+1 1.919130E+1 2.249820E+0
 1.007660E+3 2.213490E+2 2.445740E+2 5.552620E+1 2.688510E+1 3.974480E+0
 1.144240E+3 2.440440E+2 2.853320E+2 6.381790E+1 3.570420E+1 6.281000E+0
 1.330230E+3 2.630080E+2 3.328650E+2 7.067850E+1 4.536670E+1 8.944570E+0
 1.439600E+3 2.770110E+2 3.698310E+2 7.597580E+1 5.555470E+1 1.168960E+1
 1.669820E+3 2.903300E+2 4.271160E+2 8.061480E+1 6.653500E+1 1.426430E+1
 1.827250E+3 2.975080E+2 4.712760E+2 8.336940E+1 7.703770E+1 1.636180E+1
 1.206670E+1 9.827050E-1 5.596200E-1 1.552290E-3 9.315710E-3 2.997870E-6
 1.798140E+1 1.940930E+0 9.734790E-1 4.244670E-3 1.682340E-2 8.574280E-6
 2.607990E+1 3.505940E+0 1.659170E+0 1.129980E-2 3.035600E-2 2.449110E-5
 3.715400E+1 5.885190E+0 2.745890E+0 2.883670E-2 5.461950E-2 6.973030E-5
 5.217010E+1 9.294920E+0 4.477030E+0 7.259290E-2 9.778320E-2 1.972690E-4
 7.224850E+1 1.395920E+1 7.275710E+0 1.820560E-1 1.733210E-1 5.515600E-4
 9.735090E+1 1.945450E+1 1.160190E+1 4.382210E-1 3.035540E-1 1.519740E-3
 1.342250E+2 2.757370E+1 1.829350E+1 1.018840E+0 5.241510E-1 4.110190E-3
 1.856550E+2 3.868360E+1 2.867430E+1 2.271120E+0 9.002580E-1 1.098390E-2
 2.501650E+2 5.297000E+1 4.327820E+1 4.673760E+0 1.549340E+0 2.923290E-2
 3.268430E+2 7.111520E+1 6.243270E+1 8.727740E+0 2.641280E+0 7.607770E-2
 4.182440E+2 9.296050E+1 8.598160E+1 1.470900E+1 4.423760E+0 1.906780E-1
 5.189000E+2 1.178780E+2 1.133220E+2 2.231000E+1 7.154850E+0 4.482260E-1
 6.323260E+2 1.435720E+2 1.437740E+2 3.091540E+1 1.108130E+1 9.721220E-1
 7.467620E+2 1.678790E+2 1.760720E+2 3.956560E+1 1.637990E+1 1.920370E+0
 8.672130E+2 1.898240E+2 2.101250E+2 4.755790E+1 2.286470E+1 3.381930E+0
 9.939820E+2 2.079830E+2 2.454730E+2 5.432740E+1 3.031140E+1 5.324240E+0
 1.113880E+3 2.227830E+2 2.807760E+2 5.987970E+1 3.838310E+1 7.570390E+0
 1.246660E+3 2.338710E+2 3.163600E+2 6.410960E+1 4.681870E+1 9.846090E+0
 1.387590E+3 2.424540E+2 3.551760E+2 6.733170E+1 5.553360E+1 1.191970E+1
 1.549200E+3 2.492950E+2 3.971790E+2 6.984900E+1 6.458650E+1 1.370080E+1
 1.190240E+1 1.007030E+0 4.793360E-1 1.333240E-3 7.783440E-3 2.504990E-6
 1.752250E+1 1.954590E+0 8.455010E-1 3.698370E-3 1.405860E-2 7.165830E-6
 2.549800E+1 3.543930E+0 1.467960E+0 1.006310E-2 2.537530E-2 2.047720E-5
 3.607070E+1 5.812900E+0 2.479430E+0 2.636230E-2 4.575390E-2 5.841530E-5
 5.021170E+1 8.989420E+0 4.076570E+0 6.628960E-2 8.227840E-2 1.660420E-4
 6.927500E+1 1.341970E+1 6.602640E+0 1.644680E-1 1.472210E-1 4.687850E-4
 9.351710E+1 1.898480E+1 1.051820E+1 3.971980E-1 2.608340E-1 1.306860E-3
 1.269390E+2 2.640290E+1 1.657050E+1 9.228090E-1 4.551080E-1 3.574850E-3
 1.727530E+2 3.624930E+1 2.572930E+1 2.044130E+0 7.821990E-1 9.567120E-3
 2.289110E+2 4.870480E+1 3.850750E+1 4.170300E+0 1.339220E+0 2.526800E-2
 2.970610E+2 6.456500E+1 5.522090E+1 7.733670E+0 2.276550E+0 6.559040E-2
 3.746690E+2 8.282570E+1 7.558970E+1 1.290110E+1 3.793410E+0 1.634930E-1
 4.601320E+2 1.034980E+2 9.895730E+1 1.945140E+1 6.118620E+0 3.838150E-1
 5.577580E+2 1.248930E+2 1.250460E+2 2.676780E+1 9.470610E+0 8.310570E-1
 6.581750E+2 1.451910E+2 1.527620E+2 3.407000E+1 1.390710E+1 1.629650E+0
 7.582150E+2 1.623940E+2 1.811070E+2 4.058650E+1 1.938660E+1 2.862690E+0
 8.560510E+2 1.766320E+2 2.098000E+2 4.608210E+1 2.559950E+1 4.495440E+0
 9.565180E+2 1.885900E+2 2.393300E+2 5.065730E+1 3.243010E+1 6.385800E+0
 1.062520E+3 1.972700E+2 2.691440E+2 5.404660E+1 3.946980E+1 8.282050E+0
 1.185100E+3 2.040040E+2 3.010250E+2 5.663690E+1 4.673070E+1 1.001620E+1
 1.318090E+3 2.090920E+2 3.355280E+2 5.857500E+1 5.421280E+1 1.148310E+1
 1.160680E+1 1.000970E+0 4.186450E-1 1.165970E-3 6.725170E-3 2.164310E-6
 1.715430E+1 1.945290E+0 7.433690E-1 3.259700E-3 1.214840E-2 6.192680E-6
 2.480770E+1 3.464720E+0 1.304540E+0 8.965380E-3 2.192960E-2 1.769710E-5
 3.522070E+1 5.853680E+0 2.247060E+0 2.405230E-2 3.954410E-2 5.049260E-5
 4.888480E+1 8.944720E+0 3.746790E+0 6.146500E-2 7.120370E-2 1.437170E-4
 6.646940E+1 1.295020E+1 6.076600E+0 1.518060E-1 1.277880E-1 4.070340E-4
 8.962900E+1 1.840490E+1 9.717450E+0 3.664050E-1 2.279320E-1 1.142620E-3
 1.203090E+2 2.507960E+1 1.519130E+1 8.450700E-1 4.017870E-1 3.157620E-3
 1.621240E+2 3.399570E+1 2.346490E+1 1.865990E+0 6.949890E-1 8.512070E-3
 2.129840E+2 4.508730E+1 3.487650E+1 3.775780E+0 1.187300E+0 2.243760E-2
 2.722210E+2 5.859230E+1 4.968880E+1 6.954520E+0 2.013710E+0 5.801810E-2
 3.419950E+2 7.483010E+1 6.778190E+1 1.154570E+1 3.344960E+0 1.442250E-1
 4.173780E+2 9.278310E+1 8.827070E+1 1.731330E+1 5.381340E+0 3.373470E-1
 4.982460E+2 1.110270E+2 1.109730E+2 2.370400E+1 8.306770E+0 7.296630E-1
 5.849690E+2 1.278730E+2 1.348290E+2 2.995550E+1 1.216080E+1 1.424080E+0
 6.744430E+2 1.426470E+2 1.596310E+2 3.559290E+1 1.689380E+1 2.495650E+0
 7.613080E+2 1.547440E+2 1.847240E+2 4.032660E+1 2.231940E+1 3.916500E+0
 8.593980E+2 1.640090E+2 2.109660E+2 4.400440E+1 2.815040E+1 5.532480E+0
 9.610740E+2 1.719220E+2 2.376890E+2 4.706020E+1 3.431850E+1 7.188690E+0
 1.067280E+3 1.777460E+2 2.668360E+2 4.931660E+1 4.072660E+1 8.699480E+0
 1.152790E+3 1.811430E+2 2.918990E+2 5.073940E+1 4.697070E+1 9.942180E+0
 1.132290E+1 9.935760E-1 3.622390E-1 1.010600E-3 5.778020E-3 1.859430E-6
 1.659940E+1 1.921250E+0 6.456990E-1 2.835020E-3 1.043810E-2 5.320700E-6
 2.392660E+1 3.421210E+0 1.141620E+0 7.867890E-3 1.884420E-2 1.520850E-5
 3.385330E+1 5.679260E+0 1.989410E+0 2.137630E-2 3.398130E-2 4.339450E-5
 4.721520E+1 8.889680E+0 3.388630E+0 5.621910E-2 6.119460E-2 1.235240E-4
 6.387800E+1 1.295770E+1 5.571290E+0 1.399500E-1 1.099280E-1 3.502140E-4
 8.529300E+1 1.749930E+1 8.880530E+0 3.343130E-1 1.966610E-1 9.862860E-4
 1.137580E+2 2.389850E+1 1.391460E+1 7.754380E-1 3.490130E-1 2.744770E-3
 1.506050E+2 3.167120E+1 2.125830E+1 1.688000E+0 6.096880E-1 7.473550E-3
 1.955220E+2 4.153670E+1 3.141240E+1 3.404650E+0 1.045580E+0 1.978850E-2
 2.489170E+2 5.334680E+1 4.454930E+1 6.234420E+0 1.767380E+0 5.095550E-2
 3.090130E+2 6.729090E+1 6.032580E+1 1.027950E+1 2.923090E+0 1.259750E-1
 3.756180E+2 8.254070E+1 7.835460E+1 1.531800E+1 4.691200E+0 2.941560E-1
 4.472960E+2 9.816580E+1 9.805610E+1 2.088650E+1 7.221640E+0 6.341620E-1
 5.183850E+2 1.120780E+2 1.185910E+2 2.620800E+1 1.057000E+1 1.237770E+0
 5.973380E+2 1.242670E+2 1.397980E+2 3.097000E+1 1.464910E+1 2.163730E+0
 6.740210E+2 1.345330E+2 1.614550E+2 3.502820E+1 1.933970E+1 3.392920E+0
 7.439920E+2 1.420720E+2 1.828400E+2 3.811110E+1 2.434750E+1 4.782480E+0
 8.207200E+2 1.482580E+2 2.048680E+2 4.058750E+1 2.961140E+1 6.199550E+0
 9.074720E+2 1.525010E+2 2.268180E+2 4.232450E+1 3.491780E+1 7.474040E+0
 1.002550E+3 1.559820E+2 2.524880E+2 4.368700E+1 4.045470E+1 8.557980E+0
 1.095000E+1 9.811230E-1 3.041040E-1 8.491880E-4 4.820950E-3 1.551490E-6
 1.599230E+1 1.899920E+0 5.430640E-1 2.388530E-3 8.709620E-3 4.439630E-6
 2.288120E+1 3.338100E+0 9.640160E-1 6.654660E-3 1.572510E-2 1.269180E-5
 3.212900E+1 5.519000E+0 1.692380E+0 1.822570E-2 2.836210E-2 3.621790E-5
 4.439530E+1 8.523330E+0 2.925430E+0 4.876910E-2 5.107270E-2 1.031030E-4
 6.026080E+1 1.237540E+1 4.913030E+0 1.248570E-1 9.177370E-2 2.923990E-4
 8.036330E+1 1.675220E+1 7.930830E+0 3.003420E-1 1.642880E-1 8.241890E-4
 1.056200E+2 2.231370E+1 1.239970E+1 6.915580E-1 2.924040E-1 2.300520E-3
 1.373990E+2 2.909510E+1 1.879950E+1 1.493710E+0 5.150480E-1 6.316900E-3
 1.760100E+2 3.734740E+1 2.757730E+1 2.989050E+0 8.910720E-1 1.688580E-2
 2.222690E+2 4.743360E+1 3.893260E+1 5.447290E+0 1.508930E+0 4.357420E-2
 2.737110E+2 5.898530E+1 5.250350E+1 8.925600E+0 2.491360E+0 1.074630E-1
 3.305970E+2 7.183240E+1 6.783440E+1 1.324080E+1 3.982070E+0 2.495970E-1
 3.903710E+2 8.427600E+1 8.428180E+1 1.784850E+1 6.116950E+0 5.366850E-1
 4.497000E+2 9.582780E+1 1.014990E+2 2.233920E+1 8.937500E+0 1.046120E+0
 5.131150E+2 1.055170E+2 1.191940E+2 2.625470E+1 1.236720E+1 1.824380E+0
 5.788920E+2 1.136020E+2 1.372010E+2 2.954750E+1 1.627650E+1 2.853090E+0
 6.538930E+2 1.198600E+2 1.565090E+2 3.211010E+1 2.047770E+1 4.018530E+0
 7.292330E+2 1.251320E+2 1.766600E+2 3.421340E+1 2.495240E+1 5.207480E+0
 7.877790E+2 1.279370E+2 1.939830E+2 3.548310E+1 2.930450E+1 6.254430E+0
 8.534870E+2 1.304050E+2 2.126300E+2 3.651690E+1 3.383930E+1 7.150290E+0
 1.051060E+1 9.526020E-1 2.553980E-1 7.139430E-4 4.026090E-3 1.295750E-6
 1.536220E+1 1.863000E+0 4.566560E-1 2.011230E-3 7.274920E-3 3.708370E-6
 2.168830E+1 3.259410E+0 8.114540E-1 5.610530E-3 1.313490E-2 1.060120E-5
 3.071230E+1 5.384950E+0 1.429850E+0 1.544100E-2 2.369440E-2 3.025960E-5
 4.195620E+1 8.138640E+0 2.484090E+0 4.149560E-2 4.267380E-2 8.614600E-5
 5.633740E+1 1.164330E+1 4.227450E+0 1.080850E-1 7.667890E-2 2.443230E-4
 7.524140E+1 1.583740E+1 6.958560E+0 2.661020E-1 1.372990E-1 6.888220E-4
 9.709790E+1 2.049560E+1 1.094450E+1 6.102650E-1 2.444200E-1 1.923620E-3
 1.245920E+2 2.596410E+1 1.653920E+1 1.309510E+0 4.315020E-1 5.294840E-3
 1.587100E+2 3.339740E+1 2.417030E+1 2.616570E+0 7.510730E-1 1.424140E-2
 1.980090E+2 4.166960E+1 3.388910E+1 4.723020E+0 1.278720E+0 3.696430E-2
 2.420990E+2 5.157620E+1 4.544700E+1 7.718430E+0 2.113400E+0 9.124190E-2
 2.903300E+2 6.198020E+1 5.839910E+1 1.135110E+1 3.376120E+0 2.116660E-1
 3.382590E+2 7.223220E+1 7.227960E+1 1.524160E+1 5.172640E+0 4.537330E-1
 3.911860E+2 8.160800E+1 8.669390E+1 1.897480E+1 7.539480E+0 8.821130E-1
 4.462850E+2 8.955860E+1 1.018070E+2 2.223540E+1 1.041960E+1 1.536310E+0
 4.946160E+2 9.590940E+1 1.163620E+2 2.492220E+1 1.368730E+1 2.398910E+0
 5.499960E+2 1.007530E+2 1.315930E+2 2.698840E+1 1.719120E+1 3.372840E+0
 6.217250E+2 1.049480E+2 1.490540E+2 2.868480E+1 2.092330E+1 4.360660E+0
 6.721780E+2 1.063280E+2 1.637650E+2 2.947820E+1 2.455740E+1 5.186970E+0
 7.230450E+2 1.090630E+2 1.788860E+2 3.053620E+1 2.832880E+1 5.975250E+0
 1.021970E+1 9.408720E-1 2.216040E-1 6.203010E-4 3.478220E-3 1.119400E-6
 1.474670E+1 1.795960E+0 3.962690E-1 1.746900E-3 6.284570E-3 3.203740E-6
 2.099830E+1 3.206160E+0 7.045240E-1 4.874010E-3 1.134820E-2 9.158780E-6
 2.920300E+1 5.210940E+0 1.243170E+0 1.344030E-2 2.047060E-2 2.614350E-5
 3.952560E+1 7.786390E+0 2.165820E+0 3.627640E-2 3.687190E-2 7.443890E-5
 5.327600E+1 1.100910E+1 3.701570E+0 9.485730E-2 6.625780E-2 2.111310E-4
 6.999620E+1 1.486610E+1 6.153580E+0 2.371090E-1 1.186400E-1 5.952350E-4
 9.096640E+1 1.932740E+1 9.812120E+0 5.510880E-1 2.112500E-1 1.662810E-3
 1.162440E+2 2.446480E+1 1.491640E+1 1.183500E+0 3.729490E-1 4.577900E-3
 1.458390E+2 3.048210E+1 2.169760E+1 2.340160E+0 6.499720E-1 1.232860E-2
 1.799110E+2 3.761340E+1 3.019690E+1 4.212200E+0 1.110690E+0 3.212480E-2
 2.178040E+2 4.610120E+1 4.033860E+1 6.834940E+0 1.843130E+0 7.964830E-2
 2.587250E+2 5.488850E+1 5.158990E+1 9.995590E+0 2.946470E+0 1.848700E-1
 3.018770E+2 6.353860E+1 6.363000E+1 1.336160E+1 4.506750E+0 3.953370E-1
 3.490810E+2 7.159050E+1 7.625710E+1 1.659900E+1 6.559270E+0 7.674010E-1
 3.927490E+2 7.810060E+1 8.887510E+1 1.937360E+1 9.048160E+0 1.334590E+0
 4.392970E+2 8.337070E+1 1.017440E+2 2.164760E+1 1.187590E+1 2.078710E+0
 4.817460E+2 8.739240E+1 1.144100E+2 2.340380E+1 1.489660E+1 2.921680E+0
 5.421330E+2 9.090910E+1 1.293170E+2 2.484320E+1 1.810290E+1 3.775100E+0
 5.853020E+2 9.291180E+1 1.421180E+2 2.575970E+1 2.128570E+1 4.534860E+0
 6.289540E+2 9.431540E+1 1.549490E+2 2.640550E+1 2.448650E+1 5.167430E+0
 9.888580E+0 9.264670E-1 1.907060E-1 5.346420E-4 0.000000E+6 0.000000E+6
 1.421810E+1 1.773680E+0 3.419660E-1 1.508740E-3 5.398020E-3 2.751770E-6
 2.004360E+1 3.101820E+0 6.081500E-1 4.211730E-3 9.747320E-3 7.867520E-6
 2.756830E+1 4.907900E+0 1.073590E+0 1.161800E-2 1.758520E-2 2.245850E-5
 3.726800E+1 7.365300E+0 1.872660E+0 3.140460E-2 3.167590E-2 6.395080E-5
 4.955140E+1 1.035050E+1 3.207670E+0 8.231060E-2 5.692580E-2 1.814040E-4
 6.500310E+1 1.384760E+1 5.356350E+0 2.067590E-1 1.019330E-1 5.114760E-4
 8.391050E+1 1.794640E+1 8.616850E+0 4.872320E-1 1.815200E-1 1.428850E-3
 1.064720E+2 2.218850E+1 1.321080E+1 1.051720E+0 3.205120E-1 3.934920E-3
 1.320200E+2 2.748800E+1 1.925320E+1 2.075760E+0 5.586830E-1 1.060060E-2
 1.622220E+2 3.368420E+1 2.677230E+1 3.721240E+0 9.554440E-1 2.764430E-2
 1.953730E+2 4.075900E+1 3.554790E+1 6.002610E+0 1.589870E+0 6.876420E-2
 2.311230E+2 4.822670E+1 4.532400E+1 8.752410E+0 2.548060E+0 1.600000E-1
 2.674180E+2 5.552980E+1 5.569600E+1 1.164690E+1 3.898540E+0 3.421790E-1
 3.058590E+2 6.200860E+1 6.636500E+1 1.436880E+1 5.666850E+0 6.629470E-1
 3.440350E+2 6.770970E+1 7.725600E+1 1.678370E+1 7.823490E+0 1.153390E+0
 3.834360E+2 7.205790E+1 8.834390E+1 1.869520E+1 1.023920E+1 1.792010E+0
 4.277140E+2 7.555970E+1 9.980020E+1 2.021680E+1 1.284790E+1 2.517630E+0
 4.719180E+2 7.825410E+1 1.116960E+2 2.138040E+1 1.557980E+1 3.247550E+0
 5.099460E+2 7.991900E+1 1.227320E+2 2.215420E+1 1.830770E+1 3.898670E+0
 5.457150E+2 8.119230E+1 1.339390E+2 2.272920E+1 2.109210E+1 4.446910E+0
 9.589020E+0 9.171160E-1 1.596890E-1 4.482610E-4 0.000000E+6 0.000000E+6
 1.362800E+1 1.726470E+0 2.857620E-1 1.263080E-3 0.000000E+6 0.000000E+6
 1.883350E+1 2.923310E+0 5.100460E-1 3.536720E-3 8.131530E-3 6.563350E-6
 2.593760E+1 4.681020E+0 9.004690E-1 9.754140E-3 1.467030E-2 1.873540E-5
 3.465640E+1 6.933780E+0 1.572120E+0 2.639200E-2 2.642760E-2 5.335530E-5
 4.580050E+1 9.746310E+0 2.697890E+0 6.937490E-2 4.749420E-2 1.513490E-4
 5.952460E+1 1.279400E+1 4.513400E+0 1.745380E-1 8.505370E-2 4.267890E-4
 7.587730E+1 1.613180E+1 7.295710E+0 4.137190E-1 1.514680E-1 1.192290E-3
 9.515360E+1 1.990060E+1 1.127830E+1 9.047550E-1 2.674730E-1 3.284180E-3
 1.179390E+2 2.436700E+1 1.655220E+1 1.793540E+0 4.663020E-1 8.850300E-3
 1.433490E+2 2.945430E+1 2.302260E+1 3.198600E+0 7.976430E-1 2.308690E-2
 1.715460E+2 3.525010E+1 3.051710E+1 5.141270E+0 1.327970E+0 5.745230E-2
 2.015540E+2 4.123860E+1 3.870280E+1 7.436720E+0 2.131950E+0 1.339880E-1
 2.310050E+2 4.715280E+1 4.734600E+1 9.857750E+0 3.267650E+0 2.870460E-1
 2.618910E+2 5.248740E+1 5.626310E+1 1.213490E+1 4.753160E+0 5.562740E-1
 2.952850E+2 5.694600E+1 6.530620E+1 1.409600E+1 6.553920E+0 9.660950E-1
 3.270650E+2 6.049550E+1 7.440750E+1 1.568490E+1 8.577070E+0 1.500840E+0
 3.608350E+2 6.321460E+1 8.382970E+1 1.691210E+1 1.075510E+1 2.106810E+0
 3.912430E+2 6.525400E+1 9.316220E+1 1.783170E+1 1.301120E+1 2.710390E+0
 4.318160E+2 6.683660E+1 1.031270E+2 1.852410E+1 1.531400E+1 3.259100E+0
 4.625140E+2 6.780640E+1 1.123150E+2 1.898000E+1 1.761190E+1 3.712840E+0
 9.422830E+0 9.360330E-1 1.337710E-1 3.756490E-4 0.000000E+6 0.000000E+6
 1.316470E+1 1.692000E+0 2.394140E-1 1.058820E-3 0.000000E+6 0.000000E+6
 1.789710E+1 2.844710E+0 4.266960E-1 2.962630E-3 0.000000E+6 0.000000E+6
 2.423810E+1 4.452520E+0 7.543410E-1 8.182850E-3 0.000000E+6 0.000000E+6
 3.195880E+1 6.454690E+0 1.319620E+0 2.217500E-2 2.207160E-2 4.456000E-5
 4.197570E+1 8.970770E+0 2.267610E+0 5.840520E-2 3.967050E-2 1.264240E-4
 5.388000E+1 1.162880E+1 3.799760E+0 1.472100E-1 7.104440E-2 3.565120E-4
 6.818030E+1 1.448250E+1 6.152890E+0 3.496950E-1 1.265270E-1 9.960580E-4
 8.493920E+1 1.755080E+1 9.543090E+0 7.688960E-1 2.234570E-1 2.743830E-3
 1.048440E+2 2.120790E+1 1.405930E+1 1.529900E+0 3.895820E-1 7.394590E-3
 1.261970E+2 2.548580E+1 1.960080E+1 2.730470E+0 6.664790E-1 1.929670E-2
 1.498710E+2 3.022760E+1 2.598050E+1 4.372250E+0 1.109910E+0 4.803730E-2
 1.743770E+2 3.519590E+1 3.290950E+1 6.316460E+0 1.782600E+0 1.120550E-1
 1.994970E+2 3.996680E+1 4.015340E+1 8.328890E+0 2.734010E+0 2.403360E-1
 2.279240E+2 4.436650E+1 4.774750E+1 1.023420E+1 3.989790E+0 4.675250E-1
 2.533170E+2 4.796050E+1 5.534490E+1 1.185820E+1 5.494840E+0 8.102920E-1
 2.815070E+2 5.080240E+1 6.285840E+1 1.315850E+1 7.182790E+0 1.256530E+0
 3.101990E+2 5.304100E+1 7.076890E+1 1.417900E+1 9.008810E+0 1.762960E+0
 3.385900E+2 5.474050E+1 7.878320E+1 1.494930E+1 1.089740E+1 2.269060E+0
 3.653280E+2 5.585870E+1 8.649740E+1 1.547950E+1 1.280160E+1 2.722670E+0
 3.894820E+2 5.665040E+1 9.410350E+1 1.585620E+1 1.472010E+1 3.101230E+0
 9.286560E+0 9.579110E-1 1.158100E-1 3.253580E-4 0.000000E+6 0.000000E+6
 1.285900E+1 1.717040E+0 2.073530E-1 9.178000E-4 0.000000E+6 0.000000E+6
 1.750900E+1 2.848060E+0 3.694470E-1 2.567310E-3 0.000000E+6 0.000000E+6
 2.315390E+1 4.354910E+0 6.535640E-1 7.095480E-3 0.000000E+6 0.000000E+6
 3.040430E+1 6.236990E+0 1.142480E+0 1.922340E-2 0.000000E+6 0.000000E+6
 3.923410E+1 8.390120E+0 1.965910E+0 5.064600E-2 3.426990E-2 1.092140E-4
 4.984590E+1 1.072570E+1 3.296980E+0 1.278590E-1 6.137610E-2 3.080120E-4
 6.252560E+1 1.318360E+1 5.345500E+0 3.040370E-1 1.093140E-1 8.606090E-4
 7.739610E+1 1.594830E+1 8.293390E+0 6.683420E-1 1.930440E-1 2.370470E-3
 9.457810E+1 1.905260E+1 1.224840E+1 1.336250E+0 3.365970E-1 6.389270E-3
 1.139720E+2 2.262890E+1 1.712460E+1 2.393280E+0 5.759000E-1 1.667510E-2
 1.340910E+2 2.666820E+1 2.270250E+1 3.830050E+0 9.590130E-1 4.150980E-2
 1.560270E+2 3.081760E+1 2.875280E+1 5.509070E+0 1.544910E+0 9.721730E-2
 1.776310E+2 3.491340E+1 3.508710E+1 7.260820E+0 2.370440E+0 2.085470E-1
 2.003430E+2 3.850830E+1 4.150180E+1 8.872530E+0 3.440860E+0 4.030520E-1
 2.282020E+2 4.178080E+1 4.831310E+1 1.030540E+1 4.750350E+0 7.004760E-1
 2.476170E+2 4.398160E+1 5.459770E+1 1.138770E+1 6.211090E+0 1.086430E+0
 2.736110E+2 4.596630E+1 6.158500E+1 1.228090E+1 7.787580E+0 1.523600E+0
 2.959300E+2 4.731270E+1 6.827990E+1 1.291890E+1 9.417730E+0 1.960310E+0
 3.192670E+2 4.827770E+1 7.493940E+1 1.337750E+1 1.106490E+1 2.352510E+0
 3.399060E+2 4.894870E+1 8.151600E+1 1.369960E+1 1.271970E+1 2.679020E+0
 8.587760E+0 9.643680E-1 0.000000E+6 0.000000E+6 0.000000E+6 0.000000E+6
 1.251230E+1 1.729050E+0 1.785070E-1 7.905150E-4 0.000000E+6 0.000000E+6
 1.685940E+1 2.831900E+0 3.181240E-1 2.211490E-3 0.000000E+6 0.000000E+6
 2.228690E+1 4.298740E+0 5.625770E-1 6.109420E-3 0.000000E+6 0.000000E+6
 2.893590E+1 6.044370E+0 9.841970E-1 1.657090E-2 0.000000E+6 0.000000E+6
 3.694720E+1 8.020950E+0 1.692570E+0 4.365320E-2 0.000000E+6 0.000000E+6
 4.627580E+1 1.001630E+1 2.844150E+0 1.103690E-1 5.271960E-2 2.645670E-4
 5.757670E+1 1.216990E+1 4.613720E+0 2.627550E-1 9.389670E-2 7.392390E-4
 7.087780E+1 1.447210E+1 7.168970E+0 5.783370E-1 1.658310E-1 2.036420E-3
 8.559410E+1 1.700990E+1 1.057830E+1 1.154800E+0 2.891320E-1 5.489100E-3
 1.016620E+2 1.995090E+1 1.480020E+1 2.068330E+0 4.956230E-1 1.435700E-2
 1.198970E+2 2.335980E+1 1.964110E+1 3.316670E+0 8.240030E-1 3.567260E-2
 1.381760E+2 2.684850E+1 2.486980E+1 4.770250E+0 1.323850E+0 8.324570E-2
 1.570710E+2 3.027860E+1 3.032160E+1 6.271230E+0 2.030880E+0 1.785790E-1
 1.765650E+2 3.331690E+1 3.589750E+1 7.662360E+0 2.957010E+0 3.464270E-1
 1.975550E+2 3.588340E+1 4.153340E+1 8.852590E+0 4.080800E+0 6.017440E-1
 2.190250E+2 3.799010E+1 4.730830E+1 9.823620E+0 5.341780E+0 9.345700E-1
 2.383970E+2 3.953460E+1 5.309560E+1 1.055910E+1 6.692190E+0 1.309260E+0
 2.551950E+2 4.063410E+1 5.871780E+1 1.109520E+1 8.090450E+0 1.683830E+0
 2.780190E+2 4.149420E+1 6.458820E+1 1.149590E+1 9.508440E+0 2.021080E+0
 2.951860E+2 4.206170E+1 7.026840E+1 1.177100E+1 1.093380E+1 2.301410E+0
 8.121820E+0 9.342480E-1 0.000000E+6 0.000000E+6 0.000000E+6 0.000000E+6
 1.122560E+1 1.684780E+0 0.000000E+6 0.000000E+6 0.000000E+6 0.000000E+6
 1.493220E+1 2.757530E+0 0.000000E+6 0.000000E+6 0.000000E+6 0.000000E+6
 2.096670E+1 4.168350E+0 4.705690E-1 5.112560E-3 0.000000E+6 0.000000E+6
 2.697080E+1 5.769150E+0 8.234060E-1 1.387850E-2 0.000000E+6 0.000000E+6
 3.404200E+1 7.488030E+0 1.416480E+0 3.656360E-2 0.000000E+6 0.000000E+6
 4.235530E+1 9.250240E+0 2.377630E+0 9.237860E-2 0.000000E+6 0.000000E+6
 5.185090E+1 1.095000E+1 3.866660E+0 2.203940E-1 7.833520E-2 6.167330E-4
 6.316990E+1 1.280000E+1 6.012170E+0 4.851850E-1 1.383560E-1 1.698990E-3
 7.567310E+1 1.479390E+1 8.875010E+0 9.696050E-1 2.412370E-1 4.579860E-3
 8.955820E+1 1.716950E+1 1.241420E+1 1.736470E+0 4.127930E-1 1.195400E-2
 1.044690E+2 1.987560E+1 1.648080E+1 2.782610E+0 6.875150E-1 2.976610E-2
 1.202560E+2 2.276140E+1 2.088510E+1 4.007140E+0 1.104570E+0 6.947090E-2
 1.359410E+2 2.552120E+1 2.545370E+1 5.261510E+0 1.695000E+0 1.490640E-1
 1.520840E+2 2.799210E+1 3.011220E+1 6.419890E+0 2.467960E+0 2.891750E-1
 1.678920E+2 3.007530E+1 3.481200E+1 7.410490E+0 3.406020E+0 5.022880E-1
 1.854280E+2 3.175580E+1 3.960810E+1 8.208390E+0 4.458770E+0 7.802620E-1
 2.022270E+2 3.307160E+1 4.448000E+1 8.829780E+0 5.592190E+0 1.094400E+0
 2.177130E+2 3.395670E+1 4.916780E+1 9.268760E+0 6.752640E+0 1.405460E+0
 2.339730E+2 3.463290E+1 5.398580E+1 9.594030E+0 7.933890E+0 1.686230E+0
 2.492840E+2 3.502640E+1 5.859830E+1 9.801420E+0 9.105320E+0 1.916280E+0
 7.437290E+0 8.725390E-1 0.000000E+6 0.000000E+6 0.000000E+6 0.000000E+6
 1.030150E+1 1.567900E+0 0.000000E+6 0.000000E+6 0.000000E+6 0.000000E+6
 1.378160E+1 2.573500E+0 0.000000E+6 0.000000E+6 0.000000E+6 0.000000E+6
 1.779400E+1 3.828790E+0 0.000000E+6 0.000000E+6 0.000000E+6 0.000000E+6
 2.443490E+1 5.276900E+0 6.892380E-1 1.161790E-2 0.000000E+6 0.000000E+6
 3.059960E+1 6.748390E+0 1.186230E+0 3.064580E-2 0.000000E+6 0.000000E+6
 3.776730E+1 8.217790E+0 1.992030E+0 7.745300E-2 0.000000E+6 0.000000E+6
 4.592270E+1 9.587890E+0 3.235340E+0 1.845630E-1 0.000000E+6 0.000000E+6
 5.536650E+1 1.105650E+1 5.034100E+0 4.067600E-1 0.000000E+6 0.000000E+6
 6.606880E+1 1.268810E+1 7.446500E+0 8.137120E-1 2.014810E-1 3.825000E-3
 7.767320E+1 1.460370E+1 1.041600E+1 1.457100E+0 3.447610E-1 9.984220E-3
 9.037100E+1 1.681490E+1 1.382620E+1 2.333290E+0 5.742670E-1 2.485920E-2
 1.033790E+2 1.916080E+1 1.750930E+1 3.356320E+0 9.225840E-1 5.802700E-2
 1.166560E+2 2.144060E+1 2.133650E+1 4.406920E+0 1.415820E+0 1.245290E-1
 1.305090E+2 2.347830E+1 2.525320E+1 5.374130E+0 2.061420E+0 2.415720E-1
 1.445290E+2 2.520620E+1 2.921820E+1 6.200700E+0 2.845400E+0 4.195500E-1
 1.576020E+2 2.653730E+1 3.311460E+1 6.855980E+0 3.722540E+0 6.512660E-1
 1.713170E+2 2.760840E+1 3.717020E+1 7.368820E+0 4.663940E+0 9.124480E-1
 1.846030E+2 2.835430E+1 4.113420E+1 7.737370E+0 5.634800E+0 1.172430E+0
 1.987430E+2 2.889720E+1 4.512040E+1 8.003870E+0 6.618860E+0 1.406290E+0
 2.113810E+2 2.925720E+1 4.904820E+1 8.186160E+0 7.604160E+0 1.600230E+0
 6.825240E+0 8.037530E-1 0.000000E+6 0.000000E+6 0.000000E+6 0.000000E+6
 9.483000E+0 1.457730E+0 0.000000E+6 0.000000E+6 0.000000E+6 0.000000E+6
 1.265240E+1 2.377320E+0 0.000000E+6 0.000000E+6 0.000000E+6 0.000000E+6
 1.632310E+1 3.529730E+0 0.000000E+6 0.000000E+6 0.000000E+6 0.000000E+6
 2.040270E+1 4.779650E+0 0.000000E+6 0.000000E+6 0.000000E+6 0.000000E+6
 2.767080E+1 6.104230E+0 1.026170E+0 2.650650E-2 0.000000E+6 0.000000E+6
 3.391890E+1 7.329140E+0 1.723790E+0 6.703880E-2 0.000000E+6 0.000000E+6
 4.107750E+1 8.495380E+0 2.800070E+0 1.598150E-1 0.000000E+6 0.000000E+6
 4.924630E+1 9.734020E+0 4.358900E+0 3.522800E-1 0.000000E+6 0.000000E+6
 5.858490E+1 1.110100E+1 6.444760E+0 7.045840E-1 0.000000E+6 0.000000E+6
 6.886370E+1 1.275170E+1 9.024240E+0 1.263100E+0 2.978160E-1 8.624570E-3
 7.960960E+1 1.460140E+1 1.197360E+1 2.019980E+0 4.960480E-1 2.147530E-2
 9.098960E+1 1.662170E+1 1.515880E+1 2.904830E+0 7.970000E-1 5.012950E-2
 1.026520E+2 1.857690E+1 1.847810E+1 3.812140E+0 1.223070E+0 1.075800E-1
 1.140160E+2 2.031600E+1 2.185110E+1 4.647010E+0 1.780790E+0 2.087070E-1
 1.257880E+2 2.178790E+1 2.525320E+1 5.359330E+0 2.458360E+0 3.625730E-1
 1.375460E+2 2.295520E+1 2.866460E+1 5.928080E+0 3.217500E+0 5.627300E-1
 1.494010E+2 2.385490E+1 3.214920E+1 6.365970E+0 4.029120E+0 7.880620E-1
 1.609260E+2 2.450120E+1 3.557810E+1 6.685270E+0 4.868610E+0 1.012840E+0
 1.721360E+2 2.499240E+1 3.905520E+1 6.922180E+0 5.723500E+0 1.216010E+0
 1.835640E+2 2.531810E+1 4.249230E+1 7.083700E+0 6.580330E+0 1.384490E+0
---