PdfType: central
Format: lhagrid1
---
 1.000000E-6 1.700000E-6 3.200000E-6 6.000000E-6 1.000000E-5 1.700000E-5 3.200000E-5 6.000000E-5 1.000000E-4 1.700000E-4 3.200000E-4 6.000000E-4 1.000000E-3 1.700000E-3 3.200000E-3 6.000000E-3 1.000000E-2 1.700000E-2 3.200000E-2 6.000000E-2 1.000000E-1
 3.162278E-1 3.981068E-1 5.011876E-1 6.309572E-1 7.943280E-1 1.000000E+0 1.258924E+0 1.584894E+0 1.995262E+0 2.511886E+0 3.162278E+0 3.981068E+0 5.011876E+0 6.309572E+0 7.943280E+0 1.000000E+1 1.258924E+1 1.584894E+1 1.995262E+1 2.511886E+1 3.162278E+1
900 901 917 918 920 921
 2.111100E-1 1.679550E-2 9.431850E-3 2.462210E-5 1.969830E-4 6.280300E-8
 3.152650E-1 3.231640E-2 1.659710E-2 6.787090E-5 3.697580E-4 1.857300E-7
 4.576280E-1 5.645970E-2 2.894270E-2 1.843120E-4 6.894550E-4 5.452370E-7
 6.589190E-1 9.281640E-2 5.018430E-2 4.969620E-4 1.278090E-3 1.591910E-6
 9.440990E-1 1.458700E-1 8.648020E-2 1.324560E-3 2.357440E-3 4.621720E-6
 1.335660E+0 2.181550E-1 1.463950E-1 3.421310E-3 4.319210E-3 1.330460E-5
 1.876330E+0 3.191800E-1 2.437800E-1 8.571510E-3 7.862110E-3 3.799150E-5
 2.614870E+0 4.582930E-1 3.960060E-1 2.044680E-2 1.419570E-2 1.071650E-4
 3.595510E+0 6.546660E-1 6.226500E-1 4.587030E-2 2.535450E-2 2.974550E-4
 4.948020E+0 9.460050E-1 9.521300E-1 9.624360E-2 4.478100E-2 8.103830E-4
 6.517250E+0 1.321480E+0 1.376230E+0 1.817890E-1 7.725840E-2 2.128200E-3
 8.589630E+0 1.855480E+0 1.939940E+0 3.179200E-1 1.308510E-1 5.391150E-3
 1.111560E+1 2.528920E+0 2.633570E+0 5.080000E-1 2.142130E-1 1.286080E-2
 1.387100E+1 3.285780E+0 3.420650E+0 7.386640E-1 3.352710E-1 2.830490E-2
 1.701980E+1 4.123030E+0 4.320590E+0 1.001370E+0 5.008880E-1 5.685410E-2
 2.053850E+1 5.005740E+0 5.329040E+0 1.281450E+0 7.121500E-1 1.031630E-1
 2.441450E+1 5.899390E+0 6.440640E+0 1.565120E+0 9.655050E-1 1.686960E-1
 2.865470E+1 6.785220E+0 7.650340E+0 1.844070E+0 1.253550E+0 2.503350E-1
 3.319340E+1 7.633940E+0 8.952340E+0 2.108930E+0 1.572360E+0 3.413870E-1
 3.799380E+1 8.447050E+0 1.033440E+1 2.359510E+0 1.915660E+0 4.348810E-1
 4.309240E+1 9.216120E+0 1.180190E+1 2.593580E+0 2.282230E+0 5.247650E-1
 1.988350E-1 1.611950E-2 8.284210E-3 2.181240E-5 1.606720E-4 5.153740E-8
 2.954290E-1 3.086860E-2 1.460270E-2 6.019850E-5 3.037140E-4 1.534890E-7
 4.333110E-1 5.502370E-2 2.560330E-2 1.647230E-4 5.701690E-4 4.538010E-7
 6.175730E-1 8.926650E-2 4.447390E-2 4.444720E-4 1.063020E-3 1.331180E-6
 8.803140E-1 1.388350E-1 7.664810E-2 1.181050E-3 1.970530E-3 3.882930E-6
 1.232070E+0 2.053960E-1 1.298930E-1 3.056540E-3 3.627060E-3 1.123170E-5
 1.730420E+0 2.983110E-1 2.167800E-1 7.669690E-3 6.633200E-3 3.220880E-5
 2.383270E+0 4.239950E-1 3.515190E-1 1.829030E-2 1.201560E-2 9.118520E-5
 3.306900E+0 6.094760E-1 5.572140E-1 4.136690E-2 2.157910E-2 2.545480E-4
 4.424360E+0 8.524830E-1 8.399660E-1 8.537220E-2 3.809110E-2 6.927160E-4
 5.858070E+0 1.196040E+0 1.219980E+0 1.622630E-1 6.601870E-2 1.828370E-3
 7.677390E+0 1.661560E+0 1.714010E+0 2.821990E-1 1.119670E-1 4.635280E-3
 9.865370E+0 2.243290E+0 2.317100E+0 4.479810E-1 1.834300E-1 1.105930E-2
 1.227380E+1 2.896880E+0 3.001940E+0 6.486940E-1 2.873990E-1 2.435340E-2
 1.498940E+1 3.611350E+0 3.778590E+0 8.747930E-1 4.293620E-1 4.888490E-2
 1.801140E+1 4.356720E+0 4.643790E+0 1.113330E+0 6.100150E-1 8.856710E-2
 2.131760E+1 5.104760E+0 5.593170E+0 1.352660E+0 8.259480E-1 1.445090E-1
 2.491350E+1 5.834960E+0 6.619520E+0 1.584480E+0 1.070550E+0 2.137010E-1
 2.874750E+1 6.534250E+0 7.720920E+0 1.804100E+0 1.340440E+0 2.906970E-1
 3.279050E+1 7.192120E+0 8.884310E+0 2.008170E+0 1.629530E+0 3.688880E-1
 3.714310E+1 7.812810E+0 1.013500E+1 2.198040E+0 1.940030E+0 4.436160E-1
 1.882060E-1 1.587300E-2 7.077460E-3 1.882450E-5 1.245300E-4 4.024130E-8
 2.774580E-1 3.000110E-2 1.250200E-2 5.203480E-5 2.376760E-4 1.209880E-7
 4.105200E-1 5.406380E-2 2.207850E-2 1.436010E-4 4.501410E-4 3.609050E-7
 5.845050E-1 8.771150E-2 3.849840E-2 3.889340E-4 8.461710E-4 1.067950E-6
 8.148280E-1 1.329700E-1 6.627710E-2 1.032900E-3 1.579010E-3 3.133440E-6
 1.144800E+0 1.964730E-1 1.130290E-1 2.688760E-3 2.926890E-3 9.125910E-6
 1.560180E+0 2.743830E-1 1.874170E-1 6.688860E-3 5.376270E-3 2.627110E-5
 2.144580E+0 3.875130E-1 3.046630E-1 1.598830E-2 9.791240E-3 7.474670E-5
 2.908370E+0 5.419640E-1 4.786950E-1 3.580870E-2 1.762250E-2 2.090870E-4
 3.902130E+0 7.604030E-1 7.250290E-1 7.432630E-2 3.127410E-2 5.719880E-4
 5.203860E+0 1.065460E+0 1.059860E+0 1.417510E-1 5.451020E-2 1.517870E-3
 6.701250E+0 1.450550E+0 1.473470E+0 2.436760E-1 9.243850E-2 3.845700E-3
 8.553550E+0 1.940270E+0 1.984120E+0 3.846380E-1 1.518050E-1 9.198430E-3
 1.059230E+1 2.486910E+0 2.561360E+0 5.541590E-1 2.380370E-1 2.026460E-2
 1.285030E+1 3.072380E+0 3.209700E+0 7.417750E-1 3.556720E-1 4.064470E-2
 1.535790E+1 3.678730E+0 3.928360E+0 9.379720E-1 5.050410E-1 7.352190E-2
 1.808670E+1 4.279170E+0 4.711210E+0 1.132160E+0 6.828300E-1 1.196360E-1
 2.101840E+1 4.856100E+0 5.550040E+0 1.317290E+0 8.831400E-1 1.762630E-1
 2.413630E+1 5.403710E+0 6.446740E+0 1.490890E+0 1.103060E+0 2.388520E-1
 2.742520E+1 5.910360E+0 7.392540E+0 1.649450E+0 1.338280E+0 3.017090E-1
 3.089960E+1 6.379220E+0 8.393260E+0 1.794100E+0 1.586970E+0 3.610220E-1
 1.748910E-1 1.511910E-2 6.008310E-3 1.613600E-5 9.520760E-5 3.100420E-8
 2.651680E-1 2.969230E-2 1.070120E-2 4.505800E-5 1.837950E-4 9.426190E-8
 3.707380E-1 5.026070E-2 1.876120E-2 1.232600E-4 3.515280E-4 2.838750E-7
 5.255650E-1 8.073060E-2 3.278560E-2 3.342200E-4 6.666180E-4 8.472160E-7
 7.389850E-1 1.234090E-1 5.672100E-2 8.921320E-4 1.253390E-3 2.504960E-6
 1.018930E+0 1.794200E-1 9.668700E-2 2.325480E-3 2.339410E-3 7.343920E-6
 1.410000E+0 2.540700E-1 1.617670E-1 5.835730E-3 4.327500E-3 2.128470E-5
 1.915440E+0 3.517840E-1 2.623820E-1 1.388670E-2 7.922260E-3 6.084730E-5
 2.598190E+0 4.902190E-1 4.138420E-1 3.121010E-2 1.434760E-2 1.712900E-4
 3.450090E+0 6.781040E-1 6.255260E-1 6.465000E-2 2.556300E-2 4.704790E-4
 4.562950E+0 9.377130E-1 9.111140E-1 1.226120E-1 4.469330E-2 1.251620E-3
 5.834800E+0 1.263040E+0 1.262860E+0 2.097590E-1 7.602110E-2 3.179740E-3
 7.404240E+0 1.673050E+0 1.693920E+0 3.291260E-1 1.250640E-1 7.615730E-3
 9.101830E+0 2.123900E+0 2.177520E+0 4.708390E-1 1.963870E-1 1.678870E-2
 1.098950E+1 2.604930E+0 2.718110E+0 6.267380E-1 2.934300E-1 3.365010E-2
 1.306450E+1 3.095480E+0 3.313400E+0 7.874010E-1 4.165000E-1 6.077300E-2
 1.530470E+1 3.574230E+0 3.956250E+0 9.441320E-1 5.622710E-1 9.863310E-2
 1.770360E+1 4.027060E+0 4.641190E+0 1.091180E+0 7.257430E-1 1.447980E-1
 2.021440E+1 4.450060E+0 5.364890E+0 1.226840E+0 9.039680E-1 1.953850E-1
 2.287230E+1 4.837610E+0 6.130320E+0 1.349350E+0 1.094400E+0 2.457480E-1
 2.561770E+1 5.193320E+0 6.922130E+0 1.460060E+0 1.292970E+0 2.929180E-1
 1.664750E-1 1.467000E-2 5.244050E-3 1.420460E-5 7.545810E-5 2.473440E-8
 2.429840E-1 2.757460E-2 9.318820E-3 3.952030E-5 1.474020E-4 7.607670E-8
 3.501290E-1 4.855790E-2 1.647260E-2 1.091110E-4 2.846540E-4 2.312700E-7
 5.053340E-1 7.989380E-2 2.901220E-2 2.985710E-4 5.444770E-4 6.961630E-7
 6.848030E-1 1.172080E-1 4.995740E-2 7.920380E-4 1.031420E-3 2.073460E-6
 9.459430E-1 1.691000E-1 8.534870E-2 2.064560E-3 1.936510E-3 6.111280E-6
 1.289580E+0 2.365060E-1 1.426240E-1 5.181030E-3 3.602590E-3 1.781590E-5
 1.751330E+0 3.266590E-1 2.322510E-1 1.240490E-2 6.634250E-3 5.125270E-5
 2.388280E+0 4.548460E-1 3.680730E-1 2.796500E-2 1.207890E-2 1.449760E-4
 3.129610E+0 6.156740E-1 5.536460E-1 5.745870E-2 2.158320E-2 3.990190E-4
 4.085570E+0 8.413990E-1 8.022450E-1 1.084750E-1 3.783050E-2 1.064300E-3
 5.209020E+0 1.126330E+0 1.111190E+0 1.851940E-1 6.454930E-2 2.711950E-3
 6.568940E+0 1.479330E+0 1.485380E+0 2.891340E-1 1.063020E-1 6.498280E-3
 8.039470E+0 1.863880E+0 1.903330E+0 4.113800E-1 1.672150E-1 1.434500E-2
 9.660190E+0 2.270820E+0 2.367980E+0 5.447140E-1 2.499360E-1 2.874600E-2
 1.142700E+1 2.680510E+0 2.875670E+0 6.804480E-1 3.545680E-1 5.183740E-2
 1.332290E+1 3.076280E+0 3.421480E+0 8.114520E-1 4.781720E-1 8.395740E-2
 1.535330E+1 3.446140E+0 3.999150E+0 9.328730E-1 6.162110E-1 1.229240E-1
 1.746780E+1 3.785820E+0 4.607630E+0 1.043020E+0 7.659310E-1 1.652630E-1
 1.968160E+1 4.099160E+0 5.251910E+0 1.142860E+0 9.262720E-1 2.073460E-1
 2.197500E+1 4.379080E+0 5.915420E+0 1.230750E+0 1.092710E+0 2.461960E-1
 1.574820E-1 1.420530E-2 4.538950E-3 1.242850E-5 5.820800E-5 1.921360E-8
 2.301600E-1 2.682260E-2 8.083860E-3 3.455630E-5 1.155620E-4 6.003930E-8
 3.287870E-1 4.662450E-2 1.432630E-2 9.565240E-5 2.260360E-4 1.848720E-7
 4.632060E-1 7.448420E-2 2.520460E-2 2.614390E-4 4.367820E-4 5.620130E-7
 6.381130E-1 1.114190E-1 4.371620E-2 6.986370E-4 8.350380E-4 1.689130E-6
 8.902860E-1 1.630550E-1 7.517150E-2 1.834940E-3 1.580720E-3 5.020840E-6
 1.187800E+0 2.216340E-1 1.253130E-1 4.592350E-3 2.958820E-3 1.471860E-5
 1.598760E+0 3.022890E-1 2.041630E-1 1.098040E-2 5.481150E-3 4.257960E-5
 2.126310E+0 4.083940E-1 3.207980E-1 2.452690E-2 1.001360E-2 1.208220E-4
 2.807030E+0 5.549520E-1 4.849590E-1 5.062460E-2 1.800220E-2 3.345320E-4
 3.661200E+0 7.536820E-1 7.033060E-1 9.552170E-2 3.168040E-2 8.957190E-4
 4.588350E+0 9.908530E-1 9.646300E-1 1.614450E-1 5.404920E-2 2.281380E-3
 5.795350E+0 1.297930E+0 1.291970E+0 2.518280E-1 8.942360E-2 5.489000E-3
 7.052920E+0 1.622700E+0 1.649960E+0 3.564230E-1 1.408820E-1 1.213080E-2
 8.431640E+0 1.962520E+0 2.045430E+0 4.692290E-1 2.106680E-1 2.430160E-2
 9.923720E+0 2.299830E+0 2.474590E+0 5.825030E-1 2.986920E-1 4.375260E-2
 1.151540E+1 2.621960E+0 2.933320E+0 6.905480E-1 4.024100E-1 7.070800E-2
 1.319620E+1 2.918820E+0 3.414230E+0 7.892960E-1 5.177170E-1 1.032140E-1
 1.495470E+1 3.186850E+0 3.919950E+0 8.773530E-1 6.423580E-1 1.382460E-1
 1.678450E+1 3.426870E+0 4.446290E+0 9.549300E-1 7.736070E-1 1.725910E-1
 1.867530E+1 3.646220E+0 4.998520E+0 1.024410E+0 9.117450E-1 2.043220E-1
 1.530260E-1 1.428840E-2 3.794520E-3 1.051940E-5 4.123830E-5 1.373800E-8
 2.190410E-1 2.638540E-2 6.802260E-3 2.945360E-5 8.427790E-5 4.416830E-8
 3.143710E-1 4.597840E-2 1.211390E-2 8.180150E-5 1.683060E-4 1.387660E-7
 4.266720E-1 7.087340E-2 2.128730E-2 2.230790E-4 3.304540E-4 4.285220E-7
 5.831700E-1 1.045510E-1 3.706090E-2 5.989460E-4 6.399510E-4 1.304510E-6
 8.096080E-1 1.519340E-1 6.387490E-2 1.574730E-3 1.224790E-3 3.919030E-6
 1.071540E+0 2.038460E-1 1.063460E-1 3.923750E-3 2.314770E-3 1.159570E-5
 1.422520E+0 2.735740E-1 1.737510E-1 9.433740E-3 4.320590E-3 3.378930E-5
 1.910690E+0 3.710060E-1 2.750750E-1 2.121610E-2 7.960580E-3 9.669190E-5
 2.463770E+0 4.902970E-1 4.126590E-1 4.341280E-2 1.437990E-2 2.689770E-4
 3.192080E+0 6.567230E-1 5.973690E-1 8.158000E-2 2.543810E-2 7.234880E-4
 3.989870E+0 8.574600E-1 8.193530E-1 1.376580E-1 4.360930E-2 1.851460E-3
 4.983250E+0 1.106220E+0 1.089610E+0 2.126430E-1 7.229510E-2 4.460440E-3
 6.020850E+0 1.370160E+0 1.385680E+0 2.990630E-1 1.140340E-1 9.861180E-3
 7.146790E+0 1.641390E+0 1.710050E+0 3.908100E-1 1.707660E-1 1.976770E-2
 8.359610E+0 1.906530E+0 2.059010E+0 4.815090E-1 2.419880E-1 3.552850E-2
 9.646070E+0 2.156280E+0 2.429830E+0 5.667880E-1 3.256670E-1 5.727540E-2
 1.098280E+1 2.381350E+0 2.814390E+0 6.430740E-1 4.181320E-1 8.328770E-2
 1.237670E+1 2.580850E+0 3.217060E+0 7.098450E-1 5.175820E-1 1.110680E-1
 1.384620E+1 2.755560E+0 3.640910E+0 7.673330E-1 6.222950E-1 1.379500E-1
 1.532920E+1 2.908590E+0 4.070540E+0 8.167760E-1 7.301670E-1 1.623080E-1
 1.396470E-1 1.330710E-2 3.138260E-3 8.798810E-6 2.745020E-5 9.235910E-9
 2.017700E-1 2.495770E-2 5.666640E-3 2.482280E-5 5.900560E-5 3.121440E-8
 2.846240E-1 4.227720E-2 1.011230E-2 6.892990E-5 1.218000E-4 1.013160E-7
 4.036770E-1 6.903920E-2 1.796660E-2 1.903190E-4 2.447660E-4 3.200510E-7
 5.352360E-1 9.838320E-2 3.126370E-2 5.095490E-4 4.823330E-4 9.908570E-7
 7.369900E-1 1.413980E-1 5.407510E-2 1.346900E-3 9.358070E-4 3.016940E-6
 9.664130E-1 1.877550E-1 9.056450E-2 3.386860E-3 1.789280E-3 9.034590E-6
 1.265060E+0 2.462290E-1 1.471860E-1 8.062150E-3 3.372120E-3 2.656080E-5
 1.667780E+0 3.279460E-1 2.323690E-1 1.808980E-2 6.258130E-3 7.654880E-5
 2.184890E+0 4.354270E-1 3.517160E-1 3.726110E-2 1.140220E-2 2.146710E-4
 2.778160E+0 5.706350E-1 5.053920E-1 6.938080E-2 2.026770E-2 5.799610E-4
 3.466300E+0 7.389480E-1 6.931890E-1 1.167580E-1 3.492950E-2 1.491140E-3
 4.279640E+0 9.400930E-1 9.153710E-1 1.788810E-1 5.797990E-2 3.595130E-3
 5.126750E+0 1.151610E+0 1.159230E+0 2.497030E-1 9.178480E-2 7.972200E-3
 6.047860E+0 1.366680E+0 1.424150E+0 3.239510E-1 1.376060E-1 1.598500E-2
 7.027370E+0 1.573140E+0 1.706440E+0 3.960860E-1 1.949100E-1 2.867960E-2
 8.058020E+0 1.763970E+0 2.004260E+0 4.626850E-1 2.619930E-1 4.610620E-2
 9.126310E+0 1.932780E+0 2.313380E+0 5.211820E-1 3.359760E-1 6.683350E-2
 1.022130E+1 2.077980E+0 2.629260E+0 5.709450E-1 4.145790E-1 8.867100E-2
 1.136600E+1 2.202770E+0 2.961920E+0 6.129620E-1 4.969860E-1 1.096090E-1
 1.249540E+1 2.309500E+0 3.289230E+0 6.482400E-1 5.808660E-1 1.283450E-1
 1.341380E-1 1.296440E-2 2.667630E-3 7.552090E-6 1.808280E-5 6.139280E-9
 1.913980E-1 2.428650E-2 4.854390E-3 2.147640E-5 4.186890E-5 2.233290E-8
 2.697270E-1 4.140430E-2 8.727860E-3 6.014300E-5 9.045300E-5 7.581890E-8
 3.791050E-1 6.615340E-2 1.553640E-2 1.660770E-4 1.871890E-4 2.465470E-7
 5.022090E-1 9.434620E-2 2.716380E-2 4.470610E-4 3.763930E-4 7.785590E-7
 5.775840E-1 7.343710E-2 4.550370E-2 1.110300E-3 7.411690E-4 2.404940E-6
 8.868040E-1 1.750040E-1 7.884070E-2 2.967950E-3 1.433960E-3 7.284430E-6
 1.167310E+0 2.305010E-1 1.289540E-1 7.117670E-3 2.728810E-3 2.162700E-5
 1.509160E+0 2.987970E-1 2.026070E-1 1.586800E-2 5.101340E-3 6.273150E-5
 1.938910E+0 3.893090E-1 3.051620E-1 3.253800E-2 9.349360E-3 1.769740E-4
 2.477740E+0 5.079090E-1 4.395950E-1 6.061130E-2 1.672380E-2 4.810500E-4
 3.070840E+0 6.509710E-1 6.013560E-1 1.015540E-1 2.894890E-2 1.241570E-3
 3.767040E+0 8.200210E-1 7.910830E-1 1.547060E-1 4.819390E-2 3.001110E-3
 4.485140E+0 9.959680E-1 9.984560E-1 2.147040E-1 7.646470E-2 6.665180E-3
 5.264190E+0 1.172420E+0 1.222180E+0 2.767950E-1 1.147510E-1 1.336560E-2
 6.084240E+0 1.339560E+0 1.458850E+0 3.363550E-1 1.625500E-1 2.395970E-2
 6.939440E+0 1.490890E+0 1.706320E+0 3.903150E-1 2.182680E-1 3.842810E-2
 7.824480E+0 1.622900E+0 1.962750E+0 4.370530E-1 2.796780E-1 5.556060E-2
 8.722410E+0 1.735270E+0 2.223970E+0 4.763560E-1 3.444950E-1 7.348310E-2
 9.634560E+0 1.826020E+0 2.487440E+0 5.078150E-1 4.112160E-1 9.040100E-2
 1.059670E+1 1.903960E+0 2.767990E+0 5.341550E-1 4.806710E-1 1.053640E-1
 1.309840E-1 1.310870E-2 2.225920E-3 6.366900E-6 1.005330E-5 3.447950E-9
 1.873750E-1 2.419110E-2 4.097290E-3 1.831140E-5 2.676970E-5 1.441330E-8
 2.554730E-1 3.986920E-2 7.424430E-3 5.166320E-5 6.280350E-5 5.310050E-8
 3.474660E-1 6.205880E-2 1.325890E-2 1.429780E-4 1.366900E-4 1.814950E-7
 4.647350E-1 8.910140E-2 2.330940E-2 3.870540E-4 2.838270E-4 5.915580E-7
 6.195360E-1 1.230120E-1 4.029820E-2 1.019710E-3 5.712830E-4 1.866930E-6
 8.253480E-1 1.650790E-1 6.829220E-2 2.592300E-3 1.123160E-3 5.744290E-6
 1.054180E+0 2.106920E-1 1.112570E-1 6.185020E-3 2.163620E-3 1.725840E-5
 1.358840E+0 2.707690E-1 1.750580E-1 1.379890E-2 4.085320E-3 5.054970E-5
 1.750760E+0 3.494880E-1 2.640170E-1 2.822310E-2 7.543010E-3 1.433980E-4
 2.197720E+0 4.493090E-1 3.788990E-1 5.248880E-2 1.358540E-2 3.929060E-4
 2.703430E+0 5.686340E-1 5.167240E-1 8.745900E-2 2.363770E-2 1.018740E-3
 3.292720E+0 7.086820E-1 6.771600E-1 1.324280E-1 3.949570E-2 2.470220E-3
 3.901760E+0 8.531200E-1 8.512070E-1 1.826800E-1 6.273650E-2 5.487180E-3
 4.541760E+0 9.951130E-1 1.037970E+0 2.339070E-1 9.441510E-2 1.102800E-2
 5.215070E+0 1.128030E+0 1.231270E+0 2.824190E-1 1.335720E-1 1.974670E-2
 5.916800E+0 1.244840E+0 1.433920E+0 3.252460E-1 1.791700E-1 3.158450E-2
 6.639210E+0 1.345440E+0 1.646200E+0 3.618010E-1 2.296150E-1 4.554600E-2
 7.365870E+0 1.427920E+0 1.857530E+0 3.915780E-1 2.821290E-1 5.997780E-2
 8.145970E+0 1.495280E+0 2.078530E+0 4.155180E-1 3.369850E-1 7.354190E-2
 8.879280E+0 1.547900E+0 2.295840E+0 4.340360E-1 3.919310E-1 8.528440E-2
 1.225930E-1 1.261620E-2 1.741400E-3 5.039090E-6 3.301260E-6 1.148380E-9
 1.718090E-1 2.264800E-2 3.280830E-3 1.483770E-5 1.245590E-5 6.790430E-9
 2.387630E-1 3.833670E-2 6.037920E-3 4.253060E-5 3.548140E-5 3.034380E-8
 3.203380E-1 5.822340E-2 1.089770E-2 1.189320E-4 8.648140E-5 1.160450E-7
 4.277500E-1 8.430770E-2 1.929970E-2 3.241080E-4 1.923380E-4 4.048260E-7
 5.642410E-1 1.149960E-1 3.351520E-2 8.576960E-4 4.041590E-4 1.332980E-6
 7.438560E-1 1.515810E-1 5.689710E-2 2.181460E-3 8.177210E-4 4.218320E-6
 9.455400E-1 1.911180E-1 9.309180E-2 5.226480E-3 1.608110E-3 1.293290E-5
 1.205960E+0 2.412960E-1 1.465490E-1 1.164830E-2 3.083790E-3 3.844970E-5
 1.514050E+0 3.039950E-1 2.198950E-1 2.373660E-2 5.763650E-3 1.105260E-4
 1.892750E+0 3.842370E-1 3.144050E-1 4.373970E-2 1.046420E-2 3.045640E-4
 2.299250E+0 4.808370E-1 4.276250E-1 7.268430E-2 1.834920E-2 7.959460E-4
 2.799590E+0 5.926790E-1 5.594210E-1 1.093660E-1 3.083230E-2 1.938770E-3
 3.289200E+0 7.048050E-1 6.997560E-1 1.496420E-1 4.914910E-2 4.318200E-3
 3.797650E+0 8.131590E-1 8.487550E-1 1.900170E-1 7.405450E-2 8.679200E-3
 4.331200E+0 9.119160E-1 1.002060E+0 2.274060E-1 1.049010E-1 1.553710E-2
 4.887600E+0 9.957200E-1 1.162240E+0 2.594160E-1 1.406840E-1 2.475850E-2
 5.437150E+0 1.067270E+0 1.326180E+0 2.864390E-1 1.798590E-1 3.560660E-2
 5.999910E+0 1.123360E+0 1.490660E+0 3.076360E-1 2.207470E-1 4.670310E-2
 6.563190E+0 1.166620E+0 1.656700E+0 3.238910E-1 2.625860E-1 5.696880E-2
 7.121160E+0 1.197810E+0 1.818790E+0 3.356620E-1 3.042660E-1 6.564850E-2
 1.168260E-1 1.225330E-2 1.287020E-3 3.769900E-6 3.623350E-7 1.284630E-10
 1.598680E-1 2.162450E-2 2.537760E-3 1.161130E-5 3.381710E-6 1.871340E-9
 2.230570E-1 3.664130E-2 4.804240E-3 3.424330E-5 1.492950E-5 1.293360E-8
 3.006520E-1 5.596310E-2 8.825720E-3 9.747080E-5 4.617080E-5 6.267280E-8
 3.931040E-1 7.903640E-2 1.581030E-2 2.685990E-4 1.177260E-4 2.504470E-7
 5.143570E-1 1.065740E-1 2.763710E-2 7.143050E-4 2.684110E-4 8.941440E-7
 6.707920E-1 1.387750E-1 4.707850E-2 1.823190E-3 5.712150E-4 2.974170E-6
 8.377150E-1 1.714250E-1 7.713990E-2 4.368790E-3 1.160570E-3 9.414560E-6
 1.063770E+0 2.138670E-1 1.216830E-1 9.752680E-3 2.276680E-3 2.861830E-5
 1.321650E+0 2.649710E-1 1.826330E-1 1.984900E-2 4.325610E-3 8.357390E-5
 1.643590E+0 3.305690E-1 2.609920E-1 3.649250E-2 7.952130E-3 2.331520E-4
 1.979700E+0 4.062450E-1 3.534630E-1 6.012600E-2 1.406640E-2 6.139910E-4
 2.375170E+0 4.928170E-1 4.592970E-1 8.969220E-2 2.378590E-2 1.503880E-3
 2.766140E+0 5.786550E-1 5.716120E-1 1.217130E-1 3.808720E-2 3.362020E-3
 3.168150E+0 6.598060E-1 6.899560E-1 1.532040E-1 5.755290E-2 6.767140E-3
 3.588560E+0 7.316350E-1 8.115210E-1 1.816240E-1 8.166800E-2 1.209670E-2
 4.005300E+0 7.915830E-1 9.338810E-1 2.056040E-1 1.092610E-1 1.926420E-2
 4.436880E+0 8.390120E-1 1.060820E+0 2.246950E-1 1.395210E-1 2.754870E-2
 4.862930E+0 8.751030E-1 1.186360E+0 2.392900E-1 1.708380E-1 3.596350E-2
 5.289790E+0 9.012810E-1 1.312060E+0 2.499550E-1 2.026030E-1 4.363910E-2
 5.709390E+0 9.190430E-1 1.437230E+0 2.573410E-1 2.344430E-1 5.005180E-2
 1.091270E-1 1.163080E-2 9.249820E-4 2.736880E-6 -9.104720E-10 -2.853280E-13
 1.528040E-1 2.111430E-2 1.959700E-3 9.055620E-6 4.287520E-7 2.413700E-10
 2.100710E-1 3.500600E-2 3.868300E-3 2.783130E-5 4.604490E-6 4.040160E-9
 2.898840E-1 5.516270E-2 7.294370E-3 8.137880E-5 2.147580E-5 2.946990E-8
 3.788440E-1 7.769690E-2 1.328050E-2 2.278930E-4 6.823030E-5 1.465440E-7
 4.772830E-1 1.006050E-1 2.339880E-2 6.102680E-4 1.763010E-4 5.924620E-7
 6.054730E-1 1.280390E-1 3.998430E-2 1.561350E-3 4.040170E-4 2.120850E-6
 7.629090E-1 1.575540E-1 6.584070E-2 3.755870E-3 8.590760E-4 7.022080E-6
 9.541590E-1 1.927890E-1 1.039210E-1 8.383570E-3 1.734520E-3 2.195650E-5
 1.181180E+0 2.359800E-1 1.560030E-1 1.703530E-2 3.360670E-3 6.534820E-5
 1.440690E+0 2.889330E-1 2.220410E-1 3.117560E-2 6.261210E-3 1.846900E-4
 1.729280E+0 3.509510E-1 2.998470E-1 5.108420E-2 1.118120E-2 4.906720E-4
 2.070980E+0 4.218260E-1 3.889100E-1 7.584750E-2 1.904400E-2 1.209870E-3
 2.393450E+0 4.897410E-1 4.819710E-1 1.021580E-1 3.063050E-2 2.713600E-3
 2.720570E+0 5.528180E-1 5.790220E-1 1.276300E-1 4.640890E-2 5.471680E-3
 3.063880E+0 6.073510E-1 6.788060E-1 1.501690E-1 6.597240E-2 9.787420E-3
 3.404720E+0 6.509410E-1 7.769180E-1 1.686130E-1 8.818940E-2 1.553610E-2
 3.740300E+0 6.837570E-1 8.755670E-1 1.827680E-1 1.122760E-1 2.212970E-2
 4.077560E+0 7.072640E-1 9.746760E-1 1.931360E-1 1.371380E-1 2.876640E-2
 4.415270E+0 7.239380E-1 1.077840E+0 2.005700E-1 1.625800E-1 3.478530E-2
 4.756670E+0 7.315220E-1 1.174320E+0 2.046870E-1 1.873320E-1 3.961710E-2
 1.026360E-1 1.115550E-2 5.588290E-4 1.671190E-6 0.000000E+6 0.000000E+6
 1.462180E-1 2.046100E-2 1.369790E-3 6.396860E-6 -1.442180E-9 -7.159650E-13
 1.984000E-1 3.384400E-2 2.927500E-3 2.128100E-5 4.414770E-7 3.945300E-10
 2.664240E-1 5.164360E-2 5.781230E-3 6.511180E-5 5.806560E-6 8.076830E-9
 3.459910E-1 7.175530E-2 1.082010E-2 1.874280E-4 2.944840E-5 6.396780E-8
 4.402250E-1 9.414980E-2 1.941290E-2 5.112800E-4 9.746770E-5 3.308510E-7
 5.536270E-1 1.174390E-1 3.348970E-2 1.318260E-3 2.569690E-4 1.361280E-6
 6.921700E-1 1.432840E-1 5.538620E-2 3.182280E-3 5.932710E-4 4.890540E-6
 8.712040E-1 1.750290E-1 8.785640E-2 7.132460E-3 1.259550E-3 1.607210E-5
 1.053990E+0 2.093490E-1 1.317380E-1 1.446340E-2 2.518250E-3 4.932000E-5
 1.271610E+0 2.516460E-1 1.870540E-1 2.634090E-2 4.789740E-3 1.421690E-4
 1.506910E+0 3.012430E-1 2.521010E-1 4.296340E-2 8.689690E-3 3.836290E-4
 1.791280E+0 3.566180E-1 3.255020E-1 6.325970E-2 1.494920E-2 9.549500E-4
 2.055140E+0 4.094050E-1 4.012840E-1 8.457460E-2 2.413660E-2 2.146740E-3
 2.323040E+0 4.566190E-1 4.795750E-1 1.046880E-1 3.664240E-2 4.329470E-3
 2.592720E+0 4.966360E-1 5.595530E-1 1.222200E-1 5.225580E-2 7.762300E-3
 2.856580E+0 5.265120E-1 6.380620E-1 1.359230E-1 6.993350E-2 1.228330E-2
 3.123210E+0 5.480800E-1 7.167870E-1 1.461540E-1 8.893960E-2 1.744620E-2
 3.391580E+0 5.622840E-1 7.943220E-1 1.532810E-1 1.084600E-1 2.259360E-2
 3.657730E+0 5.694890E-1 8.710380E-1 1.575930E-1 1.278540E-1 2.712610E-2
 3.905490E+0 5.720790E-1 9.458750E-1 1.599400E-1 1.471050E-1 3.078640E-2
 9.822550E-2 1.094280E-2 1.973530E-4 5.990570E-7 0.000000E+6 0.000000E+6
 1.361160E-1 1.955290E-2 6.960820E-4 3.302730E-6 0.000000E+6 0.000000E+6
 1.920970E-1 3.345990E-2 1.830860E-3 1.347750E-5 -2.283500E-9 -1.795400E-12
 2.472840E-1 4.896030E-2 4.040830E-3 4.605890E-5 1.602130E-7 2.291920E-10
 3.176380E-1 6.721720E-2 8.066300E-3 1.413520E-4 4.794780E-6 1.060030E-8
 3.995210E-1 8.711100E-2 1.502920E-2 4.003110E-4 3.156750E-5 1.086680E-7
 5.026510E-1 1.081240E-1 2.653260E-2 1.056100E-3 1.181090E-4 6.333810E-7
 6.196960E-1 1.291330E-1 4.446260E-2 2.579910E-3 3.313750E-4 2.761920E-6
 7.568220E-1 1.523940E-1 7.066560E-2 5.781740E-3 7.878690E-4 1.015540E-5
 9.106570E-1 1.794660E-1 1.062520E-1 1.173650E-2 1.686440E-3 3.333550E-5
 1.100800E+0 2.128230E-1 1.510980E-1 2.134440E-2 3.345120E-3 1.001260E-4
 1.287220E+0 2.494440E-1 2.027360E-1 3.454920E-2 6.222010E-3 2.766800E-4
 1.504880E+0 2.900920E-1 2.603570E-1 5.047670E-2 1.090210E-2 7.005580E-4
 1.710240E+0 3.271980E-1 3.192470E-1 6.670600E-2 1.780090E-2 1.590870E-3
 1.915350E+0 3.595960E-1 3.791980E-1 8.169290E-2 2.719170E-2 3.223520E-3
 2.113320E+0 3.855530E-1 4.391820E-1 9.427360E-2 3.885910E-2 5.780080E-3
 2.320060E+0 4.038680E-1 4.986930E-1 1.037850E-1 5.207470E-2 9.140780E-3
 2.516530E+0 4.152480E-1 5.567830E-1 1.103680E-1 6.612710E-2 1.292700E-2
 2.702500E+0 4.215950E-1 6.138100E-1 1.146620E-1 8.058410E-2 1.666620E-2
 2.889600E+0 4.221020E-1 6.686870E-1 1.166150E-1 9.465210E-2 1.986660E-2
 3.064010E+0 4.197520E-1 7.224680E-1 1.172150E-1 1.085460E-1 2.239170E-2
 9.199150E-2 1.034830E-2 2.001750E-5 6.189100E-8 0.000000E+6 0.000000E+6
 1.327770E-1 1.940860E-2 1.985330E-4 9.536970E-7 0.000000E+6 0.000000E+6
 1.738110E-1 3.074450E-2 8.308900E-4 6.197130E-6 0.000000E+6 0.000000E+6
 2.270130E-1 4.588600E-2 2.354080E-3 2.716210E-5 0.000000E+6 0.000000E+6
 2.910620E-1 6.304590E-2 5.405840E-3 9.586490E-5 2.241940E-8 5.173120E-11
 3.656770E-1 8.083040E-2 1.090120E-2 2.936980E-4 3.324750E-6 1.166670E-8
 4.489330E-1 9.773710E-2 2.012840E-2 8.098030E-4 3.118810E-5 1.697710E-7
 5.484690E-1 1.152870E-1 3.463920E-2 2.029920E-3 1.361720E-4 1.149190E-6
 6.723410E-1 1.339870E-1 5.588420E-2 4.608260E-3 4.115770E-4 5.364230E-6
 8.011890E-1 1.543520E-1 8.452540E-2 9.387740E-3 1.010490E-3 2.017630E-5
 9.331440E-1 1.772900E-1 1.199220E-1 1.698990E-2 2.174220E-3 6.566220E-5
 1.092800E+0 2.046640E-1 1.609460E-1 2.740840E-2 4.247990E-3 1.903400E-4
 1.259840E+0 2.329120E-1 2.053280E-1 3.960070E-2 7.648830E-3 4.947130E-4
 1.414960E+0 2.584490E-1 2.507800E-1 5.187720E-2 1.275190E-2 1.145300E-3
 1.567550E+0 2.793710E-1 2.960200E-1 6.278760E-2 1.968590E-2 2.340790E-3
 1.713180E+0 2.952570E-1 3.408310E-1 7.165330E-2 2.829940E-2 4.213620E-3
 1.862520E+0 3.051910E-1 3.848920E-1 7.800850E-2 3.803410E-2 6.661050E-3
 2.005950E+0 3.093280E-1 4.266270E-1 8.190060E-2 4.822590E-2 9.380890E-3
 2.140550E+0 3.096840E-1 4.672510E-1 8.399330E-2 5.856440E-2 1.201040E-2
 2.267550E+0 3.069140E-1 5.063950E-1 8.462380E-2 6.871750E-2 1.424540E-2
 2.385880E+0 3.018160E-1 5.439780E-1 8.416190E-2 7.853400E-2 1.593690E-2
 9.085430E-2 1.036120E-2 1.213490E-7 4.111540E-10 0.000000E+6 0.000000E+6
 1.220430E-1 1.811350E-2 2.250670E-5 1.096760E-7 0.000000E+6 0.000000E+6
 1.634940E-1 2.941790E-2 2.580070E-4 1.948830E-6 0.000000E+6 0.000000E+6
 2.116900E-1 4.345570E-2 1.146500E-3 1.337760E-5 0.000000E+6 0.000000E+6
 2.695030E-1 5.926590E-2 3.318720E-3 5.942890E-5 0.000000E+6 0.000000E+6
 3.424760E-1 7.629630E-2 7.631480E-3 2.076060E-4 -9.050010E-9 -2.815310E-11
 4.113320E-1 8.996680E-2 1.513580E-2 6.141750E-4 3.711620E-6 2.055180E-8
 5.036710E-1 1.052110E-1 2.715250E-2 1.603570E-3 4.028210E-5 3.443070E-7
 5.903890E-1 1.180210E-1 4.475630E-2 3.714910E-3 1.848890E-4 2.434700E-6
 7.018180E-1 1.342190E-1 6.852980E-2 7.648280E-3 5.673590E-4 1.143080E-5
 8.147340E-1 1.518620E-1 9.778440E-2 1.388330E-2 1.385340E-3 4.217110E-5
 9.352940E-1 1.715590E-1 1.310510E-1 2.228590E-2 2.914590E-3 1.314850E-4
 1.077610E+0 1.926040E-1 1.670030E-1 3.204670E-2 5.493400E-3 3.574540E-4
 1.202930E+0 2.104750E-1 2.031120E-1 4.160780E-2 9.384070E-3 8.466110E-4
 1.318920E+0 2.245950E-1 2.387740E-1 4.995480E-2 1.473920E-2 1.758380E-3
 1.433230E+0 2.339200E-1 2.732430E-1 5.634250E-2 2.132140E-2 3.176960E-3
 1.545170E+0 2.388930E-1 3.071820E-1 6.073530E-2 2.877280E-2 5.033550E-3
 1.655220E+0 2.392080E-1 3.387230E-1 6.309180E-2 3.652790E-2 7.069390E-3
 1.746000E+0 2.370600E-1 3.686230E-1 6.412100E-2 4.431220E-2 9.025460E-3
 1.835870E+0 2.320430E-1 3.964420E-1 6.385940E-2 5.183600E-2 1.063090E-2
 1.917020E+0 2.257500E-1 4.246160E-1 6.286210E-2 5.901840E-2 1.180110E-2
 8.083500E-2 9.495330E-3 0.000000E+6 0.000000E+6 0.000000E+6 0.000000E+6
 1.162020E-1 1.731320E-2 1.899820E-7 1.013420E-9 0.000000E+6 0.000000E+6
 1.532530E-1 2.782050E-2 1.881660E-5 1.446440E-7 0.000000E+6 0.000000E+6
 1.980230E-1 4.124490E-2 2.999230E-4 3.546880E-6 0.000000E+6 0.000000E+6
 2.474420E-1 5.510660E-2 1.465370E-3 2.655580E-5 0.000000E+6 0.000000E+6
 3.121800E-1 7.018860E-2 4.377530E-3 1.202070E-4 0.000000E+6 0.000000E+6
 3.771140E-1 8.289360E-2 1.007840E-2 4.128500E-4 -1.423360E-8 -6.986230E-11
 4.418390E-1 9.270190E-2 1.960080E-2 1.166950E-3 3.535490E-6 3.072010E-8
 5.280130E-1 1.040010E-1 3.387510E-2 2.830620E-3 4.635590E-5 6.184990E-7
 6.088630E-1 1.144660E-1 5.314120E-2 5.951500E-3 2.300930E-4 4.684860E-6
 7.072140E-1 1.275240E-1 7.685240E-2 1.092290E-2 7.243220E-4 2.224980E-5
 7.970140E-1 1.409670E-1 1.034140E-1 1.754550E-2 1.757380E-3 7.989820E-5
 9.130610E-1 1.553790E-1 1.317580E-1 2.509410E-2 3.592740E-3 2.350640E-4
 1.006570E+0 1.668450E-1 1.597780E-1 3.233530E-2 6.451360E-3 5.847920E-4
 1.093470E+0 1.752760E-1 1.871500E-1 3.845350E-2 1.042580E-2 1.247010E-3
 1.179640E+0 1.800310E-1 2.135490E-1 4.294840E-2 1.534250E-2 2.285770E-3
 1.259830E+0 1.810080E-1 2.381410E-1 4.570580E-2 2.084820E-2 3.637380E-3
 1.336100E+0 1.789410E-1 2.611030E-1 4.697180E-2 2.654760E-2 5.111170E-3
 1.400450E+0 1.747270E-1 2.820630E-1 4.709830E-2 3.222930E-2 6.492380E-3
 1.465640E+0 1.695480E-1 3.039770E-1 4.653600E-2 3.773540E-2 7.625920E-3
 1.519490E+0 1.626570E-1 3.222290E-1 4.521030E-2 4.280470E-2 8.395280E-3
 7.893720E-2 9.475920E-3 0.000000E+6 0.000000E+6 0.000000E+6 0.000000E+6
 1.030240E-1 1.592350E-2 0.000000E+6 0.000000E+6 0.000000E+6 0.000000E+6
 1.350830E-1 2.551230E-2 0.000000E+6 0.000000E+6 0.000000E+6 0.000000E+6
 1.777090E-1 3.725470E-2 4.213490E-6 5.088930E-8 0.000000E+6 0.000000E+6
 2.199260E-1 4.928070E-2 2.021100E-4 3.721810E-6 0.000000E+6 0.000000E+6
 2.656290E-1 6.073720E-2 1.352910E-3 3.767340E-5 0.000000E+6 0.000000E+6
 3.165000E-1 7.018380E-2 4.576620E-3 1.894710E-4 0.000000E+6 0.000000E+6
 3.793630E-1 7.912290E-2 1.100610E-2 6.616260E-4 -2.237420E-8 -1.727500E-10
 4.358320E-1 8.515460E-2 2.136810E-2 1.799620E-3 9.042220E-7 1.241830E-8
 5.073770E-1 9.235190E-2 3.581990E-2 4.033200E-3 3.136750E-5 6.491180E-7
 5.754210E-1 9.972530E-2 5.367080E-2 7.636520E-3 2.038560E-4 6.345370E-6
 6.421760E-1 1.074930E-1 7.364240E-2 1.243860E-2 7.156480E-4 3.289940E-5
 7.225210E-1 1.156370E-1 9.438760E-2 1.780760E-2 1.791030E-3 1.181070E-4
 7.896830E-1 1.213400E-1 1.144150E-1 2.275910E-2 3.603770E-3 3.285290E-4
 8.505580E-1 1.246230E-1 1.335430E-1 2.672730E-2 6.216870E-3 7.451560E-4
 9.042600E-1 1.255540E-1 1.515390E-1 2.948850E-2 9.517480E-3 1.417870E-3
 9.565320E-1 1.240190E-1 1.683470E-1 3.097280E-2 1.322860E-2 2.298130E-3
 1.003710E+0 1.203270E-1 1.835540E-1 3.133530E-2 1.705990E-2 3.247060E-3
 1.049840E+0 1.155710E-1 1.973190E-1 3.097340E-2 2.078340E-2 4.124690E-3
 1.080440E+0 1.099570E-1 2.099040E-1 3.005960E-2 2.429810E-2 4.806660E-3
 1.110790E+0 1.041410E-1 2.218390E-1 2.886100E-2 2.757450E-2 5.265510E-3
 6.805580E-2 8.233200E-3 0.000000E+6 0.000000E+6 0.000000E+6 0.000000E+6
 9.299330E-2 1.459730E-2 0.000000E+6 0.000000E+6 0.000000E+6 0.000000E+6
 1.219890E-1 2.327740E-2 0.000000E+6 0.000000E+6 0.000000E+6 0.000000E+6
 1.534350E-1 3.331260E-2 0.000000E+6 0.000000E+6 0.000000E+6 0.000000E+6
 1.893940E-1 4.250440E-2 6.870950E-7 1.383430E-8 0.000000E+6 0.000000E+6
 2.252460E-1 5.112870E-2 8.755030E-5 2.477730E-6 0.000000E+6 0.000000E+6
 2.619780E-1 5.770750E-2 9.773420E-4 4.101430E-5 0.000000E+6 0.000000E+6
 3.020150E-1 6.236200E-2 3.955970E-3 2.402370E-4 0.000000E+6 0.000000E+6
 3.451420E-1 6.578470E-2 1.010330E-2 8.568120E-4 0.000000E+6 0.000000E+6
 3.922210E-1 6.893060E-2 1.971540E-2 2.229760E-3 -5.433150E-8 -1.020880E-9
 4.401770E-1 7.223610E-2 3.210990E-2 4.568470E-3 1.419440E-5 4.491930E-7
 4.878150E-1 7.583470E-2 4.612910E-2 7.749800E-3 1.406160E-4 6.537820E-6
 5.356160E-1 7.922810E-2 6.061990E-2 1.128200E-2 5.752870E-4 3.832510E-5
 5.783090E-1 8.134800E-2 7.445430E-2 1.450340E-2 1.506070E-3 1.380630E-4
 6.156190E-1 8.166970E-2 8.708310E-2 1.692840E-2 3.008890E-3 3.621240E-4
 6.498520E-1 8.032960E-2 9.854450E-2 1.842780E-2 5.003980E-3 7.446500E-4
 6.820390E-1 7.767710E-2 1.091400E-1 1.908260E-2 7.303240E-3 1.261140E-3
 7.080570E-1 7.382750E-2 1.183990E-1 1.900340E-2 9.679620E-3 1.820440E-3
 7.339580E-1 6.941590E-2 1.263400E-1 1.844730E-2 1.195600E-2 2.325680E-3
 7.519000E-1 6.482480E-2 1.336370E-1 1.761320E-2 1.407480E-2 2.711280E-3
 7.652730E-1 6.033300E-2 1.402250E-1 1.664670E-2 1.600370E-2 2.955530E-3
 5.536100E-2 6.736140E-3 0.000000E+6 0.000000E+6 0.000000E+6 0.000000E+6
 7.534740E-2 1.186970E-2 0.000000E+6 0.000000E+6 0.000000E+6 0.000000E+6
 9.821670E-2 1.875890E-2 0.000000E+6 0.000000E+6 0.000000E+6 0.000000E+6
 1.226750E-1 2.656210E-2 0.000000E+6 0.000000E+6 0.000000E+6 0.000000E+6
 1.476140E-1 3.399640E-2 0.000000E+6 0.000000E+6 0.000000E+6 0.000000E+6
 1.790150E-1 4.021190E-2 1.013580E-6 3.104030E-8 0.000000E+6 0.000000E+6
 2.028850E-1 4.402050E-2 4.690280E-5 1.999060E-6 0.000000E+6 0.000000E+6
 2.300930E-1 4.663110E-2 7.780770E-4 4.768850E-5 0.000000E+6 0.000000E+6
 2.580900E-1 4.785270E-2 3.436240E-3 2.933370E-4 0.000000E+6 0.000000E+6
 2.880870E-1 4.864990E-2 8.818010E-3 9.998010E-4 0.000000E+6 0.000000E+6
 3.214110E-1 4.970310E-2 1.673140E-2 2.377330E-3 -8.339150E-8 -2.407640E-9
 3.497880E-1 5.072690E-2 2.615920E-2 4.366010E-3 7.999370E-6 3.772760E-7
 3.805070E-1 5.170720E-2 3.596980E-2 6.606200E-3 1.070770E-4 7.187180E-6
 4.063980E-1 5.191720E-2 4.524190E-2 8.639170E-3 4.631510E-4 4.275260E-5
 4.298710E-1 5.108590E-2 5.364250E-2 1.011730E-2 1.204120E-3 1.452200E-4
 4.506070E-1 4.927630E-2 6.106960E-2 1.096160E-2 2.318170E-3 3.441760E-4
 4.683380E-1 4.669820E-2 6.760520E-2 1.123260E-2 3.678370E-3 6.306240E-4
 4.825980E-1 4.354380E-2 7.320470E-2 1.104390E-2 5.114430E-3 9.496430E-4
 4.946500E-1 4.028950E-2 7.799980E-2 1.059710E-2 6.497860E-3 1.243830E-3
 5.025910E-1 3.698660E-2 8.218500E-2 9.975800E-3 7.760820E-3 1.462340E-3
 5.081970E-1 3.366000E-2 8.543420E-2 9.237470E-3 8.869910E-3 1.584410E-3
---