PdfType: central
Format: lhagrid1
---
 1.000000E-6 1.700000E-6 3.200000E-6 6.000000E-6 1.000000E-5 1.700000E-5 3.200000E-5 6.000000E-5 1.000000E-4 1.700000E-4 3.200000E-4 6.000000E-4 1.000000E-3 1.700000E-3 3.200000E-3 6.000000E-3 1.000000E-2 1.700000E-2 3.200000E-2 6.000000E-2 1.000000E-1
 3.162278E-1 3.981068E-1 5.011876E-1 6.309572E-1 7.943280E-1 1.000000E+0 1.258924E+0 1.584894E+0 1.995262E+0 2.511886E+0 3.162278E+0 3.981068E+0 5.011876E+0 6.309572E+0 7.943280E+0 1.000000E+1 1.258924E+1 1.584894E+1 1.995262E+1 2.511886E+1 3.162278E+1
900 901 917 918 920 921
 1.502480E+1 1.040580E+0 8.741280E-1 2.223010E-3 1.937130E-2 6.179310E-6
 2.249390E+1 2.026120E+0 1.511150E+0 6.038540E-3 3.636390E-2 1.826750E-5
 3.342580E+1 3.631790E+0 2.609320E+0 1.629030E-2 6.777690E-2 5.359370E-5
 4.935050E+1 6.178630E+0 4.498860E+0 4.377080E-2 1.252730E-1 1.557370E-4
 7.174120E+1 9.931000E+0 7.668050E+0 1.150500E-1 2.293410E-1 4.472900E-4
 1.038840E+2 1.543720E+1 1.294440E+1 2.963670E-1 4.174240E-1 1.277710E-3
 1.492450E+2 2.346760E+1 2.145960E+1 7.398220E-1 7.556440E-1 3.626860E-3
 2.109000E+2 3.488560E+1 3.472280E+1 1.760540E+0 1.359540E+0 1.021250E-2
 2.956960E+2 5.147240E+1 5.451450E+1 3.942420E+0 2.420370E+0 2.826740E-2
 4.068230E+2 7.580580E+1 8.284340E+1 8.226880E+0 4.255920E+0 7.657590E-2
 5.482080E+2 1.101320E+2 1.208240E+2 1.575800E+1 7.338500E+0 2.007540E-1
 7.294150E+2 1.568180E+2 1.700950E+2 2.764270E+1 1.233700E+1 5.055870E-1
 9.451400E+2 2.163770E+2 2.304000E+2 4.427750E+1 2.007300E+1 1.197950E+0
 1.193270E+3 2.859760E+2 3.015120E+2 6.512080E+1 3.144570E+1 2.641280E+0
 1.487920E+3 3.677210E+2 3.849170E+2 9.000100E+1 4.701910E+1 5.323580E+0
 1.818030E+3 4.541120E+2 4.796410E+2 1.168100E+2 6.697220E+1 9.674100E+0
 2.186530E+3 5.432860E+2 5.850630E+2 1.445800E+2 9.098790E+1 1.589560E+1
 2.606260E+3 6.359650E+2 7.038220E+2 1.731790E+2 1.189240E+2 2.384760E+1
 3.044090E+3 7.231380E+2 8.289840E+2 2.000290E+2 1.496920E+2 3.269780E+1
 3.524010E+3 8.079990E+2 9.658550E+2 2.258690E+2 1.831880E+2 4.187510E+1
 4.130570E+3 8.994690E+2 1.136250E+3 2.531920E+2 2.222610E+2 5.133000E+1
 1.409340E+1 9.936160E-1 7.811780E-1 2.011510E-3 1.580470E-2 5.071370E-6
 2.125910E+1 1.912560E+0 1.345910E+0 5.413930E-3 2.986780E-2 1.509920E-5
 3.137400E+1 3.508900E+0 2.321440E+0 1.460580E-2 5.606430E-2 4.461840E-5
 4.640220E+1 6.029070E+0 4.003640E+0 3.924360E-2 1.044270E-1 1.307140E-4
 6.687470E+1 9.575450E+0 6.835630E+0 1.034770E-1 1.926330E-1 3.784610E-4
 9.648670E+1 1.482870E+1 1.156460E+1 2.679430E-1 3.519690E-1 1.084100E-3
 1.378210E+2 2.236070E+1 1.922660E+1 6.680370E-1 6.401630E-1 3.090730E-3
 1.939640E+2 3.273120E+1 3.110870E+1 1.589780E+0 1.154770E+0 8.714720E-3
 2.696460E+2 4.819950E+1 4.886160E+1 3.572220E+0 2.062660E+0 2.421090E-2
 3.704260E+2 6.944250E+1 7.402150E+1 7.395720E+0 3.633620E+0 6.573800E-2
 4.978050E+2 1.006550E+2 1.081670E+2 1.418060E+1 6.298270E+0 1.734680E-1
 6.565380E+2 1.420300E+2 1.514820E+2 2.475140E+1 1.058940E+1 4.358580E-1
 8.462490E+2 1.940450E+2 2.048070E+2 3.948670E+1 1.729370E+1 1.037960E+0
 1.067010E+3 2.552860E+2 2.671710E+2 5.783210E+1 2.704170E+1 2.281200E+0
 1.322210E+3 3.251170E+2 3.396710E+2 7.935290E+1 4.047830E+1 4.600530E+0
 1.612090E+3 3.987130E+2 4.220490E+2 1.023440E+2 5.766850E+1 8.358510E+0
 1.922020E+3 4.741510E+2 5.114740E+2 1.260100E+2 7.820730E+1 1.370810E+1
 2.274520E+3 5.488090E+2 6.111720E+2 1.492960E+2 1.017290E+2 2.038540E+1
 2.645480E+3 6.215080E+2 7.181960E+2 1.718100E+2 1.280870E+2 2.792390E+1
 3.043270E+3 6.907430E+2 8.326360E+2 1.930170E+2 1.563720E+2 3.565200E+1
 3.560390E+3 7.632960E+2 9.759300E+2 2.148010E+2 1.889540E+2 4.343660E+1
 1.344120E+1 9.885470E-1 6.792540E-1 1.780840E-3 1.225120E-2 3.960070E-6
 2.000960E+1 1.920980E+0 1.169590E+0 4.755280E-3 2.337740E-2 1.190510E-5
 2.929320E+1 3.422620E+0 2.017960E+0 1.283510E-2 4.426570E-2 3.549270E-5
 4.282860E+1 5.731570E+0 3.477790E+0 3.446400E-2 8.316360E-2 1.049100E-4
 6.157440E+1 9.143950E+0 5.963780E+0 9.135830E-2 1.549170E-1 3.070780E-4
 8.810550E+1 1.382290E+1 1.008880E+1 2.358180E-1 2.854750E-1 8.867920E-4
 1.252280E+2 2.065800E+1 1.673550E+1 5.882060E-1 5.211650E-1 2.532990E-3
 1.750730E+2 3.044450E+1 2.717820E+1 1.405070E+0 9.447930E-1 7.176960E-3
 2.423310E+2 4.372200E+1 4.269560E+1 3.146470E+0 1.695470E+0 2.002650E-2
 3.292280E+2 6.287910E+1 6.469350E+1 6.543980E+0 3.000330E+0 5.464960E-2
 4.402370E+2 8.970710E+1 9.388950E+1 1.242440E+1 5.202370E+0 1.441020E-1
 5.775750E+2 1.254800E+2 1.315630E+2 2.162200E+1 8.793400E+0 3.639710E-1
 7.403720E+2 1.693910E+2 1.769360E+2 3.419490E+1 1.437910E+1 8.669040E-1
 9.293320E+2 2.215890E+2 2.302200E+2 4.992220E+1 2.253600E+1 1.909370E+0
 1.145940E+3 2.792700E+2 2.914280E+2 6.787270E+1 3.369970E+1 3.842790E+0
 1.379520E+3 3.389650E+2 3.587830E+2 8.679850E+1 4.791870E+1 6.966000E+0
 1.645080E+3 4.001740E+2 4.346500E+2 1.061520E+2 6.501160E+1 1.139380E+1
 1.924530E+3 4.587800E+2 5.149960E+2 1.246730E+2 8.433840E+1 1.687080E+1
 2.243950E+3 5.165520E+2 6.050870E+2 1.426670E+2 1.059160E+2 2.303420E+1
 2.561930E+3 5.700210E+2 6.972660E+2 1.591950E+2 1.288820E+2 2.926890E+1
 2.964730E+3 6.240140E+2 8.095700E+2 1.755420E+2 1.547530E+2 3.537580E+1
 1.253910E+1 9.522980E-1 5.839610E-1 1.559090E-3 9.365800E-3 3.050410E-6
 1.864260E+1 1.815400E+0 1.016240E+0 4.201900E-3 1.808020E-2 9.275090E-6
 2.767670E+1 3.373030E+0 1.749920E+0 1.123060E-2 3.458120E-2 2.793290E-5
 3.947130E+1 5.436640E+0 3.012180E+0 3.009230E-2 6.557390E-2 8.333990E-5
 5.658530E+1 8.664270E+0 5.167290E+0 7.988250E-2 1.232520E-1 2.461730E-4
 8.018420E+1 1.317130E+1 8.738950E+0 2.066720E-1 2.293620E-1 7.187150E-4
 1.131370E+2 1.921040E+1 1.456010E+1 5.178660E-1 4.217770E-1 2.066310E-3
 1.573990E+2 2.785170E+1 2.358020E+1 1.229060E+0 7.681140E-1 5.872110E-3
 2.163700E+2 3.990100E+1 3.711840E+1 2.763020E+0 1.384800E+0 1.646150E-2
 2.947010E+2 5.716480E+1 5.628240E+1 5.756020E+0 2.461770E+0 4.513550E-2
 3.896600E+2 7.993620E+1 8.169340E+1 1.089270E+1 4.288130E+0 1.196590E-1
 5.053280E+2 1.095080E+2 1.135460E+2 1.869210E+1 7.266700E+0 3.027310E-1
 6.449420E+2 1.485400E+2 1.526270E+2 2.969760E+1 1.190440E+1 7.225140E-1
 8.059150E+2 1.918330E+2 1.975200E+2 4.297550E+1 1.868960E+1 1.593820E+0
 9.863580E+2 2.388560E+2 2.485890E+2 5.783600E+1 2.792960E+1 3.197250E+0
 1.181280E+3 2.874670E+2 3.052360E+2 7.342460E+1 3.973740E+1 5.791610E+0
 1.410280E+3 3.361560E+2 3.682890E+2 8.899420E+1 5.374180E+1 9.428230E+0
 1.654220E+3 3.845500E+2 4.377770E+2 1.043350E+2 6.983500E+1 1.396460E+1
 1.883090E+3 4.274740E+2 5.053080E+2 1.179730E+2 8.705710E+1 1.890670E+1
 2.156320E+3 4.671460E+2 5.816840E+2 1.303720E+2 1.055720E+2 2.383670E+1
 2.465480E+3 5.084550E+2 6.701580E+2 1.429800E+2 1.263920E+2 2.871990E+1
 1.191710E+1 9.304340E-1 5.121400E-1 1.383180E-3 7.424230E-3 2.433720E-6
 1.748890E+1 1.732970E+0 9.003590E-1 3.780350E-3 1.450060E-2 7.485230E-6
 2.556730E+1 3.144590E+0 1.555470E+0 1.007920E-2 2.800540E-2 2.275950E-5
 3.719330E+1 5.309890E+0 2.677410E+0 2.696840E-2 5.355140E-2 6.847540E-5
 5.289000E+1 8.280430E+0 4.586770E+0 7.155550E-2 1.014590E-1 2.039120E-4
 7.453530E+1 1.242640E+1 7.775190E+0 1.853470E-1 1.903090E-1 6.002510E-4
 1.044180E+2 1.817210E+1 1.296140E+1 4.653550E-1 3.527290E-1 1.740110E-3
 1.445560E+2 2.592800E+1 2.103950E+1 1.108580E+0 6.455660E-1 4.964620E-3
 1.978000E+2 3.689590E+1 3.306290E+1 2.484590E+0 1.168260E+0 1.395900E-2
 2.666500E+2 5.214550E+1 5.006880E+1 5.146570E+0 2.083780E+0 3.837990E-2
 3.516600E+2 7.267080E+1 7.248100E+1 9.737940E+0 3.640310E+0 1.020730E-1
 4.544310E+2 9.916650E+1 1.007380E+2 1.671070E+1 6.191880E+0 2.592070E-1
 5.759410E+2 1.323120E+2 1.347970E+2 2.628590E+1 1.016530E+1 6.200600E-1
 7.137760E+2 1.693410E+2 1.737350E+2 3.775530E+1 1.597090E+1 1.366090E+0
 8.675120E+2 2.088210E+2 2.175790E+2 5.042530E+1 2.387040E+1 2.739240E+0
 1.036740E+3 2.506140E+2 2.662310E+2 6.386940E+1 3.392850E+1 4.958650E+0
 1.236300E+3 2.919420E+2 3.210440E+2 7.716820E+1 4.591340E+1 8.073430E+0
 1.464490E+3 3.338120E+2 3.845620E+2 9.043420E+1 5.998730E+1 1.197200E+1
 1.638280E+3 3.639490E+2 4.360570E+2 1.003620E+2 7.389090E+1 1.599670E+1
 1.847560E+3 3.967250E+2 4.975450E+2 1.106790E+2 8.949870E+1 2.016020E+1
 2.116910E+3 4.284720E+2 5.727910E+2 1.204480E+2 1.067540E+2 2.412520E+1
 1.120020E+1 8.853550E-1 4.433360E-1 1.209090E-3 5.727570E-3 1.890640E-6
 1.673750E+1 1.739250E+0 7.874530E-1 3.351420E-3 1.136970E-2 5.907700E-6
 2.420410E+1 3.076970E+0 1.373970E+0 9.044330E-3 2.223730E-2 1.818960E-5
 3.487520E+1 5.190800E+0 2.365620E+0 2.407530E-2 4.296550E-2 5.529690E-5
 4.911060E+1 7.911030E+0 4.043260E+0 6.339990E-2 8.213430E-2 1.661270E-4
 6.890480E+1 1.177460E+1 6.856300E+0 1.647990E-1 1.553710E-1 4.932100E-4
 9.570460E+1 1.716850E+1 1.145110E+1 4.142350E-1 2.904490E-1 1.443380E-3
 1.317500E+2 2.425230E+1 1.857110E+1 9.857840E-1 5.352820E-1 4.143600E-3
 1.797890E+2 3.415330E+1 2.922230E+1 2.212730E+0 9.731900E-1 1.169360E-2
 2.401570E+2 4.754160E+1 4.412920E+1 4.575160E+0 1.742280E+0 3.225300E-2
 3.168700E+2 6.566080E+1 6.386910E+1 8.627720E+0 3.057050E+0 8.612300E-2
 4.052620E+2 8.846160E+1 8.851050E+1 1.474810E+1 5.222010E+0 2.198070E-1
 5.104400E+2 1.173240E+2 1.181430E+2 2.312420E+1 8.607360E+0 5.273470E-1
 6.270590E+2 1.482490E+2 1.514820E+2 3.289010E+1 1.352380E+1 1.160670E+0
 7.605480E+2 1.821210E+2 1.891610E+2 4.381510E+1 2.019510E+1 2.325900E+0
 9.094210E+2 2.162230E+2 2.307220E+2 5.495220E+1 2.867590E+1 4.199480E+0
 1.074210E+3 2.490290E+2 2.764690E+2 6.570810E+1 3.875080E+1 6.801230E+0
 1.227680E+3 2.794610E+2 3.217340E+2 7.567980E+1 4.992330E+1 9.978290E+0
 1.398110E+3 3.076750E+2 3.715510E+2 8.478940E+1 6.220930E+1 1.344170E+1
 1.582200E+3 3.330320E+2 4.238180E+2 9.285780E+1 7.513120E+1 1.684130E+1
 1.800120E+3 3.570950E+2 4.844670E+2 1.003460E+2 8.915500E+1 2.003770E+1
 1.056760E+1 8.728450E-1 3.704890E-1 1.023140E-3 4.057330E-3 1.351790E-6
 1.552060E+1 1.645350E+0 6.631300E-1 2.859860E-3 8.292950E-3 4.346200E-6
 2.239020E+1 2.974120E+0 1.172130E+0 7.854110E-3 1.655950E-2 1.365400E-5
 3.215640E+1 4.917740E+0 2.031580E+0 2.094650E-2 3.250910E-2 4.216370E-5
 4.539160E+1 7.526190E+0 3.477030E+0 5.514140E-2 6.295660E-2 1.283440E-4
 6.294650E+1 1.104200E+1 5.893750E+0 1.429750E-1 1.204460E-1 3.853430E-4
 8.675030E+1 1.599180E+1 9.836490E+0 3.590840E-1 2.275810E-1 1.139890E-3
 1.181320E+2 2.203280E+1 1.598270E+1 8.577450E-1 4.239290E-1 3.310700E-3
 1.598520E+2 3.066970E+1 2.510520E+1 1.919760E+0 7.763910E-1 9.398330E-3
 2.119850E+2 4.198350E+1 3.786000E+1 3.946360E+0 1.397670E+0 2.604080E-2
 2.767840E+2 5.769830E+1 5.469210E+1 7.426940E+0 2.462670E+0 6.979700E-2
 3.525010E+2 7.710780E+1 7.560000E+1 1.266930E+1 4.226850E+0 1.789930E-1
 4.400120E+2 1.003240E+2 1.002320E+2 1.959450E+1 6.978420E+0 4.296280E-1
 5.390510E+2 1.259310E+2 1.280290E+2 2.777390E+1 1.099720E+1 9.490330E-1
 6.480050E+2 1.534530E+2 1.592290E+2 3.676270E+1 1.645320E+1 1.902910E+0
 7.653740E+2 1.801950E+2 1.926280E+2 4.566940E+1 2.331630E+1 3.423930E+0
 9.045940E+2 2.061590E+2 2.303100E+2 5.427920E+1 3.144940E+1 5.535020E+0
 1.039340E+3 2.294670E+2 2.689710E+2 6.203820E+1 4.058850E+1 8.092140E+0
 1.168340E+3 2.501840E+2 3.074710E+2 6.886990E+1 5.029530E+1 1.082890E+1
 1.306040E+3 2.684650E+2 3.475860E+2 7.480280E+1 6.052940E+1 1.349260E+1
 1.476830E+3 2.854920E+2 3.949710E+2 8.018750E+1 7.150630E+1 1.595030E+1
 9.903780E+0 8.412380E-1 3.069980E-1 8.576970E-4 2.701450E-3 9.089070E-7
 1.459140E+1 1.628390E+0 5.538730E-1 2.417490E-3 5.806880E-3 3.071780E-6
 2.098740E+1 2.847000E+0 9.887900E-1 6.722300E-3 1.198560E-2 9.969730E-6
 2.956460E+1 4.612280E+0 1.733450E+0 1.817000E-2 2.408230E-2 3.149310E-5
 4.153070E+1 7.154950E+0 2.975510E+0 4.771320E-2 4.745500E-2 9.749690E-5
 5.719930E+1 1.038380E+1 5.043020E+0 1.233840E-1 9.205020E-2 2.967370E-4
 7.808910E+1 1.471190E+1 8.392670E+0 3.094630E-1 1.759820E-1 8.881990E-4
 1.059830E+2 2.031470E+1 1.364790E+1 7.385670E-1 3.314590E-1 2.609580E-3
 1.412720E+2 2.743980E+1 2.144440E+1 1.649950E+0 6.132850E-1 7.485100E-3
 1.872620E+2 3.748310E+1 3.236720E+1 3.401370E+0 1.111770E+0 2.085660E-2
 2.419970E+2 5.037630E+1 4.658500E+1 6.366580E+0 1.970330E+0 5.622260E-2
 3.062080E+2 6.665990E+1 6.410400E+1 1.079090E+1 3.387280E+0 1.442600E-1
 3.797560E+2 8.597950E+1 8.481280E+1 1.661700E+1 5.610220E+0 3.469220E-1
 4.624980E+2 1.069200E+2 1.079260E+2 2.339290E+1 8.862350E+0 7.682560E-1
 5.503300E+2 1.285760E+2 1.332800E+2 3.064740E+1 1.327920E+1 1.541210E+0
 6.444740E+2 1.494110E+2 1.605160E+2 3.774510E+1 1.882120E+1 2.768990E+0
 7.485890E+2 1.688230E+2 1.894670E+2 4.436910E+1 2.534840E+1 4.462420E+0
 8.560320E+2 1.865170E+2 2.198270E+2 5.036090E+1 3.257170E+1 6.499450E+0
 9.649040E+2 2.019490E+2 2.523050E+2 5.553150E+1 4.042190E+1 8.658100E+0
 1.077750E+3 2.149390E+2 2.841870E+2 5.984190E+1 4.840060E+1 1.072730E+1
 1.207630E+3 2.269000E+2 3.203620E+2 6.369860E+1 5.699110E+1 1.261970E+1
 9.389640E+0 8.199120E-1 2.609270E-1 7.363360E-4 1.779660E-3 6.041150E-7
 1.361920E+1 1.525540E+0 4.746440E-1 2.092170E-3 4.120650E-3 2.197870E-6
 1.959640E+1 2.695070E+0 8.520630E-1 5.848710E-3 8.901720E-3 7.461400E-6
 2.756190E+1 4.407910E+0 1.508990E+0 1.604320E-2 1.841800E-2 2.425860E-5
 3.876130E+1 6.795950E+0 2.614880E+0 4.253720E-2 3.703780E-2 7.661820E-5
 5.295180E+1 9.858520E+0 4.426230E+0 1.091230E-1 7.292040E-2 2.366360E-4
 7.195580E+1 1.372250E+1 7.373510E+0 2.730750E-1 1.410750E-1 7.165430E-4
 9.695430E+1 1.875630E+1 1.198900E+1 6.535360E-1 2.683080E-1 2.125540E-3
 1.282650E+2 2.544920E+1 1.882010E+1 1.460530E+0 5.010680E-1 6.156150E-3
 1.676690E+2 3.389380E+1 2.829960E+1 2.993430E+0 9.151280E-1 1.728050E-2
 2.154730E+2 4.519070E+1 4.073070E+1 5.602570E+0 1.629850E+0 4.673850E-2
 2.715160E+2 5.918530E+1 5.594570E+1 9.447010E+0 2.814050E+0 1.203470E-1
 3.344410E+2 7.552710E+1 7.362280E+1 1.446270E+1 4.673640E+0 2.904520E-1
 4.045170E+2 9.304790E+1 9.338860E+1 2.023500E+1 7.400950E+0 6.438840E-1
 4.797320E+2 1.108330E+2 1.148270E+2 2.630690E+1 1.110300E+1 1.292340E+0
 5.599250E+2 1.275330E+2 1.375950E+2 3.212970E+1 1.572570E+1 2.316850E+0
 6.426970E+2 1.432170E+2 1.616900E+2 3.757580E+1 2.117320E+1 3.730410E+0
 7.335320E+2 1.566960E+2 1.867840E+2 4.225260E+1 2.713490E+1 5.403640E+0
 8.234810E+2 1.685620E+2 2.129760E+2 4.630820E+1 3.352990E+1 7.171980E+0
 9.192890E+2 1.785170E+2 2.403820E+2 4.966740E+1 4.019070E+1 8.858450E+0
 1.021590E+3 1.870230E+2 2.689660E+2 5.248000E+1 4.710460E+1 1.036070E+1
 8.837070E+0 7.886930E-1 2.176750E-1 6.204830E-4 9.894900E-4 3.393160E-7
 1.295230E+1 1.509990E+0 4.006040E-1 1.783750E-3 2.634600E-3 1.418350E-6
 1.856920E+1 2.668810E+0 7.260020E-1 5.033130E-3 6.181110E-3 5.225800E-6
 2.623940E+1 4.402080E+0 1.294610E+0 1.391230E-2 1.345280E-2 1.786140E-5
 3.587800E+1 6.466470E+0 2.263990E+0 3.733950E-2 2.792990E-2 5.821400E-5
 4.903000E+1 9.290830E+0 3.855190E+0 9.612900E-2 5.621360E-2 1.837240E-4
 6.623000E+1 1.286940E+1 6.426870E+0 2.403150E-1 1.105000E-1 5.651440E-4
 8.801220E+1 1.749830E+1 1.044670E+1 5.743620E-1 2.128730E-1 1.697700E-3
 1.162360E+2 2.310950E+1 1.635420E+1 1.277850E+0 4.017690E-1 4.969880E-3
 1.503100E+2 3.048350E+1 2.459090E+1 2.616510E+0 7.407370E-1 1.408380E-2
 1.918430E+2 4.020350E+1 3.530890E+1 4.875730E+0 1.327940E+0 3.830460E-2
 2.398330E+2 5.207760E+1 4.835930E+1 8.185940E+0 2.303890E+0 9.901340E-2
 2.926840E+2 6.545600E+1 6.336230E+1 1.242120E+1 3.841840E+0 2.398370E-1
 3.516890E+2 7.982350E+1 7.993620E+1 1.724810E+1 6.093750E+0 5.320530E-1
 4.149080E+2 9.435720E+1 9.790290E+1 2.229580E+1 9.150150E+0 1.067760E+0
 4.811100E+2 1.078040E+2 1.168460E+2 2.707600E+1 1.298710E+1 1.916700E+0
 5.525160E+2 1.198570E+2 1.367400E+2 3.137050E+1 1.743250E+1 3.070300E+0
 6.223070E+2 1.301800E+2 1.571900E+2 3.504870E+1 2.232220E+1 4.434460E+0
 6.941760E+2 1.391180E+2 1.782730E+2 3.818230E+1 2.752600E+1 5.868700E+0
 7.704510E+2 1.460600E+2 1.997790E+2 4.061020E+1 3.287020E+1 7.205640E+0
 8.581990E+2 1.520140E+2 2.235170E+2 4.263300E+1 3.843750E+1 8.382000E+0
 8.414170E+0 7.697500E-1 1.703410E-1 4.913540E-4 3.249940E-4 1.130400E-7
 1.231610E+1 1.482730E+0 3.210120E-1 1.447060E-3 1.226030E-3 6.682950E-7
 1.723340E+1 2.549310E+0 5.909040E-1 4.148590E-3 3.492480E-3 2.986460E-6
 2.414010E+1 4.096050E+0 1.065240E+0 1.157990E-2 8.512140E-3 1.142090E-5
 3.308900E+1 6.222240E+0 1.884720E+0 3.154870E-2 1.893000E-2 3.984180E-5
 4.452880E+1 8.665090E+0 3.242660E+0 8.221380E-2 3.977120E-2 1.311710E-4
 5.944810E+1 1.187840E+1 5.419050E+0 2.045530E-1 8.045820E-2 4.150610E-4
 7.866960E+1 1.582420E+1 8.806070E+0 4.879510E-1 1.582220E-1 1.272380E-3
 1.021960E+2 2.047140E+1 1.375640E+1 1.078700E+0 3.033700E-1 3.782100E-3
 1.315300E+2 2.685690E+1 2.065580E+1 2.213980E+0 5.666630E-1 1.086190E-2
 1.659280E+2 3.480710E+1 2.953820E+1 4.101200E+0 1.026540E+0 2.984190E-2
 2.057320E+2 4.427450E+1 4.029930E+1 6.838220E+0 1.794550E+0 7.764590E-2
 2.497250E+2 5.514970E+1 5.259560E+1 1.032210E+1 3.005730E+0 1.886030E-1
 2.967720E+2 6.645840E+1 6.607420E+1 1.423730E+1 4.789040E+0 4.202230E-1
 3.460140E+2 7.742500E+1 8.041850E+1 1.818740E+1 7.200350E+0 8.430420E-1
 4.018970E+2 8.752440E+1 9.574180E+1 2.188470E+1 1.021330E+1 1.510390E+0
 4.554540E+2 9.626500E+1 1.109030E+2 2.512850E+1 1.370690E+1 2.415650E+0
 5.138680E+2 1.035720E+2 1.271880E+2 2.782680E+1 1.751560E+1 3.473790E+0
 5.675040E+2 1.095180E+2 1.431750E+2 3.001570E+1 2.153320E+1 4.569370E+0
 6.314780E+2 1.140120E+2 1.607980E+2 3.166220E+1 2.567250E+1 5.575490E+0
 6.874360E+2 1.177180E+2 1.772790E+2 3.299350E+1 2.985320E+1 6.455900E+0
 7.863150E+0 7.414050E-1 1.258370E-1 3.674990E-4 3.567470E-5 1.264690E-8
 1.142240E+1 1.424560E+0 2.483780E-1 1.133310E-3 3.329350E-4 1.842190E-7
 1.612240E+1 2.434330E+0 4.700910E-1 3.339750E-3 1.469620E-3 1.272960E-6
 2.237660E+1 3.957700E+0 8.638210E-1 9.511910E-3 4.544700E-3 6.168460E-6
 3.028070E+1 5.670520E+0 1.545710E+0 2.616650E-2 1.158760E-2 2.464860E-5
 4.027470E+1 8.054570E+0 2.695940E+0 6.946880E-2 2.641760E-2 8.800080E-5
 5.369720E+1 1.106170E+1 4.545800E+0 1.745920E-1 5.621560E-2 2.926870E-4
 6.996020E+1 1.427480E+1 7.380410E+0 4.125080E-1 1.142070E-1 9.264520E-4
 9.046380E+1 1.830860E+1 1.152980E+1 9.121560E-1 2.240010E-1 2.815730E-3
 1.148720E+2 2.341280E+1 1.725250E+1 1.855410E+0 4.255150E-1 8.218920E-3
 1.436660E+2 2.992370E+1 2.461330E+1 3.428290E+0 7.814450E-1 2.290220E-2
 1.758930E+2 3.755390E+1 3.344390E+1 5.685160E+0 1.379880E+0 6.014390E-2
 2.117640E+2 4.597420E+1 4.339770E+1 8.500480E+0 2.326560E+0 1.468240E-1
 2.500180E+2 5.475810E+1 5.427260E+1 1.161670E+1 3.719960E+0 3.277490E-1
 2.897540E+2 6.307190E+1 6.565750E+1 1.471790E+1 5.608090E+0 6.585550E-1
 3.323550E+2 7.048010E+1 7.760310E+1 1.754500E+1 7.966770E+0 1.179990E+0
 3.714920E+2 7.661680E+1 8.948050E+1 1.993900E+1 1.067280E+1 1.880020E+0
 4.152930E+2 8.153920E+1 1.018120E+2 2.186200E+1 1.360850E+1 2.690860E+0
 4.656490E+2 8.552490E+1 1.151510E+2 2.339630E+1 1.670840E+1 3.521800E+0
 5.063870E+2 8.815980E+1 1.268380E+2 2.445960E+1 1.980950E+1 4.276280E+0
 5.515510E+2 9.018560E+1 1.399750E+2 2.525720E+1 2.298550E+1 4.914970E+0
 7.540890E+0 7.286080E-1 9.056050E-2 2.673820E-4 -8.964590E-8 -2.810270E-11
 1.078090E+1 1.362670E+0 1.918180E-1 8.838820E-4 4.221390E-5 2.376260E-8
 1.514420E+1 2.340980E+0 3.786170E-1 2.715660E-3 4.533260E-4 3.977310E-7
 2.096880E+1 3.718270E+0 7.133060E-1 7.930120E-3 2.114180E-3 2.900840E-6
 2.830310E+1 5.586190E+0 1.297680E+0 2.218610E-2 6.716170E-3 1.442360E-5
 3.754310E+1 7.766270E+0 2.287120E+0 5.947640E-2 1.735370E-2 5.831320E-5
 4.910310E+1 1.015970E+1 3.892980E+0 1.513170E-1 3.976470E-2 2.087280E-4
 6.373780E+1 1.309280E+1 6.356000E+0 3.587860E-1 8.455010E-2 6.911190E-4
 8.165120E+1 1.669750E+1 9.948470E+0 7.934700E-1 1.706850E-1 2.160900E-3
 1.026650E+2 2.102870E+1 1.486250E+1 1.608420E+0 3.306830E-1 6.430240E-3
 1.271440E+2 2.637840E+1 2.112420E+1 2.948230E+0 6.159060E-1 1.816230E-2
 1.543560E+2 3.263310E+1 2.855820E+1 4.853930E+0 1.098950E+0 4.818340E-2
 1.856760E+2 3.957500E+1 3.694650E+1 7.216740E+0 1.866450E+0 1.183670E-1
 2.176030E+2 4.654990E+1 4.592620E+1 9.792030E+0 2.997540E+0 2.652220E-1
 2.489910E+2 5.300520E+1 5.534080E+1 1.229860E+1 4.531880E+0 5.335780E-1
 2.829330E+2 5.862000E+1 6.492290E+1 1.453860E+1 6.441670E+0 9.551990E-1
 3.171680E+2 6.314820E+1 7.478140E+1 1.638510E+1 8.626540E+0 1.518660E+0
 3.512540E+2 6.657310E+1 8.451290E+1 1.781420E+1 1.098080E+1 2.165770E+0
 3.921780E+2 6.941430E+1 9.532520E+1 1.896130E+1 1.347560E+1 2.826680E+0
 4.253460E+2 7.102030E+1 1.050160E+2 1.968180E+1 1.594660E+1 3.415740E+0
 4.584170E+2 7.193310E+1 1.146990E+2 2.013090E+1 1.840590E+1 3.897990E+0
 7.245570E+0 7.014360E-1 5.478110E-2 1.636450E-4 0.000000E+6 0.000000E+6
 1.043030E+1 1.336290E+0 1.342030E-1 6.253370E-4 -1.419870E-7 -7.051520E-11
 1.449440E+1 2.288880E+0 2.867300E-1 2.079220E-3 4.346670E-5 3.884000E-8
 1.959480E+1 3.557150E+0 5.660920E-1 6.356030E-3 5.716950E-4 7.951430E-7
 2.640230E+1 5.262590E+0 1.059440E+0 1.829830E-2 2.899220E-3 6.297250E-6
 3.486900E+1 7.201290E+0 1.898910E+0 4.983250E-2 9.594690E-3 3.256520E-5
 4.495350E+1 9.323280E+0 3.270010E+0 1.282900E-1 2.529360E-2 1.339810E-4
 5.770310E+1 1.200240E+1 5.395220E+0 3.084940E-1 5.839340E-2 4.813190E-4
 7.329000E+1 1.506080E+1 8.462300E+0 6.807240E-1 1.239600E-1 1.581710E-3
 9.139920E+1 1.864710E+1 1.261510E+1 1.370830E+0 2.478320E-1 4.854390E-3
 1.123640E+2 2.310890E+1 1.789510E+1 2.503430E+0 4.713290E-1 1.398910E-2
 1.352950E+2 2.818880E+1 2.411670E+1 4.102550E+0 8.532290E-1 3.765040E-2
 1.594950E+2 3.359220E+1 3.103480E+1 6.044620E+0 1.464250E+0 9.341300E-2
 1.852790E+2 3.902030E+1 3.838780E+1 8.132350E+0 2.366330E+0 2.101670E-1
 2.122140E+2 4.387220E+1 4.602530E+1 1.011130E+1 3.589620E+0 4.236830E-1
 2.393470E+2 4.800780E+1 5.369880E+1 1.185160E+1 5.111130E+0 7.586630E-1
 2.736840E+2 5.149820E+1 6.208860E+1 1.330660E+1 6.860130E+0 1.206530E+0
 2.925240E+2 5.354810E+1 6.920890E+1 1.429660E+1 8.708110E+0 1.711940E+0
 3.256260E+2 5.519840E+1 7.752350E+1 1.505380E+1 1.064710E+1 2.221160E+0
 3.480250E+2 5.589090E+1 8.460870E+1 1.547270E+1 1.253940E+1 2.666430E+0
 3.773190E+2 5.615150E+1 9.258800E+1 1.570050E+1 1.445610E+1 3.021920E+0
 7.033990E+0 7.042540E-1 1.938570E-2 5.881880E-5 0.000000E+6 0.000000E+6
 9.884200E+0 1.291390E+0 6.850180E-2 3.237740E-4 0.000000E+6 0.000000E+6
 1.367610E+1 2.227300E+0 1.793940E-1 1.317390E-3 -2.248420E-7 -1.768540E-10
 1.824100E+1 3.380190E+0 3.957690E-1 4.499720E-3 1.577340E-5 2.256250E-8
 2.435290E+1 4.899830E+0 7.901260E-1 1.380860E-2 4.720780E-4 1.043590E-6
 3.165660E+1 6.717650E+0 1.472260E+0 3.909870E-2 3.107900E-3 1.069810E-5
 4.072840E+1 8.577010E+0 2.595470E+0 1.030000E-1 1.162680E-2 6.234670E-5
 5.161000E+1 1.081450E+1 4.341970E+0 2.511920E-1 3.262030E-2 2.718630E-4
 6.467980E+1 1.333280E+1 6.880530E+0 5.604740E-1 7.755170E-2 9.995780E-4
 7.931750E+1 1.615770E+1 1.028470E+1 1.126780E+0 1.659860E-1 3.281430E-3
 9.596770E+1 1.950510E+1 1.454450E+1 2.041280E+0 3.292300E-1 9.854890E-3
 1.144680E+2 2.338100E+1 1.951600E+1 3.314670E+0 6.122450E-1 2.722220E-2
 1.347400E+2 2.740070E+1 2.498550E+1 4.838570E+0 1.069660E+0 6.870430E-2
 1.537050E+2 3.124920E+1 3.069420E+1 6.429590E+0 1.748570E+0 1.561750E-1
 1.757450E+2 3.465940E+1 3.657200E+1 7.913480E+0 2.669060E+0 3.161540E-1
 1.970380E+2 3.742740E+1 4.244660E+1 9.175950E+0 3.812760E+0 5.664910E-1
 2.205640E+2 3.952390E+1 4.856860E+1 1.016750E+1 5.114250E+0 8.981950E-1
 2.398880E+2 4.076970E+1 5.436480E+1 1.084370E+1 6.501560E+0 1.271710E+0
 2.585400E+2 4.137500E+1 5.992660E+1 1.125800E+1 7.907900E+0 1.637710E+0
 2.767510E+2 4.150980E+1 6.536300E+1 1.147150E+1 9.305060E+0 1.955370E+0
 2.948280E+2 4.129410E+1 7.071230E+1 1.153340E+1 1.067560E+1 2.204080E+0
 7.086680E+0 7.338260E-1 1.970200E-3 6.091580E-6 0.000000E+6 0.000000E+6
 9.709750E+0 1.297120E+0 1.951300E-2 9.371290E-5 0.000000E+6 0.000000E+6
 1.319300E+1 2.164210E+0 8.157360E-2 6.079350E-4 0.000000E+6 0.000000E+6
 1.749140E+1 3.325570E+0 2.309360E-1 2.660720E-3 0.000000E+6 0.000000E+6
 2.263610E+1 4.680930E+0 5.299200E-1 9.375950E-3 2.207400E-6 5.093170E-9
 2.930040E+1 6.298140E+0 1.068310E+0 2.870010E-2 3.273500E-4 1.148570E-6
 3.674540E+1 7.950060E+0 1.971640E+0 7.909390E-2 3.070830E-3 1.671420E-5
 4.627650E+1 9.751800E+0 3.387540E+0 1.977540E-1 1.340620E-2 1.131340E-4
 5.692960E+1 1.173530E+1 5.456010E+0 4.490940E-1 4.051360E-2 5.280240E-4
 6.902580E+1 1.388330E+1 8.234080E+0 9.114180E-1 9.947310E-2 1.986440E-3
 8.307900E+1 1.645930E+1 1.166750E+1 1.645480E+0 2.140140E-1 6.464020E-3
 9.716380E+1 1.924940E+1 1.559800E+1 2.646090E+0 4.180850E-1 1.873460E-2
 1.121260E+2 2.212790E+1 1.984500E+1 3.821980E+0 7.525360E-1 4.866610E-2
 1.287610E+2 2.484440E+1 2.427700E+1 5.028440E+0 1.253990E+0 1.126230E-1
 1.438300E+2 2.702920E+1 2.869690E+1 6.105320E+0 1.935330E+0 2.300900E-1
 1.582410E+2 2.869590E+1 3.303840E+1 6.986040E+0 2.780500E+0 4.136230E-1
 1.760690E+2 2.974970E+1 3.732490E+1 7.615850E+0 3.731000E+0 6.536360E-1
 1.909950E+2 3.039450E+1 4.173450E+1 8.053180E+0 4.744410E+0 9.234300E-1
 2.055760E+2 3.044460E+1 4.571640E+1 8.260710E+0 5.759290E+0 1.181990E+0
 2.164540E+2 3.018760E+1 4.954070E+1 8.326290E+0 6.757340E+0 1.402370E+0
 2.296610E+2 2.966170E+1 5.329710E+1 8.272380E+0 7.724450E+0 1.566330E+0
 7.238430E+0 7.695430E-1 1.190170E-5 4.035160E-8 0.000000E+6 0.000000E+6
 9.797690E+0 1.353700E+0 2.215460E-3 1.079680E-5 0.000000E+6 0.000000E+6
 1.303480E+1 2.202780E+0 2.537280E-2 1.916200E-4 0.000000E+6 0.000000E+6
 1.688800E+1 3.253350E+0 1.126340E-1 1.313140E-3 0.000000E+6 0.000000E+6
 2.171970E+1 4.594180E+0 3.257340E-1 5.825590E-3 0.000000E+6 0.000000E+6
 2.753810E+1 6.021630E+0 7.479850E-1 2.029110E-2 -8.888770E-7 -2.766870E-9
 3.438580E+1 7.504130E+0 1.483710E+0 6.007700E-2 3.654400E-4 2.023320E-6
 4.215590E+1 8.921190E+0 2.658210E+0 1.565920E-1 3.966160E-3 3.389920E-5
 5.143870E+1 1.049740E+1 4.379020E+0 3.624390E-1 1.820280E-2 2.397000E-4
 6.192040E+1 1.223450E+1 6.696570E+0 7.454870E-1 5.585790E-2 1.125500E-3
 7.306860E+1 1.416060E+1 9.550160E+0 1.352410E+0 1.363950E-1 4.152790E-3
 8.496550E+1 1.635790E+1 1.280220E+1 2.174070E+0 2.869230E-1 1.294610E-2
 9.714290E+1 1.843230E+1 1.624180E+1 3.113530E+0 5.397620E-1 3.510880E-2
 1.102740E+2 2.029680E+1 1.976060E+1 4.048000E+0 9.233730E-1 8.328400E-2
 1.230620E+2 2.176810E+1 2.324270E+1 4.863410E+0 1.447240E+0 1.725230E-1
 1.344420E+2 2.279840E+1 2.661550E+1 5.506840E+0 2.097140E+0 3.122560E-1
 1.456750E+2 2.331210E+1 2.988090E+1 5.937040E+0 2.825770E+0 4.939600E-1
 1.565550E+2 2.344280E+1 3.296720E+1 6.190400E+0 3.589430E+0 6.957190E-1
 1.675090E+2 2.332360E+1 3.623040E+1 6.311540E+0 4.367410E+0 8.887590E-1
 1.764400E+2 2.289520E+1 3.909130E+1 6.302220E+0 5.114920E+0 1.048850E+0
 1.854730E+2 2.229170E+1 4.182620E+1 6.208310E+0 5.830560E+0 1.165650E+0
 7.182750E+0 8.203230E-1 0.000000E+6 0.000000E+6 0.000000E+6 0.000000E+6
 9.960480E+0 1.412470E+0 1.863390E-5 9.945830E-8 0.000000E+6 0.000000E+6
 1.305500E+1 2.253390E+0 1.845060E-3 1.420000E-5 0.000000E+6 0.000000E+6
 1.674150E+1 3.320010E+0 2.950270E-2 3.488660E-4 0.000000E+6 0.000000E+6
 2.105640E+1 4.544900E+0 1.438140E-1 2.602810E-3 0.000000E+6 0.000000E+6
 2.615590E+1 5.795760E+0 4.297290E-1 1.178560E-2 0.000000E+6 0.000000E+6
 3.222110E+1 7.123970E+0 9.887850E-1 4.043370E-2 -1.401310E-6 -6.881070E-9
 3.887990E+1 8.200240E+0 1.922620E+0 1.142670E-1 3.481170E-4 3.024600E-6
 4.644570E+1 9.397980E+0 3.317110E+0 2.765140E-1 4.564510E-3 6.089430E-5
 5.507870E+1 1.069490E+1 5.203960E+0 5.821840E-1 2.265590E-2 4.613770E-4
 6.439630E+1 1.204420E+1 7.520400E+0 1.067920E+0 7.131440E-2 2.190950E-3
 7.363890E+1 1.353430E+1 1.012800E+1 1.717630E+0 1.730180E-1 7.867410E-3
 8.408460E+1 1.496140E+1 1.286920E+1 2.449630E+0 3.536420E-1 2.314030E-2
 9.187370E+1 1.618730E+1 1.561450E+1 3.165770E+0 6.362600E-1 5.770380E-2
 1.026190E+2 1.710010E+1 1.831930E+1 3.769460E+0 1.027440E+0 1.229020E-1
 1.123540E+2 1.757240E+1 2.082590E+1 4.200690E+0 1.507810E+0 2.245730E-1
 1.204380E+2 1.772780E+1 2.328530E+1 4.481200E+0 2.049500E+0 3.574050E-1
 1.279130E+2 1.758910E+1 2.561540E+1 4.619720E+0 2.614140E+0 5.031710E-1
 1.347130E+2 1.718970E+1 2.775760E+1 4.635110E+0 3.171830E+0 6.392010E-1
 1.415590E+2 1.669370E+1 2.985850E+1 4.583220E+0 3.716700E+0 7.513190E-1
 1.475430E+2 1.606870E+1 3.178290E+1 4.466740E+0 4.225860E+0 8.294770E-1
 7.017620E+0 8.259710E-1 0.000000E+6 0.000000E+6 0.000000E+6 0.000000E+6
 9.559630E+0 1.445940E+0 0.000000E+6 0.000000E+6 0.000000E+6 0.000000E+6
 1.235700E+1 2.287820E+0 0.000000E+6 0.000000E+6 0.000000E+6 0.000000E+6
 1.620290E+1 3.329100E+0 4.133700E-4 4.998090E-6 0.000000E+6 0.000000E+6
 1.997070E+1 4.406300E+0 1.987260E-2 3.659090E-4 0.000000E+6 0.000000E+6
 2.427030E+1 5.489770E+0 1.328140E-1 3.694920E-3 0.000000E+6 0.000000E+6
 2.902030E+1 6.427250E+0 4.497250E-1 1.860150E-2 0.000000E+6 0.000000E+6
 3.472820E+1 7.306860E+0 1.080630E+0 6.485280E-2 -2.202930E-6 -1.701380E-8
 4.047400E+1 8.027010E+0 2.097430E+0 1.764080E-1 8.902900E-5 1.222680E-6
 4.702910E+1 8.776270E+0 3.510980E+0 3.947090E-1 3.088810E-3 6.392650E-5
 5.372120E+1 9.581550E+0 5.257120E+0 7.477230E-1 2.003790E-2 6.234640E-4
 6.073840E+1 1.043100E+1 7.211070E+0 1.218960E+0 7.025680E-2 3.227910E-3
 6.774060E+1 1.121610E+1 9.229220E+0 1.740690E+0 1.758490E-1 1.160150E-2
 7.405500E+1 1.182960E+1 1.120730E+1 2.231970E+0 3.547440E-1 3.234670E-2
 8.123650E+1 1.220540E+1 1.308780E+1 2.623920E+0 6.121060E-1 7.338380E-2
 8.621510E+1 1.230780E+1 1.483310E+1 2.896050E+0 9.371610E-1 1.395480E-1
 9.269640E+1 1.217010E+1 1.647800E+1 3.041260E+0 1.300610E+0 2.259490E-1
 9.712260E+1 1.182650E+1 1.795370E+1 3.081540E+0 1.677430E+0 3.200110E-1
 1.015190E+2 1.139260E+1 1.943690E+1 3.054080E+0 2.048680E+0 4.067740E-1
 1.053880E+2 1.083230E+1 2.066060E+1 2.961670E+0 2.390460E+0 4.736460E-1
 1.081690E+2 1.027580E+1 2.190750E+1 2.847830E+0 2.713400E+0 5.194400E-1
 6.296750E+0 7.563370E-1 0.000000E+6 0.000000E+6 0.000000E+6 0.000000E+6
 8.497900E+0 1.318860E+0 0.000000E+6 0.000000E+6 0.000000E+6 0.000000E+6
 1.112470E+1 2.091200E+0 0.000000E+6 0.000000E+6 0.000000E+6 0.000000E+6
 1.395250E+1 2.992960E+0 0.000000E+6 0.000000E+6 0.000000E+6 0.000000E+6
 1.760490E+1 3.919680E+0 6.764600E-5 1.361860E-6 0.000000E+6 0.000000E+6
 2.097300E+1 4.749860E+0 8.619640E-3 2.439500E-4 0.000000E+6 0.000000E+6
 2.452940E+1 5.391500E+0 9.604690E-2 4.028960E-3 0.000000E+6 0.000000E+6
 2.836090E+1 5.887600E+0 3.889350E-1 2.360550E-2 0.000000E+6 0.000000E+6
 3.258030E+1 6.275510E+0 9.929230E-1 8.412140E-2 0.000000E+6 0.000000E+6
 3.729420E+1 6.648440E+0 1.936230E+0 2.187490E-1 -5.350340E-6 -1.005580E-7
 4.201230E+1 7.009970E+0 3.152690E+0 4.482910E-1 1.397820E-3 4.424710E-5
 4.682350E+1 7.395390E+0 4.527390E+0 7.606650E-1 1.384620E-2 6.439820E-4
 5.116720E+1 7.723450E+0 5.934110E+0 1.104840E+0 5.646470E-2 3.759720E-3
 5.548420E+1 7.944360E+0 7.288050E+0 1.420420E+0 1.478760E-1 1.356580E-2
 5.938360E+1 8.022140E+0 8.570540E+0 1.665920E+0 2.965910E-1 3.568420E-2
 6.319370E+1 7.909270E+0 9.712560E+0 1.815730E+0 4.934240E-1 7.338500E-2
 6.627150E+1 7.623060E+0 1.067570E+1 1.873910E+0 7.185860E-1 1.240220E-1
 6.883200E+1 7.266960E+0 1.161460E+1 1.871300E+0 9.515810E-1 1.794230E-1
 7.108060E+1 6.840800E+0 1.242380E+1 1.818660E+0 1.176390E+0 2.295030E-1
 7.387500E+1 6.408030E+0 1.321140E+1 1.741250E+0 1.388310E+0 2.681700E-1
 7.539040E+1 5.956490E+0 1.383930E+1 1.643640E+0 1.577420E+0 2.919360E-1
 5.159820E+0 6.291160E-1 0.000000E+6 0.000000E+6 0.000000E+6 0.000000E+6
 7.043240E+0 1.106220E+0 0.000000E+6 0.000000E+6 0.000000E+6 0.000000E+6
 9.155560E+0 1.733830E+0 0.000000E+6 0.000000E+6 0.000000E+6 0.000000E+6
 1.141260E+1 2.450290E+0 0.000000E+6 0.000000E+6 0.000000E+6 0.000000E+6
 1.374130E+1 3.145810E+0 0.000000E+6 0.000000E+6 0.000000E+6 0.000000E+6
 1.671520E+1 3.735760E+0 9.979270E-5 3.055650E-6 0.000000E+6 0.000000E+6
 1.924300E+1 4.164890E+0 4.612260E-3 1.965890E-4 0.000000E+6 0.000000E+6
 2.185620E+1 4.463380E+0 7.658830E-2 4.693840E-3 0.000000E+6 0.000000E+6
 2.464140E+1 4.609760E+0 3.380350E-1 2.884900E-2 0.000000E+6 0.000000E+6
 2.757920E+1 4.714130E+0 8.672120E-1 9.828030E-2 0.000000E+6 0.000000E+6
 3.083100E+1 4.828680E+0 1.644170E+0 2.335620E-1 -8.213740E-6 -2.372140E-7
 3.376450E+1 4.949430E+0 2.565660E+0 4.278730E-1 7.854630E-4 3.705850E-5
 3.685720E+1 5.056130E+0 3.525510E+0 6.474310E-1 1.051190E-2 7.062100E-4
 3.948060E+1 5.081570E+0 4.440160E+0 8.464560E-1 4.554970E-2 4.200300E-3
 4.186100E+1 5.017160E+0 5.266780E+0 9.947020E-1 1.186400E-1 1.428960E-2
 4.388520E+1 4.840720E+0 5.991890E+0 1.077610E+0 2.283900E-1 3.387510E-2
 4.517310E+1 4.596620E+0 6.648580E+0 1.106540E+0 3.624110E-1 6.212910E-2
 4.703450E+1 4.282040E+0 7.161670E+0 1.086660E+0 5.033790E-1 9.360590E-2
 4.834710E+1 3.965200E+0 7.674360E+0 1.043130E+0 6.400430E-1 1.224500E-1
 4.915530E+1 3.637400E+0 8.093680E+0 9.811350E-1 7.648960E-1 1.437360E-1
 4.989640E+1 3.324910E+0 8.460490E+0 9.125020E-1 8.753020E-1 1.565480E-1
---