PdfType: central
Format: lhagrid1
---
 1.000000E-6 1.700000E-6 3.200000E-6 6.000000E-6 1.000000E-5 1.700000E-5 3.200000E-5 6.000000E-5 1.000000E-4 1.700000E-4 3.200000E-4 6.000000E-4 1.000000E-3 1.700000E-3 3.200000E-3 6.000000E-3 1.000000E-2 1.700000E-2 3.200000E-2 6.000000E-2 1.000000E-1
 3.162278E-1 3.981068E-1 5.011876E-1 6.309572E-1 7.943280E-1 1.000000E+0 1.258924E+0 1.584894E+0 1.995262E+0 2.511886E+0 3.162278E+0 3.981068E+0 5.011876E+0 6.309572E+0 7.943280E+0 1.000000E+1 1.258924E+1 1.584894E+1 1.995262E+1 2.511886E+1 3.162278E+1
900 901 917 918 920 921
 3.086280E-1 2.447380E-2 1.388320E-2 3.622050E-5 2.925370E-4 9.326750E-8
 4.582730E-1 4.683790E-2 2.437760E-2 9.965610E-5 5.478400E-4 2.751770E-7
 6.732350E-1 8.318540E-2 4.257680E-2 2.716150E-4 1.019770E-3 8.068730E-7
 9.654100E-1 1.359870E-1 7.363550E-2 7.294320E-4 1.885710E-3 2.349090E-6
 1.376080E+0 2.121520E-1 1.263820E-1 1.931860E-3 3.468600E-3 6.800370E-6
 1.949430E+0 3.179560E-1 2.143000E-1 5.003050E-3 6.342720E-3 1.954080E-5
 2.736560E+0 4.642380E-1 3.562160E-1 1.250670E-2 1.152670E-2 5.568950E-5
 3.790180E+0 6.490300E-1 5.723800E-1 2.879830E-2 2.082320E-2 1.567970E-4
 5.312420E+0 9.678920E-1 9.192050E-1 6.771070E-2 3.747360E-2 4.397150E-4
 7.255850E+0 1.386460E+0 1.401420E+0 1.415820E-1 6.623470E-2 1.198550E-3
 9.680430E+0 1.966330E+0 2.047930E+0 2.704030E-1 1.150020E-1 3.167660E-3
 1.268080E+1 2.748460E+0 2.872540E+0 4.717900E-1 1.945370E-1 8.019810E-3
 1.652680E+1 3.763180E+0 3.918430E+0 7.556790E-1 3.188410E-1 1.914140E-2
 2.070010E+1 4.903270E+0 5.104460E+0 1.102260E+0 5.004020E-1 4.224360E-2
 2.539960E+1 6.153400E+0 6.447980E+0 1.494510E+0 7.480700E-1 8.490740E-2
 3.066450E+1 7.474690E+0 7.956720E+0 1.913500E+0 1.063410E+0 1.540450E-1
 3.658210E+1 8.834060E+0 9.642060E+0 2.343550E+0 1.444100E+0 2.524070E-1
 4.283040E+1 1.013740E+1 1.143400E+1 2.754820E+0 1.871020E+0 3.735260E-1
 4.959990E+1 1.140160E+1 1.337760E+1 3.149710E+0 2.348630E+0 5.097470E-1
 5.695570E+1 1.265540E+1 1.549380E+1 3.535000E+0 2.871500E+0 6.515330E-1
 6.451100E+1 1.380770E+1 1.767660E+1 3.885790E+0 3.420160E+0 7.862010E-1
 2.911910E-1 2.369710E-2 1.223170E-2 3.219690E-5 2.392760E-4 7.674650E-8
 4.312700E-1 4.508080E-2 2.149930E-2 8.863470E-5 4.512520E-4 2.280450E-7
 6.300320E-1 8.001910E-2 3.758270E-2 2.417890E-4 8.452680E-4 6.728230E-7
 9.047910E-1 1.313150E-1 6.524560E-2 6.521870E-4 1.572720E-3 1.970750E-6
 1.280660E+0 2.026870E-1 1.120840E-1 1.728050E-3 2.906970E-3 5.729730E-6
 1.802040E+0 3.013030E-1 1.902310E-1 4.481310E-3 5.340110E-3 1.654140E-5
 2.514470E+0 4.339570E-1 3.164850E-1 1.119860E-2 9.737290E-3 4.729140E-5
 3.496980E+0 6.214580E-1 5.157500E-1 2.683070E-2 1.766780E-2 1.340980E-4
 4.827720E+0 8.891660E-1 8.176290E-1 6.067680E-2 3.186540E-2 3.759290E-4
 6.561020E+0 1.269780E+0 1.245970E+0 1.270370E-1 5.649050E-2 1.027900E-3
 8.709290E+0 1.780430E+0 1.815700E+0 2.412430E-1 9.824730E-2 2.719930E-3
 1.133050E+1 2.450030E+0 2.534210E+0 4.166960E-1 1.662430E-1 6.875290E-3
 1.468190E+1 3.338440E+0 3.448370E+0 6.666880E-1 2.733100E-1 1.647700E-2
 1.831740E+1 4.323150E+0 4.480510E+0 9.681930E-1 4.290520E-1 3.635460E-2
 2.237910E+1 5.391650E+0 5.642260E+0 1.306270E+0 6.412870E-1 7.301060E-2
 2.689280E+1 6.505550E+0 6.934060E+0 1.662470E+0 9.108880E-1 1.322470E-1
 3.194410E+1 7.643090E+0 8.374250E+0 2.025080E+0 1.235510E+0 2.161350E-1
 3.713430E+1 8.693720E+0 9.866180E+0 2.360490E+0 1.594990E+0 3.182980E-1
 4.295520E+1 9.758730E+0 1.153800E+1 2.694550E+0 2.004270E+0 4.344880E-1
 4.917250E+1 1.077900E+1 1.332470E+1 3.009670E+0 2.443420E+0 5.528450E-1
 5.549310E+1 1.170510E+1 1.515350E+1 3.293130E+0 2.902980E+0 6.645690E-1
 2.745470E-1 2.298000E-2 1.046670E-2 2.782710E-5 1.861290E-4 6.014300E-8
 4.065390E-1 4.410810E-2 1.845760E-2 7.681300E-5 3.543870E-4 1.803920E-7
 5.844310E-1 7.649610E-2 3.234450E-2 2.102520E-4 6.693310E-4 5.365920E-7
 8.350850E-1 1.246480E-1 5.623870E-2 5.678820E-4 1.255320E-3 1.584210E-6
 1.174030E+0 1.903370E-1 9.684210E-2 1.507970E-3 2.335910E-3 4.635670E-6
 1.645470E+0 2.813020E-1 1.647310E-1 3.916440E-3 4.318470E-3 1.346280E-5
 2.277280E+0 4.023860E-1 2.743160E-1 9.801690E-3 7.920810E-3 3.871120E-5
 3.150690E+0 5.705980E-1 4.475440E-1 2.349660E-2 1.443480E-2 1.102330E-4
 4.302700E+0 8.032720E-1 7.082470E-1 5.298710E-2 2.609540E-2 3.096550E-4
 5.798920E+0 1.130450E+0 1.077000E+0 1.104800E-1 4.646540E-2 8.502090E-4
 7.665840E+0 1.570440E+0 1.565320E+0 2.092820E-1 8.088730E-2 2.252580E-3
 9.913600E+0 2.151340E+0 2.184480E+0 3.618070E-1 1.374150E-1 5.718900E-3
 1.273220E+1 2.888000E+0 2.954290E+0 5.727030E-1 2.264300E-1 1.371910E-2
 1.578820E+1 3.707760E+0 3.821530E+0 8.263070E-1 3.555030E-1 3.025760E-2
 1.919190E+1 4.588900E+0 4.793640E+0 1.107880E+0 5.312430E-1 6.070630E-2
 2.293550E+1 5.494300E+0 5.867860E+0 1.401120E+0 7.548770E-1 1.098880E-1
 2.709750E+1 6.406910E+0 7.053270E+0 1.694940E+0 1.021550E+0 1.789380E-1
 3.139000E+1 7.249090E+0 8.288160E+0 1.966160E+0 1.316710E+0 2.627210E-1
 3.610170E+1 8.093870E+0 9.652670E+0 2.233340E+0 1.654200E+0 3.580790E-1
 4.112330E+1 8.856500E+0 1.108600E+1 2.471620E+0 2.006220E+0 4.520500E-1
 4.604180E+1 9.516930E+0 1.250720E+1 2.676780E+0 2.367650E+0 5.391250E-1
 2.581070E-1 2.231120E-2 8.930350E-3 2.399810E-5 1.426310E-4 4.644170E-8
 3.784000E-1 4.215780E-2 1.578100E-2 6.638570E-5 2.748830E-4 1.409710E-7
 5.451950E-1 7.370590E-2 2.773670E-2 1.820570E-4 5.247070E-4 4.237030E-7
 7.704130E-1 1.184000E-1 4.834340E-2 4.931560E-4 9.921440E-4 1.260970E-6
 1.083520E+0 1.810130E-1 8.353600E-2 1.314500E-3 1.862290E-3 3.722350E-6
 1.493370E+0 2.613380E-1 1.420010E-1 3.407720E-3 3.464850E-3 1.087500E-5
 2.057190E+0 3.709930E-1 2.369440E-1 8.545550E-3 6.396030E-3 3.146550E-5
 2.825470E+0 5.186370E-1 3.865240E-1 2.046370E-2 1.171350E-2 9.001520E-5
 3.832020E+0 7.229450E-1 6.114970E-1 4.611190E-2 2.126260E-2 2.538500E-4
 5.124410E+0 1.003880E+0 9.275860E-1 9.576200E-2 3.798910E-2 6.991360E-4
 6.731210E+0 1.383280E+0 1.348030E+0 1.812470E-1 6.636560E-2 1.858300E-3
 8.654090E+0 1.872920E+0 1.873780E+0 3.113000E-1 1.128850E-1 4.722140E-3
 1.102410E+1 2.493200E+0 2.524190E+0 4.905610E-1 1.864840E-1 1.135410E-2
 1.358890E+1 3.170770E+0 3.251010E+0 7.029460E-1 2.933560E-1 2.507660E-2
 1.641240E+1 3.890430E+0 4.059480E+0 9.360290E-1 4.385750E-1 5.029270E-2
 1.952620E+1 4.626850E+0 4.953120E+0 1.177110E+0 6.227950E-1 9.087200E-2
 2.292570E+1 5.354630E+0 5.926860E+0 1.414440E+0 8.424580E-1 1.477760E-1
 2.624840E+1 5.967640E+0 6.869730E+0 1.614130E+0 7.552250E-1 1.506250E-1
 3.028150E+1 6.676080E+0 8.046650E+0 1.840600E+0 1.356800E+0 2.931140E-1
 3.428240E+1 7.262470E+0 9.199930E+0 2.025750E+0 1.642880E+0 3.688960E-1
 3.836510E+1 7.776170E+0 1.036860E+1 2.186210E+0 1.936290E+0 4.386050E-1
 2.452970E-1 2.165850E-2 7.813650E-3 2.119200E-5 1.131500E-4 3.708450E-8
 3.574290E-1 4.067330E-2 1.384580E-2 5.871830E-5 2.208500E-4 1.139710E-7
 5.133620E-1 7.075270E-2 2.440720E-2 1.616710E-4 4.258710E-4 3.459890E-7
 7.226090E-1 1.140060E-1 4.263120E-2 4.379790E-4 8.128240E-4 1.039160E-6
 1.007040E+0 1.725230E-1 7.375860E-2 1.170170E-3 1.535830E-3 3.087540E-6
 1.386090E+0 2.481660E-1 1.256480E-1 3.042550E-3 2.877060E-3 9.082210E-6
 1.890910E+0 3.467380E-1 2.096550E-1 7.619010E-3 5.339750E-3 2.640980E-5
 2.578110E+0 4.810580E-1 3.421680E-1 1.826850E-2 9.825230E-3 7.590530E-5
 3.488330E+0 6.651820E-1 5.416140E-1 4.113930E-2 1.789660E-2 2.147660E-4
 4.644400E+0 9.140630E-1 8.214990E-1 8.526150E-2 3.211780E-2 5.939160E-4
 6.038690E+0 1.244850E+0 1.188690E+0 1.607660E-1 5.622560E-2 1.582000E-3
 7.722070E+0 1.671590E+0 1.647900E+0 2.749720E-1 9.602130E-2 4.035260E-3
 9.797010E+0 2.206280E+0 2.216020E+0 4.313160E-1 1.586670E-1 9.699140E-3
 1.200270E+1 2.782510E+0 2.841900E+0 6.142260E-1 2.495600E-1 2.140790E-2
 1.442780E+1 3.391310E+0 3.537450E+0 8.137280E-1 3.737970E-1 4.299010E-2
 1.708790E+1 4.008300E+0 4.300060E+0 1.017450E+0 5.301060E-1 7.749900E-2
 1.995850E+1 4.608610E+0 5.125710E+0 1.215640E+0 7.163920E-1 1.257760E-1
 2.292770E+1 5.142580E+0 5.973320E+0 1.392300E+0 9.216770E-1 1.837710E-1
 2.619350E+1 5.674100E+0 6.910790E+0 1.563240E+0 1.148470E+0 2.476890E-1
 2.950460E+1 6.146180E+0 7.874990E+0 1.713590E+0 1.389030E+0 3.109010E-1
 3.290850E+1 6.558710E+0 8.860860E+0 1.843350E+0 1.636980E+0 3.687730E-1
 2.344740E-1 2.114950E-2 6.779150E-3 1.857840E-5 8.730140E-5 2.881300E-8
 3.398570E-1 4.002410E-2 1.205300E-2 5.161060E-5 1.733030E-4 9.003350E-8
 4.839800E-1 6.865940E-2 2.129450E-2 1.422240E-4 3.387410E-4 2.770110E-7
 6.774190E-1 1.090060E-1 3.727990E-2 3.863740E-4 6.535930E-4 8.409060E-7
 9.401650E-1 1.656420E-1 6.474090E-2 1.037110E-3 1.247220E-3 2.522900E-6
 1.285540E+0 2.362820E-1 1.101850E-1 2.695520E-3 2.353280E-3 7.475720E-6
 1.737690E+0 3.249140E-1 1.843740E-1 6.758150E-3 4.397320E-3 2.187740E-5
 2.351180E+0 4.465210E-1 3.009660E-1 1.621580E-2 8.138070E-3 6.323900E-5
 3.154570E+0 6.064000E-1 4.756130E-1 3.637750E-2 1.488770E-2 1.796480E-4
 4.168740E+0 8.268730E-1 7.211650E-1 7.540520E-2 2.682130E-2 4.986710E-4
 5.410490E+0 1.114840E+0 1.042490E+0 1.415790E-1 4.708590E-2 1.331390E-3
 6.846170E+0 1.478720E+0 1.438220E+0 2.407820E-1 8.067060E-2 3.405530E-3
 8.660290E+0 1.937890E+0 1.927480E+0 3.759090E-1 1.332090E-1 8.177110E-3
 1.053480E+1 2.423760E+0 2.464580E+0 5.324010E-1 2.101710E-1 1.809590E-2
 1.260980E+1 2.934910E+0 3.058720E+0 7.016880E-1 3.152350E-1 3.636250E-2
 1.483610E+1 3.438300E+0 3.699920E+0 8.709540E-1 4.467890E-1 6.544410E-2
 1.725220E+1 3.928410E+0 4.394770E+0 1.034640E+0 6.030230E-1 1.059520E-1
 1.977890E+1 4.372620E+0 5.117460E+0 1.182440E+0 7.758750E-1 1.546440E-1
 2.243500E+1 4.778690E+0 5.880410E+0 1.315590E+0 9.632710E-1 2.072990E-1
 2.517040E+1 5.145730E+0 6.676950E+0 1.433920E+0 1.161950E+0 2.591200E-1
 2.798860E+1 5.464980E+0 7.492010E+0 1.535400E+0 1.366630E+0 3.062560E-1
 2.193070E-1 2.037610E-2 5.673500E-3 1.572840E-5 6.184610E-5 2.060020E-8
 3.200030E-1 3.837020E-2 1.015780E-2 4.400160E-5 1.263940E-4 6.623210E-8
 4.523740E-1 6.656730E-2 1.799590E-2 1.214840E-4 2.523990E-4 2.080770E-7
 6.277000E-1 1.045200E-1 3.164440E-2 3.315970E-4 4.953960E-4 6.423560E-7
 8.605570E-1 1.549560E-1 5.499830E-2 8.885870E-4 9.582510E-4 1.953100E-6
 1.168820E+0 2.190360E-1 9.414930E-2 2.321690E-3 1.830340E-3 5.856220E-6
 1.568680E+0 2.987210E-1 1.574300E-1 5.825190E-3 3.452300E-3 1.730010E-5
 2.100660E+0 4.040390E-1 2.569660E-1 1.395280E-2 6.433650E-3 5.032520E-5
 2.796310E+0 5.437130E-1 4.060050E-1 3.131950E-2 1.185020E-2 1.439400E-4
 3.666820E+0 7.307010E-1 6.145620E-1 6.473390E-2 2.145890E-2 4.015200E-4
 4.718260E+0 9.720260E-1 8.858400E-1 1.209460E-1 3.784900E-2 1.076500E-3
 5.935080E+0 1.275460E+0 1.220530E+0 2.049790E-1 6.508340E-2 2.763330E-3
 7.447520E+0 1.651860E+0 1.626160E+0 3.174950E-1 1.077900E-1 6.650290E-3
 8.983270E+0 2.044310E+0 2.067560E+0 4.461890E-1 1.699430E-1 1.469570E-2
 1.069730E+1 2.455990E+0 2.558750E+0 5.847450E-1 2.556490E-1 2.959230E-2
 1.250510E+1 2.852310E+0 3.080640E+0 7.204490E-1 3.623690E-1 5.319880E-2
 1.445490E+1 3.231330E+0 3.641220E+0 8.493650E-1 4.880800E-1 8.583430E-2
 1.646530E+1 3.568490E+0 4.219650E+0 9.636510E-1 6.267680E-1 1.248120E-1
 1.856560E+1 3.869380E+0 4.826380E+0 1.064240E+0 7.762200E-1 1.665140E-1
 2.074790E+1 4.130830E+0 5.456520E+0 1.150320E+0 9.330330E-1 2.068510E-1
 2.296340E+1 4.369760E+0 6.102530E+0 1.227130E+0 1.095720E+0 2.438610E-1
 2.075480E-1 1.985250E-2 4.706190E-3 1.319570E-5 4.116980E-5 1.385040E-8
 2.988130E-1 3.667600E-2 8.491080E-3 3.722040E-5 8.849430E-5 4.680770E-8
 4.201200E-1 6.258370E-2 1.514480E-2 1.033490E-4 1.826720E-4 1.519260E-7
 5.843420E-1 1.000360E-1 2.670830E-2 2.825270E-4 3.670740E-4 4.799250E-7
 7.960320E-1 1.471040E-1 4.664040E-2 7.613760E-4 7.232520E-4 1.485660E-6
 1.062860E+0 2.026900E-1 7.990530E-2 1.988200E-3 1.401860E-3 4.519030E-6
 1.420480E+0 2.771810E-1 1.341160E-1 5.017480E-3 2.676520E-3 1.351380E-5
 1.878670E+0 3.666050E-1 2.188560E-1 1.198560E-2 5.035770E-3 3.967370E-5
 2.485070E+0 4.876310E-1 3.451930E-1 2.682870E-2 9.334560E-3 1.141330E-4
 3.219400E+0 6.432050E-1 5.217150E-1 5.528590E-2 1.701470E-2 3.203640E-4
 4.095740E+0 8.431240E-1 7.486600E-1 1.027060E-1 3.019120E-2 8.638730E-4
 5.137500E+0 1.098080E+0 1.031200E+0 1.737730E-1 5.213390E-2 2.225720E-3
 6.383700E+0 1.402390E+0 1.365560E+0 2.668770E-1 8.663230E-2 5.372310E-3
 7.647740E+0 1.717780E+0 1.729640E+0 3.725270E-1 1.367250E-1 1.187550E-2
 9.053080E+0 2.045720E+0 2.131910E+0 4.849470E-1 2.054900E-1 2.386990E-2
 1.052400E+1 2.355790E+0 2.555700E+0 5.931850E-1 2.919630E-1 4.296010E-2
 1.207830E+1 2.644070E+0 3.004050E+0 6.935360E-1 3.927780E-1 6.911890E-2
 1.367620E+1 2.896450E+0 3.464690E+0 7.810240E-1 5.033550E-1 1.001330E-1
 1.533480E+1 3.115930E+0 3.944880E+0 8.560990E-1 6.216030E-1 1.329150E-1
 1.700980E+1 3.302660E+0 4.431590E+0 9.190520E-1 7.442650E-1 1.643760E-1
 1.874370E+1 3.465330E+0 4.938370E+0 9.726840E-1 8.717620E-1 1.925980E-1
 2.030370E-1 1.987460E-2 4.004570E-3 1.134090E-5 2.712050E-5 9.206340E-9
 2.861600E-1 3.618220E-2 7.281970E-3 3.222070E-5 6.279540E-5 3.349080E-8
 3.982400E-1 6.051880E-2 1.307600E-2 9.011220E-5 1.356510E-4 1.136880E-7
 5.511340E-1 9.612820E-2 2.320170E-2 2.478800E-4 2.807200E-4 3.696900E-7
 7.413190E-1 1.402380E-1 4.055230E-2 6.678920E-4 5.644800E-4 1.167440E-6
 1.007640E+0 1.967260E-1 6.996050E-2 1.756700E-3 1.111400E-3 3.605940E-6
 1.308120E+0 2.580490E-1 1.171720E-1 4.412560E-3 2.148760E-3 1.091500E-5
 1.723250E+0 3.396200E-1 1.912230E-1 1.054920E-2 4.082820E-3 3.236210E-5
 2.244080E+0 4.437700E-1 3.013670E-1 2.359300E-2 7.624720E-3 9.377660E-5
 2.901060E+0 5.814460E-1 4.555770E-1 4.857050E-2 1.397460E-2 2.645630E-4
 3.660910E+0 7.539370E-1 6.528080E-1 9.014390E-2 2.499040E-2 7.191160E-4
 4.550770E+0 9.671610E-1 8.949150E-1 1.511150E-1 4.323980E-2 1.854510E-3
 5.623630E+0 1.224230E+0 1.181260E+0 2.310210E-1 7.204220E-2 4.486690E-3
 6.697540E+0 1.485460E+0 1.487980E+0 3.201210E-1 1.140280E-1 9.938020E-3
 7.880480E+0 1.755050E+0 1.827730E+0 4.139400E-1 1.714360E-1 1.996680E-2
 9.111910E+0 2.006420E+0 2.185230E+0 5.038100E-1 2.435510E-1 3.589730E-2
 1.040360E+1 2.235180E+0 2.558250E+0 5.851700E-1 3.272710E-1 5.761500E-2
 1.173250E+1 2.433690E+0 2.943350E+0 6.554020E-1 4.194650E-1 8.332380E-2
 1.308180E+1 2.602440E+0 3.335790E+0 7.144100E-1 5.167510E-1 1.102140E-1
 1.445420E+1 2.737770E+0 3.732380E+0 7.613660E-1 6.167560E-1 1.355360E-1
 1.592150E+1 2.858680E+0 4.154570E+0 8.019990E-1 7.215490E-1 1.581700E-1
 1.874810E-1 1.854320E-2 3.337710E-3 9.545170E-6 1.507600E-5 5.169880E-9
 2.712290E-1 3.486760E-2 6.143460E-3 2.744700E-5 4.014620E-5 2.161260E-8
 3.773060E-1 5.878770E-2 1.114040E-2 7.756850E-5 9.418840E-5 7.962700E-8
 5.158560E-1 9.204860E-2 1.988410E-2 2.145250E-4 2.050000E-4 2.721590E-7
 6.905930E-1 1.326610E-1 3.489990E-2 5.795850E-4 4.256640E-4 8.870740E-7
 9.154780E-1 1.820380E-1 6.020630E-2 1.523490E-3 8.567460E-4 2.799570E-6
 1.206900E+0 2.415980E-1 1.013980E-1 3.847460E-3 1.684230E-3 8.612810E-6
 1.573530E+0 3.142990E-1 1.659870E-1 9.238530E-3 3.243030E-3 2.587090E-5
 2.030120E+0 4.034930E-1 2.612130E-1 2.058520E-2 6.118230E-3 7.571660E-5
 2.590010E+0 5.194700E-1 3.934600E-1 4.214220E-2 1.129130E-2 2.149560E-4
 3.251070E+0 6.660360E-1 5.631990E-1 7.803110E-2 2.031260E-2 5.875100E-4
 4.007470E+0 8.459240E-1 7.697140E-1 1.303140E-1 3.535290E-2 1.523760E-3
 4.919670E+0 1.058720E+0 1.011980E+0 1.978950E-1 5.906250E-2 3.694420E-3
 5.808080E+0 1.270060E+0 1.266020E+0 2.716940E-1 9.391260E-2 8.214570E-3
 6.770720E+0 1.484170E+0 1.549050E+0 3.491000E-1 1.413230E-1 1.650430E-2
 7.817750E+0 1.689440E+0 1.848640E+0 4.229340E-1 2.004930E-1 2.959900E-2
 8.871280E+0 1.866260E+0 2.154320E+0 4.875420E-1 2.690650E-1 4.736260E-2
 9.957230E+0 2.017670E+0 2.468670E+0 5.425600E-1 3.443370E-1 6.829620E-2
 1.104840E+1 2.141890E+0 2.786500E+0 5.873710E-1 4.232400E-1 8.997320E-2
 1.216340E+1 2.243110E+0 3.111450E+0 6.233530E-1 5.048930E-1 1.103550E-1
 1.328390E+1 2.323640E+0 3.439390E+0 6.515810E-1 5.879070E-1 1.280390E-1
 1.791860E-1 1.827410E-2 2.612090E-3 7.558230E-6 4.950930E-6 1.722210E-9
 2.611740E-1 3.444670E-2 4.925210E-3 2.227780E-5 1.868020E-5 1.018230E-8
 3.556120E-1 5.698510E-2 9.062400E-3 6.384720E-5 5.321310E-5 4.550100E-8
 4.826960E-1 8.853160E-2 1.636700E-2 1.787590E-4 1.297010E-4 1.740160E-7
 6.371740E-1 1.253200E-1 2.896630E-2 4.865130E-4 2.884610E-4 6.070660E-7
 8.364710E-1 1.706040E-1 5.018700E-2 1.283680E-3 6.061080E-4 1.998790E-6
 1.086160E+0 2.217740E-1 8.481180E-2 3.251390E-3 1.226290E-3 6.325580E-6
 1.398990E+0 2.817660E-1 1.387840E-1 7.788040E-3 2.411620E-3 1.939300E-5
 1.795330E+0 3.600850E-1 2.188900E-1 1.741890E-2 4.623680E-3 5.766320E-5
 2.266750E+0 4.554090E-1 3.289150E-1 3.552870E-2 8.637630E-3 1.656690E-4
 2.817300E+0 5.733730E-1 4.697920E-1 6.538880E-2 1.567530E-2 4.564140E-4
 3.447530E+0 7.191120E-1 6.399490E-1 1.086740E-1 2.748030E-2 1.191910E-3
 4.184950E+0 8.861380E-1 8.363880E-1 1.635210E-1 4.612500E-2 2.900670E-3
 4.919450E+0 1.054310E+0 1.047200E+0 2.239440E-1 7.361140E-2 6.467850E-3
 5.695130E+0 1.217460E+0 1.270600E+0 2.844660E-1 1.108510E-1 1.298740E-2
 6.495330E+0 1.366610E+0 1.505160E+0 3.407580E-1 1.571740E-1 2.325070E-2
 7.319300E+0 1.494670E+0 1.744680E+0 3.893990E-1 2.112610E-1 3.718850E-2
 8.153640E+0 1.600480E+0 1.988730E+0 4.295490E-1 2.697660E-1 5.340270E-2
 8.992690E+0 1.681840E+0 2.229130E+0 4.605840E-1 3.302110E-1 6.993290E-2
 9.841710E+0 1.748440E+0 2.480190E+0 4.854130E-1 3.929720E-1 8.534150E-2
 1.073410E+1 1.797100E+0 2.735280E+0 5.035710E-1 4.567890E-1 9.844220E-2
 1.695310E-1 1.774490E-2 1.929770E-3 5.652050E-6 5.434500E-7 1.926390E-10
 2.418020E-1 3.258450E-2 3.808170E-3 1.742540E-5 5.071530E-6 2.806060E-9
 3.312840E-1 5.467780E-2 7.208610E-3 5.139370E-5 2.238930E-5 1.939340E-8
 4.457360E-1 8.337350E-2 1.324640E-2 1.463320E-4 6.924120E-5 9.397740E-8
 5.889650E-1 1.182360E-1 2.374620E-2 4.036570E-4 1.765570E-4 3.755580E-7
 7.638360E-1 1.576390E-1 4.146970E-2 1.072190E-3 4.025360E-4 1.340800E-6
 9.996960E-1 2.068360E-1 7.055420E-2 2.732640E-3 8.566640E-4 4.460000E-6
 1.254320E+0 2.562410E-1 1.154680E-1 6.535950E-3 1.740490E-3 1.411730E-5
 1.585640E+0 3.192530E-1 1.820340E-1 1.459470E-2 3.414300E-3 4.292250E-5
 1.983900E+0 3.962670E-1 2.733210E-1 2.967520E-2 6.486480E-3 1.253320E-4
 2.433220E+0 4.912840E-1 3.894180E-1 5.445250E-2 1.191920E-2 3.495060E-4
 2.972230E+0 6.087480E-1 5.296650E-1 9.007610E-2 2.108580E-2 9.204700E-4
 3.551820E+0 7.370350E-1 6.873830E-1 1.342380E-1 3.551300E-2 2.245540E-3
 4.142080E+0 8.666280E-1 8.560950E-1 1.822920E-1 5.709820E-2 5.040500E-3
 4.755260E+0 9.887060E-1 1.033680E+0 2.295460E-1 8.615500E-2 1.012630E-2
 5.362900E+0 1.094290E+0 1.215350E+0 2.718890E-1 1.224880E-1 1.814960E-2
 6.013200E+0 1.187280E+0 1.403440E+0 3.083750E-1 1.642190E-1 2.890480E-2
 6.652530E+0 1.258320E+0 1.590720E+0 3.369950E-1 2.092770E-1 4.132390E-2
 7.293510E+0 1.312740E+0 1.779300E+0 3.589570E-1 2.562560E-1 5.394810E-2
 7.924440E+0 1.351310E+0 1.966540E+0 3.747620E-1 3.035950E-1 6.541610E-2
 8.552180E+0 1.376560E+0 2.150390E+0 3.854560E-1 3.509490E-1 7.496930E-2
 1.626230E-1 1.733850E-2 1.388100E-3 4.106800E-6 -1.365460E-9 -4.280170E-13
 2.301840E-1 3.170490E-2 2.940090E-3 1.358470E-5 6.430510E-7 3.619390E-10
 3.137840E-1 5.233780E-2 5.803860E-3 4.176200E-5 6.905380E-6 6.058370E-9
 4.229030E-1 8.064480E-2 1.093850E-2 1.220250E-4 3.220620E-5 4.418870E-8
 5.555520E-1 1.133530E-1 1.991880E-2 3.418290E-4 1.023210E-4 2.197370E-7
 7.115670E-1 1.498660E-1 3.514410E-2 9.171470E-4 2.643970E-4 8.884040E-7
 9.215640E-1 1.927020E-1 6.012790E-2 2.348370E-3 6.059260E-4 3.180380E-6
 1.160710E+0 2.381740E-1 9.898820E-2 5.648600E-3 1.288390E-3 1.053020E-5
 1.450310E+0 2.910780E-1 1.561720E-1 1.259500E-2 2.601390E-3 3.293340E-5
 1.777350E+0 3.542680E-1 2.338660E-1 2.553530E-2 5.040350E-3 9.802490E-5
 2.162310E+0 4.324250E-1 3.326090E-1 4.666210E-2 9.389650E-3 2.769770E-4
 2.591500E+0 5.265810E-1 4.496020E-1 7.663820E-2 1.676910E-2 7.360560E-4
 3.099870E+0 6.314090E-1 5.817680E-1 1.134600E-1 2.850270E-2 1.810950E-3
 3.585960E+0 7.337260E-1 7.222680E-1 1.530850E-1 4.592860E-2 4.069310E-3
 4.088100E+0 8.287230E-1 8.680310E-1 1.912710E-1 6.946600E-2 8.186650E-3
 4.593510E+0 9.105340E-1 1.017680E+0 2.251320E-1 9.892960E-2 1.467600E-2
 5.107510E+0 9.768710E-1 1.168350E+0 2.530000E-1 1.325590E-1 2.331780E-2
 5.618320E+0 1.026860E+0 1.318430E+0 2.744560E-1 1.687470E-1 3.324510E-2
 6.122660E+0 1.061940E+0 1.467790E+0 2.899700E-1 2.061310E-1 4.319580E-2
 6.613540E+0 1.084440E+0 1.614640E+0 3.004520E-1 2.436310E-1 5.211760E-2
 7.113880E+0 1.099620E+0 1.764170E+0 3.076870E-1 2.815570E-1 5.955190E-2
 1.545940E-1 1.680370E-2 8.385090E-4 2.508250E-6 0.000000E+6 0.000000E+6
 2.227530E-1 3.123230E-2 2.055940E-3 9.600660E-6 -2.162720E-9 -1.073980E-12
 3.016870E-1 5.177140E-2 4.392170E-3 3.192490E-5 6.621140E-7 5.915800E-10
 3.985730E-1 7.753840E-2 8.674640E-3 9.769050E-5 8.708150E-6 1.211140E-8
 5.172400E-1 1.080040E-1 1.623640E-2 2.813120E-4 4.416510E-5 9.592320E-8
 6.614950E-1 1.421490E-1 2.915420E-2 7.683910E-4 1.461710E-4 4.961070E-7
 8.333370E-1 1.770280E-1 5.031800E-2 1.982730E-3 3.853730E-4 2.041220E-6
 1.038220E+0 2.150050E-1 8.321910E-2 4.783140E-3 8.897220E-4 7.333370E-6
 1.291150E+0 2.605190E-1 1.316370E-1 1.069050E-2 1.888900E-3 2.410100E-5
 1.575780E+0 3.125460E-1 1.973020E-1 2.165150E-2 3.776740E-3 7.397260E-5
 1.905920E+0 3.771130E-1 2.804310E-1 3.948480E-2 7.184170E-3 2.132860E-4
 2.282230E+0 4.531200E-1 3.784410E-1 6.450680E-2 1.301260E-2 5.744650E-4
 2.680660E+0 5.337870E-1 4.857930E-1 9.453150E-2 2.236010E-2 1.427820E-3
 3.081930E+0 6.138620E-1 6.017270E-1 1.268140E-1 3.619650E-2 3.219670E-3
 3.483780E+0 6.846390E-1 7.190980E-1 1.569580E-1 5.492440E-2 6.490220E-3
 3.880400E+0 7.438440E-1 8.380460E-1 1.830550E-1 7.827830E-2 1.162510E-2
 4.294410E+0 7.908290E-1 9.585620E-1 2.041440E-1 1.050020E-1 1.845900E-2
 4.691730E+0 8.234870E-1 1.076440E+0 2.195880E-1 1.334970E-1 2.622260E-2
 5.074190E+0 8.430220E-1 1.189270E+0 2.298220E-1 1.624990E-1 3.388410E-2
 5.484760E+0 8.536560E-1 1.306050E+0 2.362280E-1 1.916760E-1 4.066040E-2
 5.836100E+0 8.597990E-1 1.421190E+0 2.403800E-1 2.211120E-1 4.626790E-2
 1.477550E-1 1.634040E-2 2.960420E-4 8.986390E-7 0.000000E+6 0.000000E+6
 2.074470E-1 2.968150E-2 1.047820E-3 4.957520E-6 0.000000E+6 0.000000E+6
 2.798620E-1 4.863000E-2 2.745930E-3 2.020960E-5 -3.424670E-9 -2.693360E-12
 3.706140E-1 7.392910E-2 6.060400E-3 6.906540E-5 2.402790E-7 3.436660E-10
 4.763130E-1 1.011280E-1 1.210200E-2 2.120850E-4 7.190320E-6 1.589440E-8
 6.017330E-1 1.310380E-1 2.256050E-2 6.010520E-4 4.734170E-5 1.629520E-7
 7.553470E-1 1.614470E-1 3.983340E-2 1.586140E-3 1.771190E-4 9.497340E-7
 9.432030E-1 1.955830E-1 6.683290E-2 3.880260E-3 4.969660E-4 4.141490E-6
 1.133370E+0 2.281220E-1 1.060570E-1 8.675980E-3 1.181540E-3 1.522820E-5
 1.374840E+0 2.695520E-1 1.594640E-1 1.760160E-2 2.529080E-3 4.999590E-5
 1.635940E+0 3.178040E-1 2.261580E-1 3.195850E-2 5.016600E-3 1.501730E-4
 1.934010E+0 3.739490E-1 3.041180E-1 5.182150E-2 9.332270E-3 4.150420E-4
 2.246270E+0 4.323640E-1 3.899050E-1 7.557690E-2 1.631110E-2 1.048180E-3
 2.564730E+0 4.907070E-1 4.787570E-1 1.000390E-1 2.669660E-2 2.386050E-3
 2.871040E+0 5.389980E-1 5.684220E-1 1.224560E-1 4.077900E-2 4.834610E-3
 3.170620E+0 5.782550E-1 6.588630E-1 1.413850E-1 5.828540E-2 8.668920E-3
 3.469590E+0 6.062370E-1 7.481620E-1 1.557380E-1 7.813950E-2 1.372150E-2
 3.763220E+0 6.239040E-1 8.359920E-1 1.658460E-1 9.939530E-2 1.944520E-2
 4.048320E+0 6.327010E-1 9.213870E-1 1.720810E-1 1.208780E-1 2.501630E-2
 4.318090E+0 6.337710E-1 1.003760E+0 1.751010E-1 1.421660E-1 2.984410E-2
 4.578890E+0 6.295210E-1 1.084700E+0 1.757940E-1 1.631220E-1 3.357440E-2
 1.389690E-1 1.564800E-2 3.002440E-5 9.284290E-8 0.000000E+6 0.000000E+6
 1.939510E-1 2.830770E-2 2.977290E-4 1.430330E-6 0.000000E+6 0.000000E+6
 2.619520E-1 4.641600E-2 1.246460E-3 9.297350E-6 0.000000E+6 0.000000E+6
 3.432420E-1 6.948640E-2 3.531910E-3 4.075980E-5 0.000000E+6 0.000000E+6
 4.394870E-1 9.493940E-2 8.111160E-3 1.438870E-4 3.368670E-8 7.771840E-11
 5.511880E-1 1.214300E-1 1.635800E-2 4.406820E-4 4.986190E-6 1.749380E-8
 6.781540E-1 1.481240E-1 3.021620E-2 1.215410E-3 4.687630E-5 2.551530E-7
 8.247050E-1 1.725960E-1 5.197520E-2 3.045440E-3 2.042120E-4 1.723240E-6
 9.928730E-1 1.997310E-1 8.381090E-2 6.909360E-3 6.184510E-4 8.061740E-6
 1.203440E+0 2.317070E-1 1.268600E-1 1.408940E-2 1.515410E-3 3.026070E-5
 1.415590E+0 2.671090E-1 1.802040E-1 2.553010E-2 3.260630E-3 9.848780E-5
 1.641130E+0 3.071730E-1 2.415050E-1 4.112610E-2 6.370750E-3 2.854950E-4
 1.889200E+0 3.494410E-1 3.080110E-1 5.941380E-2 1.147120E-2 7.419770E-4
 2.121960E+0 3.876160E-1 3.761270E-1 7.780360E-2 1.912310E-2 1.717600E-3
 2.347230E+0 4.196400E-1 4.445140E-1 9.433230E-2 2.958560E-2 3.521100E-3
 2.571160E+0 4.429230E-1 5.114780E-1 1.074880E-1 4.245330E-2 6.320910E-3
 2.787820E+0 4.577850E-1 5.772360E-1 1.170250E-1 5.704640E-2 9.999840E-3
 2.998740E+0 4.649830E-1 6.406930E-1 1.231260E-1 7.250080E-2 1.411230E-2
 3.199730E+0 4.655930E-1 7.019580E-1 1.262830E-1 8.801700E-2 1.805990E-2
 3.402060E+0 4.603780E-1 7.597660E-1 1.269370E-1 1.030860E-1 2.136770E-2
 3.578220E+0 4.525780E-1 8.159200E-1 1.262030E-1 1.177860E-1 2.389880E-2
 1.329350E-1 1.510350E-2 1.820270E-7 6.167480E-10 0.000000E+6 0.000000E+6
 1.843590E-1 2.720530E-2 3.375840E-5 1.645360E-7 0.000000E+6 0.000000E+6
 2.480290E-1 4.466250E-2 3.870220E-4 2.923560E-6 0.000000E+6 0.000000E+6
 3.217310E-1 6.567350E-2 1.719920E-3 2.006880E-5 0.000000E+6 0.000000E+6
 4.102990E-1 8.959480E-2 4.979240E-3 8.917400E-5 0.000000E+6 0.000000E+6
 5.077060E-1 1.139300E-1 1.143880E-2 3.108330E-4 -1.357810E-8 -4.228580E-11
 6.205060E-1 1.358500E-1 2.270840E-2 9.214720E-4 5.566070E-6 3.081650E-8
 7.479400E-1 1.566380E-1 4.072320E-2 2.405450E-3 6.040940E-5 5.163030E-7
 8.857330E-1 1.773110E-1 6.719600E-2 5.576200E-3 2.778700E-4 3.659750E-6
 1.050840E+0 2.009160E-1 1.027840E-1 1.146370E-2 8.508450E-4 1.714340E-5
 1.232470E+0 2.282800E-1 1.467980E-1 2.083410E-2 2.077530E-3 6.324900E-5
 1.410690E+0 2.579480E-1 1.967560E-1 3.347430E-2 4.370900E-3 1.972120E-4
 1.620910E+0 2.890160E-1 2.504520E-1 4.805680E-2 8.224520E-3 5.349800E-4
 1.804250E+0 3.156570E-1 3.046390E-1 6.239910E-2 1.407250E-2 1.269610E-3
 1.979130E+0 3.369450E-1 3.583000E-1 7.494200E-2 2.211170E-2 2.637850E-3
 2.151870E+0 3.509530E-1 4.101250E-1 8.452750E-2 3.198610E-2 4.765550E-3
 2.317710E+0 3.583430E-1 4.607650E-1 9.110560E-2 4.316740E-2 7.552080E-3
 2.483340E+0 3.588530E-1 5.081990E-1 9.464800E-2 5.480090E-2 1.060540E-2
 2.617040E+0 3.551540E-1 5.517480E-1 9.607160E-2 6.644150E-2 1.352010E-2
 2.759210E+0 3.490440E-1 5.980660E-1 9.604900E-2 7.796940E-2 1.597850E-2
 2.878430E+0 3.387250E-1 6.373570E-1 9.432290E-2 8.863340E-2 1.770960E-2
 1.229590E-1 1.445540E-2 0.000000E+6 0.000000E+6 0.000000E+6 0.000000E+6
 1.741870E-1 2.591170E-2 2.849600E-7 1.520140E-9 0.000000E+6 0.000000E+6
 2.331110E-1 4.236900E-2 2.822360E-5 2.169780E-7 0.000000E+6 0.000000E+6
 3.013130E-1 6.260710E-2 4.499120E-4 5.321910E-6 0.000000E+6 0.000000E+6
 3.756810E-1 8.346070E-2 2.195440E-3 3.976550E-5 0.000000E+6 0.000000E+6
 4.607930E-1 1.040740E-1 6.565550E-3 1.802970E-4 0.000000E+6 0.000000E+6
 5.541150E-1 1.226940E-1 1.512550E-2 6.191290E-4 -2.141020E-8 -1.052220E-10
 6.664690E-1 1.397340E-1 2.940830E-2 1.751060E-3 5.301900E-6 4.606340E-8
 7.859680E-1 1.555490E-1 5.080890E-2 4.246980E-3 6.951770E-5 9.274670E-7
 9.177910E-1 1.722330E-1 7.975730E-2 8.935050E-3 3.450590E-4 7.026490E-6
 1.053840E+0 1.909800E-1 1.153300E-1 1.639350E-2 1.088570E-3 3.345690E-5
 1.209840E+0 2.119270E-1 1.552820E-1 2.633210E-2 2.635350E-3 1.198300E-4
 1.369300E+0 2.330410E-1 1.975930E-1 3.763660E-2 5.387390E-3 3.525350E-4
 1.509560E+0 2.502250E-1 2.396340E-1 4.849450E-2 9.674800E-3 8.770200E-4
 1.641760E+0 2.632590E-1 2.812300E-1 5.776250E-2 1.566080E-2 1.873550E-3
 1.769800E+0 2.701050E-1 3.203600E-1 6.443790E-2 2.302190E-2 3.429870E-3
 1.890170E+0 2.715600E-1 3.573050E-1 6.857160E-2 3.128290E-2 5.457760E-3
 2.006440E+0 2.685650E-1 3.924170E-1 7.048930E-2 3.991240E-2 7.669680E-3
 2.100850E+0 2.620620E-1 4.231170E-1 7.063950E-2 4.834280E-2 9.737240E-3
 2.201440E+0 2.544040E-1 4.569320E-1 6.982360E-2 5.663480E-2 1.143540E-2
 2.278850E+0 2.441200E-1 4.834210E-1 6.785330E-2 6.422400E-2 1.260020E-2
 1.184010E-1 1.421230E-2 0.000000E+6 0.000000E+6 0.000000E+6 0.000000E+6
 1.560270E-1 2.413810E-2 0.000000E+6 0.000000E+6 0.000000E+6 0.000000E+6
 2.051530E-1 3.862140E-2 0.000000E+6 0.000000E+6 0.000000E+6 0.000000E+6
 2.753260E-1 5.770330E-2 6.320380E-6 7.634240E-8 0.000000E+6 0.000000E+6
 3.350500E-1 7.488390E-2 3.028630E-4 5.577400E-6 0.000000E+6 0.000000E+6
 4.047570E-1 9.196860E-2 2.026180E-3 5.640720E-5 0.000000E+6 0.000000E+6
 4.788190E-1 1.061500E-1 6.865880E-3 2.842750E-4 0.000000E+6 0.000000E+6
 5.666550E-1 1.186400E-1 1.653480E-2 9.933400E-4 -3.364560E-8 -2.600190E-10
 6.635020E-1 1.288760E-1 3.206650E-2 2.700800E-3 1.355920E-6 1.862030E-8
 7.614800E-1 1.386650E-1 5.377730E-2 6.052800E-3 4.714430E-5 9.760990E-7
 8.657630E-1 1.496540E-1 8.059630E-2 1.146090E-2 3.062770E-4 9.535520E-6
 9.703130E-1 1.616100E-1 1.105450E-1 1.867450E-2 1.073940E-3 4.936700E-5
 1.087000E+0 1.732500E-1 1.413550E-1 2.665140E-2 2.678480E-3 1.766750E-4
 1.184150E+0 1.819750E-1 1.715990E-1 3.413120E-2 5.404280E-3 4.926850E-4
 1.275270E+0 1.868990E-1 2.002880E-1 4.008300E-2 9.324130E-3 1.117600E-3
 1.357210E+0 1.883730E-1 2.274270E-1 4.424170E-2 1.427910E-2 2.127230E-3
 1.435600E+0 1.860840E-1 2.525690E-1 4.647420E-2 1.985090E-2 3.448620E-3
 1.507020E+0 1.809210E-1 2.756190E-1 4.711700E-2 2.561010E-2 4.886560E-3
 1.569740E+0 1.734070E-1 2.965870E-1 4.647310E-2 3.122090E-2 6.185320E-3
 1.626820E+0 1.655010E-1 3.163760E-1 4.523960E-2 3.652640E-2 7.233750E-3
 1.665790E+0 1.562560E-1 3.327700E-1 4.330360E-2 4.137000E-2 7.899660E-3
 1.020660E-1 1.234730E-2 0.000000E+6 0.000000E+6 0.000000E+6 0.000000E+6
 1.394870E-1 2.189210E-2 0.000000E+6 0.000000E+6 0.000000E+6 0.000000E+6
 1.829730E-1 3.490630E-2 0.000000E+6 0.000000E+6 0.000000E+6 0.000000E+6
 2.301900E-1 4.996170E-2 0.000000E+6 0.000000E+6 0.000000E+6 0.000000E+6
 2.822300E-1 6.323490E-2 1.030520E-6 2.075050E-8 0.000000E+6 0.000000E+6
 3.365320E-1 7.637130E-2 1.313230E-4 3.716850E-6 0.000000E+6 0.000000E+6
 3.913640E-1 8.604880E-2 1.464070E-3 6.143220E-5 0.000000E+6 0.000000E+6
 4.549280E-1 9.378500E-2 5.934000E-3 3.603800E-4 0.000000E+6 0.000000E+6
 5.197490E-1 9.893550E-2 1.515760E-2 1.285540E-3 0.000000E+6 0.000000E+6
 5.872610E-1 1.035240E-1 2.954570E-2 3.348500E-3 -8.175080E-8 -1.537930E-9
 6.588940E-1 1.084710E-1 4.819760E-2 6.871680E-3 2.135560E-5 6.760980E-7
 7.314160E-1 1.136700E-1 6.923950E-2 1.162700E-2 2.113990E-4 9.830730E-6
 8.052200E-1 1.187000E-1 9.069870E-2 1.688520E-2 8.599300E-4 5.725390E-5
 8.663810E-1 1.219050E-1 1.115590E-1 2.172790E-2 2.257240E-3 2.071990E-4
 9.246290E-1 1.226400E-1 1.308600E-1 2.542160E-2 4.519160E-3 5.437710E-4
 9.768210E-1 1.206730E-1 1.482210E-1 2.768470E-2 7.519800E-3 1.118580E-3
 1.023250E+0 1.165590E-1 1.637600E-1 2.863540E-2 1.096070E-2 1.892640E-3
 1.063430E+0 1.110280E-1 1.779270E-1 2.857800E-2 1.452480E-2 2.737260E-3
 1.098180E+0 1.045060E-1 1.905430E-1 2.777300E-2 1.796360E-2 3.501460E-3
 1.128220E+0 9.725970E-2 2.004500E-1 2.642650E-2 2.110970E-2 4.068270E-3
 1.147550E+0 9.049110E-2 2.103270E-1 2.496790E-2 2.399540E-2 4.433520E-3
 8.302890E-2 1.010290E-2 0.000000E+6 0.000000E+6 0.000000E+6 0.000000E+6
 1.130150E-1 1.780180E-2 0.000000E+6 0.000000E+6 0.000000E+6 0.000000E+6
 1.473420E-1 2.813790E-2 0.000000E+6 0.000000E+6 0.000000E+6 0.000000E+6
 1.840570E-1 3.983260E-2 0.000000E+6 0.000000E+6 0.000000E+6 0.000000E+6
 2.214570E-1 5.099160E-2 0.000000E+6 0.000000E+6 0.000000E+6 0.000000E+6
 2.684940E-1 6.031780E-2 1.520190E-6 4.655910E-8 0.000000E+6 0.000000E+6
 3.060960E-1 6.635160E-2 7.025570E-5 2.994680E-6 0.000000E+6 0.000000E+6
 3.462940E-1 7.010780E-2 1.167290E-3 7.154230E-5 0.000000E+6 0.000000E+6
 3.883940E-1 7.197690E-2 5.154040E-3 4.400320E-4 0.000000E+6 0.000000E+6
 4.318520E-1 7.308890E-2 1.324090E-2 1.504030E-3 0.000000E+6 0.000000E+6
 4.796850E-1 7.431410E-2 2.510370E-2 3.564630E-3 -1.253940E-7 -3.621430E-9
 5.258760E-1 7.602860E-2 3.920950E-2 6.539400E-3 1.199520E-5 5.659040E-7
 5.695810E-1 7.754420E-2 5.386920E-2 9.915330E-3 1.603950E-4 1.078800E-5
 6.098150E-1 7.780250E-2 6.785750E-2 1.293510E-2 6.950280E-4 6.414410E-5
 6.455150E-1 7.671260E-2 8.065280E-2 1.519230E-2 1.808680E-3 2.180420E-4
 6.764880E-1 7.400720E-2 9.180420E-2 1.646380E-2 3.482680E-3 5.169110E-4
 7.029270E-1 7.005830E-2 1.014540E-1 1.685170E-2 5.518840E-3 9.462130E-4
 7.258840E-1 6.534940E-2 1.097210E-1 1.657420E-2 7.679010E-3 1.424970E-3
 7.415960E-1 6.035560E-2 1.171250E-1 1.587410E-2 9.753370E-3 1.861680E-3
 7.545920E-1 5.549690E-2 1.233760E-1 1.496810E-2 1.165150E-2 2.194130E-3
 7.618290E-1 5.053900E-2 1.281590E-1 1.387000E-2 1.331180E-2 2.379090E-3
---