x               Q2[GeV^2]          y           W2[GeV^2]      stat[%]     pt-pt[%]   norm[%]
---------------------------------------------------------------------------------------------

beam energy set:18x275
----------------------- 
5.15e-05          0.515          0.505          1e+04        0.00711       1.5       2.5
8.15e-05          0.515          0.319           6310        0.00679       1.5       2.5
8.15e-05          0.815          0.505          1e+04        0.00566       1.5       2.5
0.000129          0.515          0.201           3981        0.00666       1.5       2.5
0.000129          0.815          0.319           6310        0.00544       1.5       2.5
0.000129           1.29          0.505          1e+04        0.00681       1.5       2.5
0.000205          0.515          0.127           2512        0.00667       1.5       2.5
0.000205          0.815          0.201           3981        0.00536       1.5       2.5
0.000205           1.29          0.319           6309        0.00654       1.5       2.5
0.000205           2.05          0.505           9999         0.0084       1.5       2.5
0.000325          0.515           0.08           1585        0.00677       1.5       2.5
0.000325          0.815          0.127           2512        0.00539       1.5       2.5
0.000325           1.29          0.201           3981        0.00647       1.5       2.5
0.000325           2.05          0.319           6308         0.0081       1.5       2.5
0.000325           3.25          0.505           9998         0.0101       1.5       2.5
0.000515          0.515         0.0505           1000        0.00694       1.5       2.5
0.000515          0.815           0.08           1585        0.00548       1.5       2.5
0.000515           1.29          0.127           2511        0.00652       1.5       2.5
0.000515           2.05          0.201           3980        0.00803       1.5       2.5
0.000515           3.25          0.319           6307        0.00973       1.5       2.5
0.000515           5.15          0.505           9996         0.0122       1.5       2.5
0.000815          0.515         0.0319          631.3        0.00714       1.5       2.5
0.000815          0.815         0.0505           1000        0.00562       1.5       2.5
0.000815           1.29           0.08           1584        0.00665       1.5       2.5
0.000815           2.05          0.127           2511        0.00811       1.5       2.5
0.000815           3.25          0.201           3979        0.00963       1.5       2.5
0.000815           5.15          0.319           6305         0.0118       1.5       2.5
0.000815           8.15          0.505           9993          0.015       1.5       2.5
0.00129           0.515         0.0201          398.5        0.00738       1.5       2.5
0.00129           0.815         0.0319            631         0.0058       1.5       2.5
0.00129            1.29         0.0505          999.6        0.00684       1.5       2.5
0.00129            2.05           0.08           1584         0.0083       1.5       2.5
0.00129            3.25          0.127           2510        0.00973       1.5       2.5
0.00129            5.15          0.201           3977         0.0117       1.5       2.5
0.00129            8.15          0.319           6302         0.0145       1.5       2.5
0.00129            12.9          0.505           9988         0.0186       1.5       2.5
0.00205           0.515         0.0127          251.6        0.00763       1.5       2.5
0.00205           0.815         0.0201          398.2        0.00599       1.5       2.5
0.00205            1.29         0.0319          630.5        0.00707       1.5       2.5
0.00205            2.05         0.0505          998.8        0.00853       1.5       2.5
0.00205            3.25           0.08           1583        0.00995       1.5       2.5
0.00205            5.15          0.127           2508         0.0119       1.5       2.5
0.00205            8.15          0.201           3974         0.0145       1.5       2.5
0.00205            12.9          0.319           6298         0.0182       1.5       2.5
0.00205            20.5          0.505           9980         0.0235       1.5       2.5
0.00325           0.515          0.008          158.9        0.00787       2.5       2.5
0.00325           0.815         0.0127          251.3        0.00619       1.5       2.5
0.00325            1.29         0.0201          397.7        0.00731       1.5       2.5
0.00325            2.05         0.0319          629.8        0.00882       1.5       2.5
0.00325            3.25         0.0505          997.6         0.0103       1.5       2.5
0.00325            5.15           0.08           1581         0.0122       1.5       2.5
0.00325            8.15          0.127           2505         0.0147       1.5       2.5
0.00325            12.9          0.201           3969         0.0182       1.5       2.5
0.00325            20.5          0.319           6290          0.023       1.5       2.5
0.00325            32.5          0.505           9968           0.03       1.5       2.5
0.00515           0.515        0.00505          100.4        0.00812       2.5       2.5
0.00515           0.815          0.008          158.6        0.00639       2.5       2.5
0.00515            1.29         0.0127          250.8        0.00756       1.5       2.5
0.00515            2.05         0.0201          396.9        0.00912       1.5       2.5
0.00515            3.25         0.0319          628.6         0.0106       1.5       2.5
0.00515            5.15         0.0505          995.7         0.0125       1.5       2.5
0.00515            8.15           0.08           1578         0.0151       1.5       2.5
0.00515            12.9          0.127           2500         0.0185       1.5       2.5
0.00515            20.5          0.201           3961         0.0232       1.5       2.5
0.00515            32.5          0.319           6278         0.0297       1.5       2.5
0.00515            51.5          0.505           9949         0.0388       1.5       2.5
0.00815           0.515        0.00319          63.46        0.00834       2.5       2.5
0.00815           0.815        0.00505          100.1        0.00659       2.5       2.5
0.00815            1.29          0.008          158.1        0.00778       2.5       2.5
0.00815            2.05         0.0127            250         0.0094       1.5       2.5
0.00815            3.25         0.0201          395.7         0.0109       1.5       2.5
0.00815            5.15         0.0319          626.7          0.013       1.5       2.5
0.00815            8.15         0.0505          992.7         0.0157       1.5       2.5
0.00815            12.9           0.08           1573         0.0191       1.5       2.5
0.00815            20.5          0.127           2492         0.0237       1.5       2.5
0.00815            32.5          0.201           3949         0.0299       1.5       2.5
0.00815            51.5          0.319           6259         0.0385       1.5       2.5
0.00815            81.5          0.505           9919         0.0513       1.5       2.5
0.0129            0.515        0.00201          40.18        0.00855       2.5       2.5
0.0129            0.815        0.00319          63.16        0.00676       2.5       2.5
0.0129             1.29        0.00505          99.59        0.00801       2.5       2.5
0.0129             2.05          0.008          157.3        0.00967       2.5       2.5
0.0129             3.25         0.0127          248.8         0.0113       1.5       2.5
0.0129             5.15         0.0201          393.8         0.0135       1.5       2.5
0.0129             8.15         0.0319          623.7         0.0163       1.5       2.5
0.0129             12.9         0.0505            988         0.0198       1.5       2.5
0.0129             20.5           0.08           1565         0.0246       1.5       2.5
0.0129             32.5          0.127           2480         0.0308       1.5       2.5
0.0129             51.5          0.201           3930         0.0392       1.5       2.5
0.0129             81.5          0.319           6229         0.0509       1.5       2.5
0.0129              129          0.505           9872         0.0684       1.5       2.5
0.0205            0.815        0.00201          39.88        0.00693       2.5       2.5
0.0205             1.29        0.00319          62.68        0.00822       2.5       2.5
0.0205             2.05        0.00505          98.83        0.00991       2.5       2.5
0.0205             3.25          0.008          156.1         0.0116       2.5       2.5
0.0205             5.15         0.0127          246.9         0.0139       1.5       2.5
0.0205             8.15         0.0201          390.8         0.0169       1.5       2.5
0.0205             12.9         0.0319          618.9         0.0207       1.5       2.5
0.0205             20.5         0.0505          980.4         0.0255       1.5       2.5
0.0205             32.5           0.08           1553          0.032       1.5       2.5
0.0205             51.5          0.127           2461         0.0409       1.5       2.5
0.0205             81.5          0.201           3900         0.0516       1.5       2.5
0.0205              129          0.319           6181         0.0679       1.5       2.5
0.0205              205          0.505           9796         0.0908       1.5       2.5
0.0325             1.29        0.00201           39.4        0.00841       2.5       2.5
0.0325             2.05        0.00319          61.93         0.0101       2.5       2.5
0.0325             3.25        0.00505          97.63          0.012       2.5       2.5
0.0325             5.15          0.008          154.2         0.0144       2.5       2.5
0.0325             8.15         0.0127          243.9         0.0175       1.5       2.5
0.0325             12.9         0.0201          386.1         0.0216       1.5       2.5
0.0325             20.5         0.0319          611.4         0.0268       1.5       2.5
0.0325             32.5         0.0505          968.4         0.0333       1.5       2.5
0.0325             51.5           0.08           1534         0.0421       1.5       2.5
0.0325             81.5          0.127           2431         0.0539       1.5       2.5
0.0325              129          0.201           3853          0.069       1.5       2.5
0.0325              205          0.319           6106         0.0909       1.5       2.5
0.0325              325          0.505           9676          0.125       1.5       2.5
0.0515             2.05        0.00201          38.64         0.0103       2.5       2.5
0.0515             3.25        0.00319          60.73         0.0122       2.5       2.5
0.0515             5.15        0.00505          95.74         0.0148       2.5       2.5
0.0515             8.15          0.008          151.2         0.0181       2.5       2.5
0.0515             12.9         0.0127          239.1         0.0224       1.5       2.5
0.0515             20.5         0.0201          378.5         0.0278       1.5       2.5
0.0515             32.5         0.0319          599.4         0.0349       1.5       2.5
0.0515             51.5         0.0505          949.4         0.0439       1.5       2.5
0.0515             81.5           0.08           1504         0.0556       1.5       2.5
0.0515              129          0.127           2384         0.0719       1.5       2.5
0.0515              205          0.201           3777         0.0926       1.5       2.5
0.0515              325          0.319           5986          0.122       1.5       2.5
0.0515              515          0.505           9486          0.173       1.5       2.5
0.0815             3.25        0.00201          37.44         0.0125       2.5       2.5
0.0815             5.15        0.00319          58.83         0.0152       2.5       2.5
0.0815             8.15        0.00505          92.73         0.0188       2.5       2.5
0.0815             12.9          0.008          146.4         0.0234       2.5       2.5
0.0815             20.5         0.0127          231.6         0.0291       1.5       2.5
0.0815             32.5         0.0201          366.5         0.0366       1.5       2.5
0.0815             51.5         0.0319          580.4         0.0462       1.5       2.5
0.0815             81.5         0.0505          919.3         0.0589       1.5       2.5
0.0815              129           0.08           1457         0.0745       1.5       2.5
0.0815              205          0.127           2308         0.0969       1.5       2.5
0.0815              325          0.201           3657          0.124       1.5       2.5
0.0815              515          0.319           5796          0.166       1.5       2.5
0.0815              815          0.505           9185          0.226       1.5       2.5
0.129              5.15        0.00201          35.55         0.0157       2.5       2.5
0.129              8.15        0.00319          55.82         0.0194       2.5       2.5
0.129              12.9        0.00505          87.96         0.0244       2.5       2.5
0.129              20.5          0.008          138.9         0.0307       2.5       2.5
0.129              32.5         0.0127          219.6         0.0384       1.5       2.5
0.129              51.5         0.0201          347.5         0.0485       1.5       2.5
0.129              81.5         0.0319          550.3         0.0617       1.5       2.5
0.129               129         0.0505          871.6         0.0784       1.5       2.5
0.129               205           0.08           1381          0.102       1.5       2.5
0.129               325          0.127           2188          0.131       1.5       2.5
0.129               515          0.201           3467          0.172       1.5       2.5
0.129               815          0.319           5495          0.235       1.5       2.5
0.129          1.29e+03          0.505           8708          0.314       1.5       2.5
0.205              8.15        0.00201          32.54         0.0206       2.5       2.5
0.205              12.9        0.00319          51.05         0.0258       2.5       2.5
0.205              20.5        0.00505           80.4         0.0327       2.5       2.5
0.205              32.5          0.008          126.9         0.0413       2.5       2.5
0.205              51.5         0.0127          200.6         0.0527       1.5       2.5
0.205              81.5         0.0201          317.4         0.0675       1.5       2.5
0.205               129         0.0319          502.6         0.0847       1.5       2.5
0.205               205         0.0505            796           0.11       1.5       2.5
0.205               325           0.08           1261           0.14       1.5       2.5
0.205               515          0.127           1998          0.182       1.5       2.5
0.205               815          0.201           3166          0.247       1.5       2.5
0.205          1.29e+03          0.319           5018          0.326       1.5       2.5
0.205          2.05e+03          0.505           7952          0.421       1.5       2.5
0.325              12.9        0.00201          27.77           0.03       2.5       2.5
0.325              20.5        0.00319          43.49         0.0382       2.5       2.5
0.325              32.5        0.00505          68.42         0.0485       2.5       2.5
0.325              51.5          0.008          107.9          0.062       2.5       2.5
0.325              81.5         0.0127          170.5         0.0808       1.5       2.5
0.325               129         0.0201          269.7          0.102       1.5       2.5
0.325               205         0.0319            427          0.132       1.5       2.5
0.325               325         0.0505          676.2          0.168       1.5       2.5
0.325               515           0.08           1071          0.213       1.5       2.5
0.325               815          0.127           1697          0.308       1.5       2.5
0.325          1.29e+03          0.201           2690          0.343       1.5       2.5
0.325          2.05e+03          0.319           4262           0.49       1.5       2.5
0.325          3.25e+03          0.505           6754          0.735       1.5       2.5
0.515              20.5        0.00201          20.21         0.0567       2.5       2.5
0.515              32.5        0.00319          31.51         0.0737       2.5       2.5
0.515              51.5        0.00505          49.43         0.0936       2.5       2.5
0.515              81.5          0.008          77.82          0.121       2.5       2.5
0.515               129         0.0127          122.8           0.16       1.5       2.5
0.515               205         0.0201          194.1          0.205       1.5       2.5
0.515               325         0.0319          307.2          0.265       1.5       2.5
0.515               515         0.0505          486.3          0.343       1.5       2.5
0.515               815           0.08          770.3          0.469       1.5       2.5
0.515          1.29e+03          0.127           1220          0.598       1.5       2.5
0.515          2.05e+03          0.201           1934          0.762       1.5       2.5
0.515          3.25e+03          0.319           3064           1.03       1.5       2.5
0.515          5.15e+03          0.505           4856           1.73       1.5       2.5
0.815              32.5        0.00201          8.226          0.224       2.5       2.5
0.815              51.5        0.00319          12.52          0.288       2.5       2.5
0.815              81.5        0.00505          19.33          0.385       2.5       2.5
0.815               129          0.008          30.13          0.511       2.5       2.5
0.815               205         0.0127          47.23          0.669       1.5       2.5
0.815               325         0.0201          74.34          0.865       1.5       2.5
0.815               515         0.0319          117.3           1.22       1.5       2.5
0.815               815         0.0505          185.4           1.22       1.5       2.5
0.815          1.29e+03           0.08          293.3           2.36       1.5       2.5
0.815          2.05e+03          0.127          464.4           2.21       1.5       2.5
0.815          3.25e+03          0.201          735.5            3.6       1.5       2.5
0.815          5.15e+03          0.319           1165           4.41       1.5       2.5

beam energy set:10x100
----------------------- 
0.000325          0.515          0.396           1585        0.00804       1.5       2.5
0.000515          0.515           0.25           1000        0.00774       1.5       2.5
0.000515          0.815          0.396           1585         0.0064       1.5       2.5
0.000815          0.515          0.158          631.3        0.00766       1.5       2.5
0.000815          0.815           0.25           1000         0.0062       1.5       2.5
0.000815           1.29          0.396           1584        0.00777       1.5       2.5
0.00129           0.515         0.0995          398.5        0.00771       1.5       2.5
0.00129           0.815          0.158            631        0.00617       1.5       2.5
0.00129            1.29           0.25          999.6        0.00756       1.5       2.5
0.00129            2.05          0.396           1584        0.00968       1.5       2.5
0.00205           0.515         0.0628          251.6        0.00784       1.5       2.5
0.00205           0.815         0.0995          398.2        0.00623       1.5       2.5
0.00205            1.29          0.158          630.5        0.00753       1.5       2.5
0.00205            2.05           0.25          998.8        0.00944       1.5       2.5
0.00205            3.25          0.396           1583         0.0116       1.5       2.5
0.00325           0.515         0.0396          158.9          0.008       1.5       2.5
0.00325           0.815         0.0628          251.3        0.00634       1.5       2.5
0.00325            1.29         0.0995          397.7        0.00761       1.5       2.5
0.00325            2.05          0.158          629.8         0.0094       1.5       2.5
0.00325            3.25           0.25          997.6         0.0113       1.5       2.5
0.00325            5.15          0.396           1581         0.0142       1.5       2.5
0.00515           0.515          0.025          100.4         0.0082       1.5       2.5
0.00515           0.815         0.0396          158.6        0.00648       1.5       2.5
0.00515            1.29         0.0628          250.8        0.00774       1.5       2.5
0.00515            2.05         0.0995          396.9        0.00947       1.5       2.5
0.00515            3.25          0.158          628.6         0.0113       1.5       2.5
0.00515            5.15           0.25          995.7         0.0139       1.5       2.5
0.00515            8.15          0.396           1578         0.0177       1.5       2.5
0.00815           0.515         0.0158          63.46        0.00838       1.5       2.5
0.00815           0.815          0.025          100.1        0.00663       1.5       2.5
0.00815            1.29         0.0396          158.1         0.0079       1.5       2.5
0.00815            2.05         0.0628            250        0.00962       1.5       2.5
0.00815            3.25         0.0995          395.7         0.0114       1.5       2.5
0.00815            5.15          0.158          626.7         0.0138       1.5       2.5
0.00815            8.15           0.25          992.7         0.0173       1.5       2.5
0.00815            12.9          0.396           1573         0.0223       1.5       2.5
0.0129            0.515        0.00995          40.18        0.00858       2.5       2.5
0.0129            0.815         0.0158          63.16        0.00679       1.5       2.5
0.0129             1.29          0.025          99.59        0.00809       1.5       2.5
0.0129             2.05         0.0396          157.3        0.00981       1.5       2.5
0.0129             3.25         0.0628          248.8         0.0116       1.5       2.5
0.0129             5.15         0.0995          393.8          0.014       1.5       2.5
0.0129             8.15          0.158          623.7         0.0173       1.5       2.5
0.0129             12.9           0.25            988         0.0219       1.5       2.5
0.0129             20.5          0.396           1565         0.0286       1.5       2.5
0.0205            0.515        0.00628          25.48        0.00874       2.5       2.5
0.0205            0.815        0.00995          39.88        0.00694       2.5       2.5
0.0205             1.29         0.0158          62.68        0.00826       1.5       2.5
0.0205             2.05          0.025          98.83           0.01       1.5       2.5
0.0205             3.25         0.0396          156.1         0.0118       1.5       2.5
0.0205             5.15         0.0628          246.9         0.0143       1.5       2.5
0.0205             8.15         0.0995          390.8         0.0175       1.5       2.5
0.0205             12.9          0.158          618.9          0.022       1.5       2.5
0.0205             20.5           0.25          980.4         0.0283       1.5       2.5
0.0205             32.5          0.396           1553         0.0373       1.5       2.5
0.0325            0.515        0.00396          16.21        0.00909       2.5       2.5
0.0325            0.815        0.00628          25.18        0.00708       2.5       2.5
0.0325             1.29        0.00995           39.4        0.00842       2.5       2.5
0.0325             2.05         0.0158          61.93         0.0102       1.5       2.5
0.0325             3.25          0.025          97.63          0.012       1.5       2.5
0.0325             5.15         0.0396          154.2         0.0146       1.5       2.5
0.0325             8.15         0.0628          243.9         0.0179       1.5       2.5
0.0325             12.9         0.0995          386.1         0.0224       1.5       2.5
0.0325             20.5          0.158          611.4         0.0284       1.5       2.5
0.0325             32.5           0.25          968.4         0.0368       1.5       2.5
0.0325             51.5          0.396           1534          0.049       1.5       2.5
0.0515            0.515         0.0025          10.37         0.0102       2.5       2.5
0.0515            0.815        0.00396          15.91        0.00754       2.5       2.5
0.0515             1.29        0.00628          24.71        0.00858       2.5       2.5
0.0515             2.05        0.00995          38.64         0.0104       2.5       2.5
0.0515             3.25         0.0158          60.73         0.0123       1.5       2.5
0.0515             5.15          0.025          95.74          0.015       1.5       2.5
0.0515             8.15         0.0396          151.2         0.0184       1.5       2.5
0.0515             12.9         0.0628          239.1         0.0229       1.5       2.5
0.0515             20.5         0.0995          378.5         0.0291       1.5       2.5
0.0515             32.5          0.158          599.4         0.0372       1.5       2.5
0.0515             51.5           0.25          949.4         0.0487       1.5       2.5
0.0515             81.5          0.396           1504         0.0657       1.5       2.5
0.0815            0.815         0.0025          10.06          0.008       2.5       2.5
0.0815             1.29        0.00396          15.44        0.00897       2.5       2.5
0.0815             2.05        0.00628          23.95         0.0105       2.5       2.5
0.0815             3.25        0.00995          37.44         0.0126       2.5       2.5
0.0815             5.15         0.0158          58.83         0.0153       1.5       2.5
0.0815             8.15          0.025          92.73         0.0189       1.5       2.5
0.0815             12.9         0.0396          146.4         0.0237       1.5       2.5
0.0815             20.5         0.0628          231.6         0.0298       1.5       2.5
0.0815             32.5         0.0995          366.5          0.038       1.5       2.5
0.0815             51.5          0.158          580.4         0.0491       1.5       2.5
0.0815             81.5           0.25          919.3          0.065       1.5       2.5
0.0815              129          0.396           1457         0.0866       1.5       2.5
0.129              1.29         0.0025          9.588        0.00929       2.5       2.5
0.129              2.05        0.00396          14.68         0.0108       2.5       2.5
0.129              3.25        0.00628          22.75         0.0129       2.5       2.5
0.129              5.15        0.00995          35.55         0.0158       2.5       2.5
0.129              8.15         0.0158          55.82         0.0196       1.5       2.5
0.129              12.9          0.025          87.96         0.0245       1.5       2.5
0.129              20.5         0.0396          138.9          0.031       1.5       2.5
0.129              32.5         0.0628          219.6         0.0392       1.5       2.5
0.129              51.5         0.0995          347.5         0.0506       1.5       2.5
0.129              81.5          0.158          550.3         0.0654       1.5       2.5
0.129               129           0.25          871.6         0.0866       1.5       2.5
0.129               205          0.396           1381          0.117       1.5       2.5
0.205              2.05         0.0025          8.832         0.0114       2.5       2.5
0.205              3.25        0.00396          13.48         0.0136       2.5       2.5
0.205              5.15        0.00628          20.85         0.0167       2.5       2.5
0.205              8.15        0.00995          32.54         0.0208       2.5       2.5
0.205              12.9         0.0158          51.05         0.0261       1.5       2.5
0.205              20.5          0.025           80.4          0.033       1.5       2.5
0.205              32.5         0.0396          126.9         0.0421       1.5       2.5
0.205              51.5         0.0628          200.6         0.0538       1.5       2.5
0.205              81.5         0.0995          317.4         0.0698       1.5       2.5
0.205               129          0.158          502.6         0.0921       1.5       2.5
0.205               205           0.25            796          0.119       1.5       2.5
0.205               325          0.396           1261          0.165       1.5       2.5
0.325              3.25         0.0025          7.634         0.0156       2.5       2.5
0.325              5.15        0.00396          11.58         0.0191       2.5       2.5
0.325              8.15        0.00628          17.84         0.0239       2.5       2.5
0.325              12.9        0.00995          27.77         0.0302       2.5       2.5
0.325              20.5         0.0158          43.49         0.0382       1.5       2.5
0.325              32.5          0.025          68.42         0.0492       1.5       2.5
0.325              51.5         0.0396          107.9         0.0628       1.5       2.5
0.325              81.5         0.0628          170.5         0.0822       1.5       2.5
0.325               129         0.0995          269.7          0.106       1.5       2.5
0.325               205          0.158            427          0.141       1.5       2.5
0.325               325           0.25          676.2          0.187       1.5       2.5
0.325               515          0.396           1071          0.255       1.5       2.5
0.515              5.15         0.0025          5.735         0.0289       2.5       2.5
0.515              8.15        0.00396          8.575         0.0351       2.5       2.5
0.515              12.9        0.00628          13.07         0.0445       2.5       2.5
0.515              20.5        0.00995          20.21         0.0572       2.5       2.5
0.515              32.5         0.0158          31.51         0.0735       1.5       2.5
0.515              51.5          0.025          49.43         0.0957       1.5       2.5
0.515              81.5         0.0396          77.82          0.122       1.5       2.5
0.515               129         0.0628          122.8           0.16       1.5       2.5
0.515               205         0.0995          194.1          0.212       1.5       2.5
0.515               325          0.158          307.2          0.286       1.5       2.5
0.515               515           0.25          486.3          0.374       1.5       2.5
0.515               815          0.396          770.3           0.51       1.5       2.5
0.815              8.15         0.0025          2.726          0.131       2.5       2.5
0.815              12.9        0.00396          3.805          0.139       2.5       2.5
0.815              20.5        0.00628          5.515          0.174       2.5       2.5
0.815              32.5        0.00995          8.226           0.22       2.5       2.5
0.815              51.5         0.0158          12.52          0.301       1.5       2.5
0.815              81.5          0.025          19.33          0.408       1.5       2.5
0.815               129         0.0396          30.13          0.542       1.5       2.5
0.815               205         0.0628          47.23          0.663       1.5       2.5
0.815               325         0.0995          74.34           0.88       1.5       2.5
0.815               515          0.158          117.3           1.27       1.5       2.5
0.815               815           0.25          185.4           1.85       1.5       2.5
0.815          1.29e+03          0.396          293.3           2.34       1.5       2.5

beam energy set:5x100
----------------------- 
0.000515          0.515            0.5           1000        0.00874       1.5       2.5
0.000815          0.515          0.315          631.3        0.00831       1.5       2.5
0.000815          0.815            0.5           1000        0.00693       1.5       2.5
0.00129           0.515          0.199          398.5        0.00811       1.5       2.5
0.00129           0.815          0.315            631        0.00663       1.5       2.5
0.00129            1.29            0.5          999.6        0.00845       1.5       2.5
0.00205           0.515          0.126          251.6        0.00807       1.5       2.5
0.00205           0.815          0.199          398.2        0.00652       1.5       2.5
0.00205            1.29          0.315          630.5        0.00809       1.5       2.5
0.00205            2.05            0.5          998.8         0.0106       1.5       2.5
0.00325           0.515         0.0792          158.9        0.00814       1.5       2.5
0.00325           0.815          0.126          251.3        0.00651       1.5       2.5
0.00325            1.29          0.199          397.7        0.00795       1.5       2.5
0.00325            2.05          0.315          629.8         0.0101       1.5       2.5
0.00325            3.25            0.5          997.6         0.0127       1.5       2.5
0.00515           0.515           0.05          100.4        0.00826       1.5       2.5
0.00515           0.815         0.0792          158.6        0.00658       1.5       2.5
0.00515            1.29          0.126          250.8        0.00795       1.5       2.5
0.00515            2.05          0.199          396.9        0.00989       1.5       2.5
0.00515            3.25          0.315          628.6         0.0121       1.5       2.5
0.00515            5.15            0.5          995.7         0.0155       1.5       2.5
0.00815           0.515         0.0315          63.46        0.00841       1.5       2.5
0.00815           0.815           0.05          100.1        0.00668       1.5       2.5
0.00815            1.29         0.0792          158.1        0.00802       1.5       2.5
0.00815            2.05          0.126            250        0.00988       1.5       2.5
0.00815            3.25          0.199          395.7         0.0119       1.5       2.5
0.00815            5.15          0.315          626.7         0.0149       1.5       2.5
0.00815            8.15            0.5          992.7         0.0193       1.5       2.5
0.0129            0.515         0.0199          40.18        0.00857       1.5       2.5
0.0129            0.815         0.0315          63.16        0.00681       1.5       2.5
0.0129             1.29           0.05          99.59        0.00813       1.5       2.5
0.0129             2.05         0.0792          157.3        0.00997       1.5       2.5
0.0129             3.25          0.126          248.8         0.0119       1.5       2.5
0.0129             5.15          0.199          393.8         0.0146       1.5       2.5
0.0129             8.15          0.315          623.7         0.0186       1.5       2.5
0.0129             12.9            0.5            988         0.0245       1.5       2.5
0.0205            0.515         0.0126          25.48        0.00872       1.5       2.5
0.0205            0.815         0.0199          39.88        0.00693       1.5       2.5
0.0205             1.29         0.0315          62.68        0.00827       1.5       2.5
0.0205             2.05           0.05          98.83         0.0101       1.5       2.5
0.0205             3.25         0.0792          156.1          0.012       1.5       2.5
0.0205             5.15          0.126          246.9         0.0146       1.5       2.5
0.0205             8.15          0.199          390.8         0.0183       1.5       2.5
0.0205             12.9          0.315          618.9         0.0237       1.5       2.5
0.0205             20.5            0.5          980.4         0.0316       1.5       2.5
0.0325            0.515        0.00792          16.21        0.00905       2.5       2.5
0.0325            0.815         0.0126          25.18        0.00706       1.5       2.5
0.0325             1.29         0.0199           39.4        0.00842       1.5       2.5
0.0325             2.05         0.0315          61.93         0.0102       1.5       2.5
0.0325             3.25           0.05          97.63         0.0121       1.5       2.5
0.0325             5.15         0.0792          154.2         0.0148       1.5       2.5
0.0325             8.15          0.126          243.9         0.0184       1.5       2.5
0.0325             12.9          0.199          386.1         0.0234       1.5       2.5
0.0325             20.5          0.315          611.4         0.0305       1.5       2.5
0.0325             32.5            0.5          968.4         0.0409       1.5       2.5
0.0515            0.515          0.005          10.37         0.0102       2.5       2.5
0.0515            0.815        0.00792          15.91        0.00752       2.5       2.5
0.0515             1.29         0.0126          24.71        0.00856       1.5       2.5
0.0515             2.05         0.0199          38.64         0.0103       1.5       2.5
0.0515             3.25         0.0315          60.73         0.0123       1.5       2.5
0.0515             5.15           0.05          95.74         0.0151       1.5       2.5
0.0515             8.15         0.0792          151.2         0.0187       1.5       2.5
0.0515             12.9          0.126          239.1         0.0235       1.5       2.5
0.0515             20.5          0.199          378.5         0.0303       1.5       2.5
0.0515             32.5          0.315          599.4           0.04       1.5       2.5
0.0515             51.5            0.5          949.4         0.0541       1.5       2.5
0.0815            0.515        0.00315          6.675         0.0106       2.5       2.5
0.0815            0.815          0.005          10.06        0.00797       2.5       2.5
0.0815             1.29        0.00792          15.44        0.00893       2.5       2.5
0.0815             2.05         0.0126          23.95         0.0105       1.5       2.5
0.0815             3.25         0.0199          37.44         0.0126       1.5       2.5
0.0815             5.15         0.0315          58.83         0.0154       1.5       2.5
0.0815             8.15           0.05          92.73         0.0191       1.5       2.5
0.0815             12.9         0.0792          146.4          0.024       1.5       2.5
0.0815             20.5          0.126          231.6         0.0305       1.5       2.5
0.0815             32.5          0.199          366.5         0.0397       1.5       2.5
0.0815             51.5          0.315          580.4         0.0528       1.5       2.5
0.0815             81.5            0.5          919.3          0.072       1.5       2.5
0.129             0.515        0.00199          4.347         0.0126       2.5       2.5
0.129             0.815        0.00315          6.375        0.00859       2.5       2.5
0.129              1.29          0.005          9.588        0.00926       2.5       2.5
0.129              2.05        0.00792          14.68         0.0108       2.5       2.5
0.129              3.25         0.0126          22.75         0.0129       1.5       2.5
0.129              5.15         0.0199          35.55         0.0158       1.5       2.5
0.129              8.15         0.0315          55.82         0.0196       1.5       2.5
0.129              12.9           0.05          87.96         0.0247       1.5       2.5
0.129              20.5         0.0792          138.9         0.0313       1.5       2.5
0.129              32.5          0.126          219.6         0.0404       1.5       2.5
0.129              51.5          0.199          347.5         0.0529       1.5       2.5
0.129              81.5          0.315          550.3         0.0713       1.5       2.5
0.129               129            0.5          871.6         0.0959       1.5       2.5
0.205             0.815        0.00199          4.046         0.0127       2.5       2.5
0.205              1.29        0.00315          5.898         0.0101       2.5       2.5
0.205              2.05          0.005          8.832         0.0113       2.5       2.5
0.205              3.25        0.00792          13.48         0.0135       2.5       2.5
0.205              5.15         0.0126          20.85         0.0167       1.5       2.5
0.205              8.15         0.0199          32.54         0.0207       1.5       2.5
0.205              12.9         0.0315          51.05          0.026       1.5       2.5
0.205              20.5           0.05           80.4         0.0333       1.5       2.5
0.205              32.5         0.0792          126.9         0.0428       1.5       2.5
0.205              51.5          0.126          200.6         0.0555       1.5       2.5
0.205              81.5          0.199          317.4         0.0734       1.5       2.5
0.205               129          0.315          502.6         0.0977       1.5       2.5
0.205               205            0.5            796          0.134       1.5       2.5
0.325              1.29        0.00199          3.569         0.0208       2.5       2.5
0.325              2.05        0.00315          5.142          0.014       2.5       2.5
0.325              3.25          0.005          7.634         0.0156       2.5       2.5
0.325              5.15        0.00792          11.58         0.0191       2.5       2.5
0.325              8.15         0.0126          17.84         0.0239       1.5       2.5
0.325              12.9         0.0199          27.77         0.0302       1.5       2.5
0.325              20.5         0.0315          43.49         0.0384       1.5       2.5
0.325              32.5           0.05          68.42         0.0496       1.5       2.5
0.325              51.5         0.0792          107.9         0.0644       1.5       2.5
0.325              81.5          0.126          170.5         0.0841       1.5       2.5
0.325               129          0.199          269.7          0.112       1.5       2.5
0.325               205          0.315            427          0.153       1.5       2.5
0.325               325            0.5          676.2          0.208       1.5       2.5
0.515              2.05        0.00199          2.813         0.0722       2.5       2.5
0.515              3.25        0.00315          3.944         0.0292       2.5       2.5
0.515              5.15          0.005          5.735          0.029       2.5       2.5
0.515              8.15        0.00792          8.575         0.0351       2.5       2.5
0.515              12.9         0.0126          13.07         0.0447       1.5       2.5
0.515              20.5         0.0199          20.21         0.0571       1.5       2.5
0.515              32.5         0.0315          31.51         0.0735       1.5       2.5
0.515              51.5           0.05          49.43          0.096       1.5       2.5
0.515              81.5         0.0792          77.82          0.128       1.5       2.5
0.515               129          0.126          122.8          0.164       1.5       2.5
0.515               205          0.199          194.1          0.223       1.5       2.5
0.515               325          0.315          307.2          0.304       1.5       2.5
0.515               515            0.5          486.3          0.437       1.5       2.5
0.815              5.15        0.00315          2.045          0.333       2.5       2.5
0.815              8.15          0.005          2.726          0.131       2.5       2.5
0.815              12.9        0.00792          3.805           0.14       2.5       2.5
0.815              20.5         0.0126          5.515          0.177       1.5       2.5
0.815              32.5         0.0199          8.226          0.232       1.5       2.5
0.815              51.5         0.0315          12.52          0.297       1.5       2.5
0.815              81.5           0.05          19.33          0.389       1.5       2.5
0.815               129         0.0792          30.13          0.517       1.5       2.5
0.815               205          0.126          47.23          0.724       1.5       2.5
0.815               325          0.199          74.34          0.955       1.5       2.5
0.815               515          0.315          117.3           1.44       1.5       2.5
0.815               815            0.5          185.4           1.97       1.5       2.5

beam energy set:5x41
----------------------- 
0.00129           0.515          0.485          398.5        0.00935       1.5       2.5
0.00205           0.515          0.306          251.6        0.00889       1.5       2.5
0.00205           0.815          0.485          398.2        0.00741       1.5       2.5
0.00325           0.515          0.193          158.9        0.00863       1.5       2.5
0.00325           0.815          0.306          251.3        0.00708       1.5       2.5
0.00325            1.29          0.485          397.7        0.00905       1.5       2.5
0.00515           0.515          0.122          100.4        0.00855       1.5       2.5
0.00515           0.815          0.193          158.6        0.00693       1.5       2.5
0.00515            1.29          0.306          250.8        0.00864       1.5       2.5
0.00515            2.05          0.485          396.9         0.0113       1.5       2.5
0.00815           0.515         0.0769          63.46        0.00859       1.5       2.5
0.00815           0.815          0.122          100.1        0.00689       1.5       2.5
0.00815            1.29          0.193          158.1        0.00845       1.5       2.5
0.00815            2.05          0.306            250         0.0108       1.5       2.5
0.00815            3.25          0.485          395.7         0.0136       1.5       2.5
0.0129            0.515         0.0485          40.18        0.00867       1.5       2.5
0.0129            0.815         0.0769          63.16        0.00693       1.5       2.5
0.0129             1.29          0.122          99.59        0.00838       1.5       2.5
0.0129             2.05          0.193          157.3         0.0105       1.5       2.5
0.0129             3.25          0.306          248.8         0.0129       1.5       2.5
0.0129             5.15          0.485          393.8         0.0167       1.5       2.5
0.0205            0.515         0.0306          25.48        0.00877       1.5       2.5
0.0205            0.815         0.0485          39.88          0.007       1.5       2.5
0.0205             1.29         0.0769          62.68        0.00842       1.5       2.5
0.0205             2.05          0.122          98.83         0.0104       1.5       2.5
0.0205             3.25          0.193          156.1         0.0126       1.5       2.5
0.0205             5.15          0.306          246.9          0.016       1.5       2.5
0.0205             8.15          0.485          390.8         0.0209       1.5       2.5
0.0325            0.515         0.0193          16.21        0.00906       1.5       2.5
0.0325            0.815         0.0306          25.18        0.00709       1.5       2.5
0.0325             1.29         0.0485           39.4         0.0085       1.5       2.5
0.0325             2.05         0.0769          61.93         0.0104       1.5       2.5
0.0325             3.25          0.122          97.63         0.0125       1.5       2.5
0.0325             5.15          0.193          154.2         0.0156       1.5       2.5
0.0325             8.15          0.306          243.9           0.02       1.5       2.5
0.0325             12.9          0.485          386.1         0.0266       1.5       2.5
0.0515            0.515         0.0122          10.37         0.0102       1.5       2.5
0.0515            0.815         0.0193          15.91        0.00752       1.5       2.5
0.0515             1.29         0.0306          24.71        0.00859       1.5       2.5
0.0515             2.05         0.0485          38.64         0.0104       1.5       2.5
0.0515             3.25         0.0769          60.73         0.0126       1.5       2.5
0.0515             5.15          0.122          95.74         0.0156       1.5       2.5
0.0515             8.15          0.193          151.2         0.0197       1.5       2.5
0.0515             12.9          0.306          239.1         0.0257       1.5       2.5
0.0515             20.5          0.485          378.5         0.0345       1.5       2.5
0.0815            0.515        0.00769          6.675         0.0106       2.5       2.5
0.0815            0.815         0.0122          10.06        0.00795       1.5       2.5
0.0815             1.29         0.0193          15.44        0.00894       1.5       2.5
0.0815             2.05         0.0306          23.95         0.0105       1.5       2.5
0.0815             3.25         0.0485          37.44         0.0127       1.5       2.5
0.0815             5.15         0.0769          58.83         0.0157       1.5       2.5
0.0815             8.15          0.122          92.73         0.0197       1.5       2.5
0.0815             12.9          0.193          146.4         0.0253       1.5       2.5
0.0815             20.5          0.306          231.6         0.0333       1.5       2.5
0.0815             32.5          0.485          366.5         0.0451       1.5       2.5
0.129             0.515        0.00485          4.347         0.0126       2.5       2.5
0.129             0.815        0.00769          6.375        0.00858       2.5       2.5
0.129              1.29         0.0122          9.588        0.00925       1.5       2.5
0.129              2.05         0.0193          14.68         0.0108       1.5       2.5
0.129              3.25         0.0306          22.75          0.013       1.5       2.5
0.129              5.15         0.0485          35.55         0.0159       1.5       2.5
0.129              8.15         0.0769          55.82           0.02       1.5       2.5
0.129              12.9          0.122          87.96         0.0254       1.5       2.5
0.129              20.5          0.193          138.9         0.0331       1.5       2.5
0.129              32.5          0.306          219.6         0.0439       1.5       2.5
0.129              51.5          0.485          347.5         0.0599       1.5       2.5
0.205             0.515        0.00306          2.878         0.0868       2.5       2.5
0.205             0.815        0.00485          4.046         0.0127       2.5       2.5
0.205              1.29        0.00769          5.898         0.0101       2.5       2.5
0.205              2.05         0.0122          8.832         0.0113       1.5       2.5
0.205              3.25         0.0193          13.48         0.0136       1.5       2.5
0.205              5.15         0.0306          20.85         0.0168       1.5       2.5
0.205              8.15         0.0485          32.54         0.0209       1.5       2.5
0.205              12.9         0.0769          51.05         0.0266       1.5       2.5
0.205              20.5          0.122           80.4         0.0344       1.5       2.5
0.205              32.5          0.193          126.9         0.0449       1.5       2.5
0.205              51.5          0.306          200.6         0.0603       1.5       2.5
0.205              81.5          0.485          317.4         0.0827       1.5       2.5
0.325              1.29        0.00485          3.569         0.0209       2.5       2.5
0.325              2.05        0.00769          5.142         0.0139       2.5       2.5
0.325              3.25         0.0122          7.634         0.0156       1.5       2.5
0.325              5.15         0.0193          11.58         0.0191       1.5       2.5
0.325              8.15         0.0306          17.84          0.024       1.5       2.5
0.325              12.9         0.0485          27.77         0.0305       1.5       2.5
0.325              20.5         0.0769          43.49         0.0394       1.5       2.5
0.325              32.5          0.122          68.42         0.0513       1.5       2.5
0.325              51.5          0.193          107.9         0.0676       1.5       2.5
0.325              81.5          0.306          170.5         0.0915       1.5       2.5
0.325               129          0.485          269.7          0.125       1.5       2.5
0.515              2.05        0.00485          2.813         0.0723       2.5       2.5
0.515              3.25        0.00769          3.944         0.0292       2.5       2.5
0.515              5.15         0.0122          5.735         0.0288       1.5       2.5
0.515              8.15         0.0193          8.575         0.0352       1.5       2.5
0.515              12.9         0.0306          13.07         0.0448       1.5       2.5
0.515              20.5         0.0485          20.21          0.058       1.5       2.5
0.515              32.5         0.0769          31.51         0.0758       1.5       2.5
0.515              51.5          0.122          49.43         0.0996       1.5       2.5
0.515              81.5          0.193          77.82          0.133       1.5       2.5
0.515               129          0.306          122.8           0.18       1.5       2.5
0.515               205          0.485          194.1          0.256       1.5       2.5
0.815              5.15        0.00769          2.045          0.344       2.5       2.5
0.815              8.15         0.0122          2.726          0.132       1.5       2.5
0.815              12.9         0.0193          3.805           0.14       1.5       2.5
0.815              20.5         0.0306          5.515          0.178       1.5       2.5
0.815              32.5         0.0485          8.226          0.238       1.5       2.5
0.815              51.5         0.0769          12.52          0.313       1.5       2.5
0.815              81.5          0.122          19.33          0.424       1.5       2.5
0.815               129          0.193          30.13          0.568       1.5       2.5
0.815               205          0.306          47.23          0.788       1.5       2.5
0.815               325          0.485          74.34           1.04       1.5       2.5
