PdfType: central
Format: lhagrid1
---
 1.000000E-6 1.700000E-6 3.200000E-6 6.000000E-6 1.000000E-5 1.700000E-5 3.200000E-5 6.000000E-5 1.000000E-4 1.700000E-4 3.200000E-4 6.000000E-4 1.000000E-3 1.700000E-3 3.200000E-3 6.000000E-3 1.000000E-2 1.700000E-2 3.200000E-2 6.000000E-2 1.000000E-1
 3.162278E-1 3.981068E-1 5.011876E-1 6.309572E-1 7.943280E-1 1.000000E+0 1.258924E+0 1.584894E+0 1.995262E+0 2.511886E+0 3.162278E+0 3.981068E+0 5.011876E+0 6.309572E+0 7.943280E+0 1.000000E+1 1.258924E+1 1.584894E+1 1.995262E+1 2.511886E+1 3.162278E+1
900 901 917 918 920 921
 1.283750E+1 9.214800E-1 8.905380E-1 2.270200E-3 2.208500E-2 7.044940E-6
 1.938560E+1 1.801970E+0 1.506730E+0 6.043890E-3 4.044360E-2 2.032030E-5
 2.865770E+1 3.269270E+0 2.539690E+0 1.593190E-2 7.352800E-2 5.815360E-5
 4.188210E+1 5.437430E+0 4.280080E+0 4.176080E-2 1.325780E-1 1.649070E-4
 6.058510E+1 8.646990E+0 7.137420E+0 1.076470E-1 2.368490E-1 4.626060E-4
 8.680230E+1 1.324700E+1 1.175170E+1 2.701070E-1 4.208020E-1 1.290470E-3
 1.238570E+2 1.986260E+1 1.906330E+1 6.598380E-1 7.432220E-1 3.575620E-3
 1.826850E+2 3.085620E+1 3.139220E+1 1.599770E+0 1.334410E+0 1.002700E-2
 2.791790E+2 4.930630E+1 5.263730E+1 3.831540E+0 2.455870E+0 2.871820E-2
 4.045850E+2 7.601770E+1 8.316960E+1 8.290140E+0 4.423310E+0 7.961450E-2
 5.693020E+2 1.137800E+2 1.255840E+2 1.637820E+1 7.805000E+0 2.139670E-1
 7.763770E+2 1.668400E+2 1.813560E+2 2.949370E+1 1.337440E+1 5.482290E-1
 1.028920E+3 2.351830E+2 2.508000E+2 4.822430E+1 2.214050E+1 1.321550E+0
 1.328690E+3 3.179290E+2 3.351050E+2 7.244790E+1 3.524590E+1 2.963900E+0
 1.680420E+3 4.144820E+2 4.347240E+2 1.015090E+2 5.337790E+1 6.038580E+0
 2.076480E+3 5.191070E+2 5.481760E+2 1.335840E+2 7.688030E+1 1.111830E+1
 2.539580E+3 6.287340E+2 6.779150E+2 1.673470E+2 1.056210E+2 1.845920E+1
 3.052150E+3 7.428470E+2 8.224630E+2 2.022940E+2 1.390780E+2 2.787840E+1
 3.594020E+3 8.524200E+2 9.777690E+2 2.357860E+2 1.763710E+2 3.855000E+1
 4.177680E+3 9.591780E+2 1.145310E+3 2.681330E+2 2.172740E+2 4.972250E+1
 4.915500E+3 1.071090E+3 1.352310E+3 3.015110E+2 2.646520E+2 6.114160E+1
 1.260300E+1 9.230270E-1 8.167060E-1 2.106570E-3 1.842610E-2 5.912620E-6
 1.889330E+1 1.806230E+0 1.377300E+0 5.553470E-3 3.411550E-2 1.724660E-5
 2.778660E+1 3.227610E+0 2.324850E+0 1.469210E-2 6.261060E-2 4.983340E-5
 4.031590E+1 5.384620E+0 3.920780E+0 3.859170E-2 1.137980E-1 1.424950E-4
 5.830090E+1 8.571010E+0 6.554350E+0 9.965310E-2 2.048430E-1 4.027420E-4
 8.330250E+1 1.300310E+1 1.083520E+1 2.516810E-1 3.652190E-1 1.126600E-3
 1.177850E+2 1.931550E+1 1.757160E+1 6.141150E-1 6.482780E-1 3.136220E-3
 1.723610E+2 2.946600E+1 2.886580E+1 1.483660E+0 1.164960E+0 8.808800E-3
 2.588580E+2 4.637560E+1 4.789360E+1 3.507380E+0 2.134600E+0 2.507130E-2
 3.722740E+2 7.059810E+1 7.537490E+1 7.576470E+0 3.841050E+0 6.954700E-2
 5.209760E+2 1.052220E+2 1.134390E+2 1.491190E+1 6.775050E+0 1.868150E-1
 7.047670E+2 1.516410E+2 1.627690E+2 2.655380E+1 1.160240E+1 4.776490E-1
 9.283530E+2 2.126590E+2 2.248640E+2 4.337030E+1 1.923700E+1 1.153890E+0
 1.194310E+3 2.848270E+2 2.988720E+2 6.459900E+1 3.049830E+1 2.572540E+0
 1.496500E+3 3.674520E+2 3.851470E+2 8.972250E+1 4.612850E+1 5.237040E+0
 1.842420E+3 4.570560E+2 4.832320E+2 1.174040E+2 6.645720E+1 9.635160E+0
 2.238460E+3 5.515970E+2 5.958620E+2 1.466180E+2 9.129680E+1 1.598480E+1
 2.665350E+3 6.432440E+2 7.165640E+2 1.750220E+2 1.195750E+2 2.394820E+1
 3.123940E+3 7.341470E+2 8.481620E+2 2.029620E+2 1.514310E+2 3.301570E+1
 3.643210E+3 8.216750E+2 9.950240E+2 2.295850E+2 1.861450E+2 4.240360E+1
 4.244030E+3 9.109700E+2 1.164180E+3 2.563630E+2 2.255420E+2 5.185120E+1
 1.225900E+1 9.297480E-1 7.330450E-1 1.924830E-3 1.461160E-2 4.722940E-6
 1.824010E+1 1.761000E+0 1.236570E+0 5.038430E-3 2.747320E-2 1.399040E-5
 2.690590E+1 3.237590E+0 2.087250E+0 1.329680E-2 5.100100E-2 4.089120E-5
 3.867980E+1 5.308890E+0 3.518600E+0 3.486240E-2 9.375970E-2 1.182840E-4
 5.548130E+1 8.401660E+0 5.896400E+0 9.049280E-2 1.703970E-1 3.378190E-4
 7.872270E+1 1.259670E+1 9.753270E+0 2.288210E-1 3.063430E-1 9.520660E-4
 1.110140E+2 1.867160E+1 1.587410E+1 5.597170E-1 5.465540E-1 2.660090E-3
 1.604480E+2 2.789430E+1 2.593840E+1 1.344770E+0 9.822270E-1 7.472770E-3
 2.371770E+2 4.314920E+1 4.274040E+1 3.159440E+0 1.793380E+0 2.119720E-2
 3.371740E+2 6.474080E+1 6.681970E+1 6.772000E+0 3.222940E+0 5.875820E-2
 4.662630E+2 9.467790E+1 9.993700E+1 1.322380E+1 5.673250E+0 1.572840E-1
 6.266380E+2 1.358400E+2 1.430640E+2 2.351490E+1 9.742110E+0 4.036500E-1
 8.183140E+2 1.874640E+2 1.959750E+2 3.791910E+1 1.612790E+1 9.727060E-1
 1.046210E+3 2.492400E+2 2.593630E+2 5.622770E+1 2.561200E+1 2.171550E+0
 1.303480E+3 3.184210E+2 3.322320E+2 7.746610E+1 3.869350E+1 4.412320E+0
 1.596460E+3 3.926690E+2 4.154480E+2 1.005920E+2 5.567110E+1 8.100410E+0
 1.915100E+3 4.656820E+2 5.060220E+2 1.235730E+2 7.595020E+1 1.330580E+1
 2.269800E+3 5.398190E+2 6.067510E+2 1.467250E+2 9.946510E+1 1.990110E+1
 2.652920E+3 6.118240E+2 7.160930E+2 1.690000E+2 1.255980E+2 2.730810E+1
 3.042790E+3 6.781180E+2 8.287870E+2 1.893900E+2 1.534580E+2 3.483050E+1
 3.547200E+3 7.471530E+2 9.688740E+2 2.101870E+2 1.853260E+2 4.237490E+1
 1.182760E+1 9.282080E-1 6.518970E-1 1.742140E-3 1.128560E-2 3.675770E-6
 1.753050E+1 1.762100E+0 1.109470E+0 4.597100E-3 2.164760E-2 1.110470E-5
 2.570590E+1 3.141690E+0 1.867850E+0 1.201570E-2 4.089450E-2 3.303230E-5
 3.712410E+1 5.284020E+0 3.147060E+0 3.153550E-2 7.610650E-2 9.672340E-5
 5.288750E+1 8.293310E+0 5.279660E+0 8.193190E-2 1.399790E-1 2.796080E-4
 7.438930E+1 1.228350E+1 8.764830E+0 2.079730E-1 2.547370E-1 7.984380E-4
 1.037280E+2 1.780460E+1 1.426440E+1 5.079140E-1 4.571340E-1 2.240410E-3
 1.494080E+2 2.660590E+1 2.327310E+1 1.221630E+0 8.227360E-1 6.298990E-3
 2.167690E+2 4.013490E+1 3.792910E+1 2.832170E+0 1.496120E+0 1.779610E-2
 3.050330E+2 5.916330E+1 5.904750E+1 6.043430E+0 2.690540E+0 4.933940E-2
 4.169700E+2 8.554020E+1 8.787120E+1 1.172310E+1 4.736330E+0 1.321030E-1
 5.541650E+2 1.205690E+2 1.249380E+2 2.062620E+1 8.137220E+0 3.389630E-1
 7.217860E+2 1.654170E+2 1.706200E+2 3.316410E+1 1.348270E+1 8.179200E-1
 9.143520E+2 2.168120E+2 2.242370E+2 4.863660E+1 2.138950E+1 1.822440E+0
 1.128490E+3 2.744100E+2 2.857390E+2 6.651600E+1 3.230380E+1 3.699460E+0
 1.373710E+3 3.347160E+2 3.543960E+2 8.553490E+1 4.635800E+1 6.766550E+0
 1.640840E+3 3.944590E+2 4.302070E+2 1.044920E+2 6.318300E+1 1.110270E+1
 1.931010E+3 4.520810E+2 5.122970E+2 1.227100E+2 8.231560E+1 1.646520E+1
 2.236280E+3 5.082290E+2 6.009470E+2 1.402740E+2 1.036480E+2 2.251330E+1
 2.573780E+3 5.590830E+2 6.956470E+2 1.560440E+2 1.263380E+2 2.855000E+1
 2.955920E+3 6.096770E+2 8.036270E+2 1.714480E+2 1.516460E+2 3.445190E+1
 1.153620E+1 9.186220E-1 5.863860E-1 1.583270E-3 8.964950E-3 2.938440E-6
 1.708160E+1 1.757690E+0 1.009330E+0 4.243910E-3 1.747970E-2 9.021730E-6
 2.491590E+1 3.113470E+0 1.707230E+0 1.109600E-2 3.357590E-2 2.728400E-5
 3.573390E+1 5.221240E+0 2.875830E+0 2.900580E-2 6.345190E-2 8.113060E-5
 5.057550E+1 8.042350E+0 4.808250E+0 7.501980E-2 1.180130E-1 2.371810E-4
 7.097350E+1 1.193700E+1 7.997980E+0 1.912520E-1 2.167710E-1 6.837460E-4
 9.877510E+1 1.733900E+1 1.304510E+1 4.691790E-1 3.929860E-1 1.939190E-3
 1.397550E+2 2.529840E+1 2.120090E+1 1.117760E+0 7.080110E-1 5.445830E-3
 2.008440E+2 3.764640E+1 3.434460E+1 2.583290E+0 1.285360E+0 1.537040E-2
 2.796130E+2 5.452660E+1 5.312440E+1 5.456560E+0 2.307170E+0 4.251240E-2
 3.799500E+2 7.831840E+1 7.883130E+1 1.058250E+1 4.076490E+0 1.143520E-1
 5.009820E+2 1.093540E+2 1.115090E+2 1.851520E+1 6.991080E+0 2.926680E-1
 6.473280E+2 1.481590E+2 1.514780E+2 2.949900E+1 1.159310E+1 7.063290E-1
 8.135430E+2 1.929720E+2 1.982830E+2 4.307360E+1 1.839230E+1 1.573210E+0
 1.001790E+3 2.419350E+2 2.516090E+2 5.844310E+1 2.776570E+1 3.188790E+0
 1.211970E+3 2.926760E+2 3.108020E+2 7.461930E+1 3.977780E+1 5.818210E+0
 1.441610E+3 3.427570E+2 3.763610E+2 9.064390E+1 5.414540E+1 9.519070E+0
 1.683060E+3 3.901450E+2 4.452830E+2 1.057980E+2 7.045830E+1 1.409620E+1
 1.947440E+3 4.353190E+2 5.197400E+2 1.200610E+2 8.829900E+1 1.915400E+1
 2.222940E+3 4.746920E+2 5.973000E+2 1.324250E+2 1.072240E+2 2.413190E+1
 2.542750E+3 5.146110E+2 6.880960E+2 1.446650E+2 1.282360E+2 2.898130E+1
 1.112600E+1 9.054980E-1 5.194930E-1 1.416840E-3 6.918670E-3 2.283740E-6
 1.654310E+1 1.736940E+0 9.059650E-1 3.858250E-3 1.373040E-2 7.134330E-6
 2.394750E+1 3.069360E+0 1.547700E+0 1.019600E-2 2.681570E-2 2.193410E-5
 3.418960E+1 5.055730E+0 2.605860E+0 2.651490E-2 5.160140E-2 6.640400E-5
 4.840620E+1 7.950210E+0 4.363880E+0 6.871780E-2 9.757170E-2 1.973530E-4
 6.743340E+1 1.160940E+1 7.241860E+0 1.743770E-1 1.812610E-1 5.754140E-4
 9.278770E+1 1.648270E+1 1.183080E+1 4.280930E-1 3.327420E-1 1.653810E-3
 1.305790E+2 2.410690E+1 1.920830E+1 1.023180E+0 6.022100E-1 4.664340E-3
 1.857290E+2 3.514250E+1 3.085540E+1 2.337580E+0 1.089650E+0 1.309560E-2
 2.554210E+2 5.028310E+1 4.758020E+1 4.924100E+0 1.959570E+0 3.629580E-2
 3.449850E+2 7.136380E+1 7.019550E+1 9.469940E+0 3.462450E+0 9.759340E-2
 4.512720E+2 9.867410E+1 9.892180E+1 1.650920E+1 5.956860E+0 2.507630E-1
 5.770100E+2 1.314890E+2 1.334870E+2 2.602180E+1 9.884440E+0 6.051180E-1
 7.195150E+2 1.699870E+2 1.738930E+2 3.779070E+1 1.568360E+1 1.346880E+0
 8.816920E+2 2.116250E+2 2.197270E+2 5.095320E+1 2.360330E+1 2.719030E+0
 1.059070E+3 2.527690E+2 2.695840E+2 6.430110E+1 3.372960E+1 4.938470E+0
 1.252450E+3 2.940030E+2 3.242850E+2 7.763960E+1 4.584360E+1 8.061150E+0
 1.453680E+3 3.322860E+2 3.825590E+2 9.001450E+1 5.954630E+1 1.189490E+1
 1.675040E+3 3.677280E+2 4.447040E+2 1.013390E+2 7.438950E+1 1.607190E+1
 1.885510E+3 3.988860E+2 5.068730E+2 1.112340E+2 9.006030E+1 2.019130E+1
 2.163030E+3 4.291680E+2 5.820920E+2 1.206030E+2 1.071640E+2 2.408840E+1
 1.077830E+1 8.999040E-1 4.429930E-1 1.222920E-3 4.902030E-3 1.632950E-6
 1.581530E+1 1.713600E+0 7.832640E-1 3.378160E-3 1.001800E-2 5.250030E-6
 2.278480E+1 3.043670E+0 1.360640E+0 9.123160E-3 2.000210E-2 1.649200E-5
 3.257250E+1 4.956130E+0 2.310190E+0 2.383740E-2 3.923650E-2 5.088760E-5
 4.577330E+1 7.787190E+0 3.862560E+0 6.134090E-2 7.575260E-2 1.544190E-4
 6.317510E+1 1.118910E+1 6.417080E+0 1.560260E-1 1.437090E-1 4.596870E-4
 8.715040E+1 1.598250E+1 1.047800E+1 3.829020E-1 2.677300E-1 1.340780E-3
 1.199820E+2 2.251510E+1 1.692280E+1 9.082600E-1 4.906070E-1 3.831680E-3
 1.677190E+2 3.217610E+1 2.702740E+1 2.063990E+0 8.891820E-1 1.076450E-2
 2.290890E+2 4.561450E+1 4.147260E+1 4.327070E+0 1.597590E+0 2.976740E-2
 3.053910E+2 6.338680E+1 6.076550E+1 8.250290E+0 2.826180E+0 8.015840E-2
 3.956890E+2 8.644410E+1 8.520630E+1 1.427820E+1 4.870760E+0 2.063400E-1
 5.017880E+2 1.142020E+2 1.145100E+2 2.238820E+1 8.093470E+0 4.982630E-1
 6.224370E+2 1.456520E+2 1.482810E+2 3.216700E+1 1.285410E+1 1.109380E+0
 7.538770E+2 1.789670E+2 1.857020E+2 4.291510E+1 1.935910E+1 2.239510E+0
 8.992760E+2 2.120640E+2 2.269310E+2 5.378710E+1 2.760890E+1 4.054100E+0
 1.056850E+3 2.440390E+2 2.712900E+2 6.431550E+1 3.740540E+1 6.590400E+0
 1.223630E+3 2.736700E+2 3.185850E+2 7.401960E+1 4.842980E+1 9.673770E+0
 1.393470E+3 2.997520E+2 3.673460E+2 8.252490E+1 6.028990E+1 1.298360E+1
 1.574940E+3 3.224670E+2 4.184250E+2 8.984950E+1 7.270840E+1 1.621350E+1
 1.779710E+3 3.439160E+2 4.759990E+2 9.659840E+1 8.616500E+1 1.922140E+1
 1.038520E+1 9.147330E-1 3.701130E-1 1.033620E-3 3.263600E-3 1.097990E-6
 1.518210E+1 1.687700E+0 6.648680E-1 2.902020E-3 7.014860E-3 3.710520E-6
 2.197100E+1 3.014230E+0 1.173860E+0 7.975640E-3 1.447950E-2 1.204370E-5
 3.105800E+1 4.905300E+0 2.025550E+0 2.126780E-2 2.909100E-2 3.803750E-5
 4.328890E+1 7.513830E+0 3.415660E+0 5.478180E-2 5.729870E-2 1.177220E-4
 5.949700E+1 1.079300E+1 5.660320E+0 1.384070E-1 1.109310E-1 3.576170E-4
 8.078990E+1 1.520590E+1 9.260380E+0 3.412210E-1 2.108300E-1 1.064070E-3
 1.103860E+2 2.099280E+1 1.487390E+1 8.055230E-1 3.922640E-1 3.088520E-3
 1.518220E+2 2.956900E+1 2.358110E+1 1.817400E+0 7.169410E-1 8.751850E-3
 2.044750E+2 4.111620E+1 3.593170E+1 3.782040E+0 1.292190E+0 2.424850E-2
 2.699870E+2 5.642270E+1 5.250100E+1 7.179340E+0 2.286270E+0 6.519080E-2
 3.469590E+2 7.582100E+1 7.315900E+1 1.232600E+1 3.945240E+0 1.679580E-1
 4.371970E+2 9.893040E+1 9.772240E+1 1.918110E+1 6.565910E+0 4.064660E-1
 5.359270E+2 1.243120E+2 1.256670E+2 2.725360E+1 1.042750E+1 9.043300E-1
 6.463050E+2 1.511830E+2 1.567260E+2 3.605860E+1 1.570860E+1 1.822990E+0
 7.648030E+2 1.767180E+2 1.897970E+2 4.466750E+1 2.235470E+1 3.289830E+0
 8.902310E+2 2.011380E+2 2.255860E+2 5.288260E+1 3.026800E+1 5.330200E+0
 1.024280E+3 2.232630E+2 2.634060E+2 6.028820E+1 3.905270E+1 7.787940E+0
 1.149730E+3 2.422610E+2 3.014740E+2 6.663180E+1 4.848610E+1 1.040310E+1
 1.294570E+3 2.587780E+2 3.417540E+2 7.205040E+1 5.830250E+1 1.292440E+1
 1.455070E+3 2.735490E+2 3.863280E+2 7.679570E+1 6.877050E+1 1.521850E+1
 9.996080E+0 8.885040E-1 3.150490E-1 8.883800E-4 2.150010E-3 7.298050E-7
 1.466120E+1 1.685990E+0 5.725630E-1 2.523110E-3 4.978150E-3 2.655110E-6
 2.092790E+1 2.896730E+0 1.024480E+0 7.031070E-3 1.075420E-2 9.013530E-6
 2.969450E+1 4.827760E+0 1.797280E+0 1.911250E-2 2.225040E-2 2.930450E-5
 4.107430E+1 7.315940E+0 3.064500E+0 4.988440E-2 4.474040E-2 9.254400E-5
 5.637820E+1 1.040800E+1 5.097360E+0 1.254710E-1 8.805490E-2 2.857280E-4
 7.609970E+1 1.445710E+1 8.341060E+0 3.092410E-1 1.700640E-1 8.637510E-4
 1.026920E+2 1.981910E+1 1.334700E+1 7.269990E-1 3.217880E-1 2.549330E-3
 1.397760E+2 2.758810E+1 2.104050E+1 1.632820E+0 5.942960E-1 7.302760E-3
 1.861800E+2 3.777820E+1 3.190630E+1 3.378790E+0 1.077850E+0 2.035690E-2
 2.434000E+2 5.084130E+1 4.628640E+1 6.357670E+0 1.912760E+0 5.484180E-2
 3.104090E+2 6.761640E+1 6.430740E+1 1.085440E+1 3.306480E+0 1.413970E-1
 3.872740E+2 8.707440E+1 8.536780E+1 1.672900E+1 5.505280E+0 3.418350E-1
 4.732910E+2 1.086960E+2 1.093150E+2 2.367690E+1 8.754790E+0 7.617670E-1
 5.644280E+2 1.305480E+2 1.354530E+2 3.101030E+1 1.317930E+1 1.533600E+0
 6.643920E+2 1.515840E+2 1.634990E+2 3.820700E+1 1.876060E+1 2.765390E+0
 7.696710E+2 1.708710E+2 1.930160E+2 4.483190E+1 2.532450E+1 4.458540E+0
 8.744890E+2 1.879660E+2 2.236180E+2 5.069410E+1 3.257310E+1 6.487260E+0
 9.877210E+2 2.024880E+2 2.555770E+2 5.563470E+1 4.030520E+1 8.622620E+0
 1.096680E+3 2.146770E+2 2.876220E+2 5.973630E+1 4.835120E+1 1.066130E+1
 1.232200E+3 2.256030E+2 3.243330E+2 6.330650E+1 5.682130E+1 1.249920E+1
 9.590560E+0 8.548860E-1 2.628470E-1 7.488760E-4 1.195360E-3 4.098770E-7
 1.414430E+1 1.654560E+0 4.837770E-1 2.153800E-3 3.182850E-3 1.713450E-6
 2.011030E+1 2.855970E+0 8.755740E-1 6.070490E-3 7.467120E-3 6.312330E-6
 2.827900E+1 4.678900E+0 1.557220E+0 1.673380E-2 1.625160E-2 2.157650E-5
 3.897390E+1 6.989290E+0 2.701880E+0 4.458210E-2 3.374100E-2 7.032020E-5
 5.326210E+1 1.011080E+1 4.550740E+0 1.135640E-1 6.790920E-2 2.219300E-4
 7.157880E+1 1.379130E+1 7.453390E+0 2.783300E-1 1.334430E-1 6.823960E-4
 9.600800E+1 1.880180E+1 1.191310E+1 6.524980E-1 2.567340E-1 2.047320E-3
 1.278770E+2 2.538110E+1 1.859360E+1 1.452710E+0 4.820890E-1 5.963480E-3
 1.687950E+2 3.431210E+1 2.809680E+1 2.991560E+0 8.820630E-1 1.677280E-2
 2.186090E+2 4.575640E+1 4.060050E+1 5.603860E+0 1.574390E+0 4.542060E-2
 2.761450E+2 5.990060E+1 5.599360E+1 9.473830E+0 2.730510E+0 1.173670E-1
 3.422310E+2 7.627070E+1 7.400600E+1 1.451330E+1 4.557560E+0 2.843940E-1
 4.137020E+2 9.415730E+1 9.422990E+1 2.038040E+1 7.252850E+0 6.334510E-1
 4.922930E+2 1.120240E+2 1.163200E+2 2.649650E+1 1.092870E+1 1.275930E+0
 5.742800E+2 1.287540E+2 1.395200E+2 3.234790E+1 1.555070E+1 2.295970E+0
 6.588590E+2 1.434960E+2 1.637040E+2 3.756890E+1 2.090990E+1 3.682880E+0
 7.486730E+2 1.564640E+2 1.888790E+2 4.212960E+1 2.684960E+1 5.335960E+0
 8.320020E+2 1.673820E+2 2.142370E+2 4.594400E+1 3.314310E+1 7.066080E+0
 9.334760E+2 1.762660E+2 2.416010E+2 4.900530E+1 3.966170E+1 8.694420E+0
 1.036150E+3 1.834290E+2 2.697780E+2 5.144400E+1 4.638800E+1 1.011520E+1
 9.279490E+0 8.652640E-1 2.056580E-1 5.931320E-4 3.926260E-4 1.365550E-7
 1.354670E+1 1.663740E+0 3.877850E-1 1.747680E-3 1.481190E-3 8.073270E-7
 1.918400E+1 2.807870E+0 7.134770E-1 5.006410E-3 4.219200E-3 3.607680E-6
 2.699160E+1 4.563780E+0 1.286230E+0 1.399230E-2 1.028300E-2 1.379620E-5
 3.660240E+1 6.779760E+0 2.270090E+0 3.799900E-2 2.286910E-2 4.812910E-5
 4.948710E+1 9.565990E+0 3.892710E+0 9.873530E-2 4.804870E-2 1.584650E-4
 6.579050E+1 1.295730E+1 6.435690E+0 2.430900E-1 9.720420E-2 5.014200E-4
 8.758060E+1 1.751020E+1 1.029580E+1 5.693010E-1 1.911200E-1 1.536880E-3
 1.155750E+2 2.322760E+1 1.601260E+1 1.259220E+0 3.661930E-1 4.565370E-3
 1.497180E+2 3.054980E+1 2.396410E+1 2.567690E+0 6.819370E-1 1.307120E-2
 1.915920E+2 4.012300E+1 3.444250E+1 4.776580E+0 1.229960E+0 3.575840E-2
 2.396160E+2 5.160960E+1 4.722200E+1 8.010320E+0 2.145300E+0 9.281600E-2
 2.931570E+2 6.473800E+1 6.202550E+1 1.216430E+1 3.592790E+0 2.253830E-1
 3.521220E+2 7.869200E+1 7.841900E+1 1.688300E+1 5.732100E+0 5.027850E-1
 4.140630E+2 9.236340E+1 9.599360E+1 2.171130E+1 8.636690E+0 1.011190E+0
 4.788750E+2 1.048510E+2 1.143810E+2 2.623610E+1 1.228390E+1 1.816970E+0
 5.466320E+2 1.156150E+2 1.333950E+2 3.018500E+1 1.649840E+1 2.906360E+0
 6.128740E+2 1.245480E+2 1.526900E+2 3.347110E+1 2.109770E+1 4.183320E+0
 6.798680E+2 1.317750E+2 1.721420E+2 3.611890E+1 2.593220E+1 5.504520E+0
 7.513570E+2 1.376170E+2 1.922410E+2 3.822820E+1 3.093420E+1 6.736460E+0
 8.302000E+2 1.420710E+2 2.140870E+2 3.981890E+1 3.604760E+1 7.791690E+0
 9.066280E+0 8.685320E-1 1.520100E-1 4.440530E-4 4.309910E-5 1.527790E-8
 1.299040E+1 1.602490E+0 2.999650E-1 1.367830E-3 4.022170E-4 2.225400E-7
 1.822340E+1 2.746540E+0 5.678580E-1 4.035100E-3 1.775470E-3 1.537810E-6
 2.527530E+1 4.363900E+0 1.043100E+0 1.148190E-2 5.490420E-3 7.451680E-6
 3.439910E+1 6.529640E+0 1.867050E+0 3.161310E-2 1.399930E-2 2.977780E-5
 4.587180E+1 9.094180E+0 3.251030E+0 8.373540E-2 3.191400E-2 1.063010E-4
 6.131380E+1 1.243600E+1 5.463180E+0 2.094580E-1 6.790920E-2 3.535550E-4
 7.963990E+1 1.608820E+1 8.803430E+0 4.912320E-1 1.379740E-1 1.119150E-3
 1.038780E+2 2.112390E+1 1.365320E+1 1.080480E+0 2.706120E-1 3.401730E-3
 1.331780E+2 2.713610E+1 2.035490E+1 2.188970E+0 5.138580E-1 9.925930E-3
 1.678640E+2 3.490690E+1 2.904020E+1 4.042200E+0 9.424060E-1 2.761300E-2
 2.077540E+2 4.421110E+1 3.957930E+1 6.726990E+0 1.660460E+0 7.237590E-2
 2.508250E+2 5.452350E+1 5.158750E+1 1.010560E+1 2.796170E+0 1.764350E-1
 2.980800E+2 6.526630E+1 6.474490E+1 1.387060E+1 4.472400E+0 3.940610E-1
 3.450690E+2 7.546540E+1 7.860450E+1 1.762830E+1 6.745910E+0 7.922600E-1
 3.959710E+2 8.468480E+1 9.303410E+1 2.109760E+1 9.594720E+0 1.421680E+0
 4.558600E+2 9.233470E+1 1.082870E+2 2.401650E+1 1.286400E+1 2.265070E+0
 5.068890E+2 9.835880E+1 1.232760E+2 2.636660E+1 1.642240E+1 3.246180E+0
 5.594380E+2 1.031760E+2 1.384670E+2 2.822970E+1 2.015950E+1 4.251290E+0
 6.146050E+2 1.068260E+2 1.543930E+2 2.963480E+1 2.401430E+1 5.179100E+0
 6.665960E+2 1.090900E+2 1.693800E+2 3.055150E+1 2.780150E+1 5.945980E+0
 8.717640E+0 8.278680E-1 1.093860E-1 3.229100E-4 -1.083040E-7 -3.394820E-11
 1.252750E+1 1.592370E+0 2.316730E-1 1.067350E-3 5.099960E-5 2.870620E-8
 1.775730E+1 2.729800E+0 4.573130E-1 3.280570E-3 5.476670E-4 4.804630E-7
 2.424220E+1 4.352840E+0 8.619690E-1 9.584750E-3 2.554140E-3 3.504250E-6
 3.253080E+1 6.343200E+0 1.567150E+0 2.679330E-2 8.113720E-3 1.742360E-5
 4.341670E+1 8.789410E+0 2.762030E+0 7.181580E-2 2.096390E-2 7.044160E-5
 5.730650E+1 1.189970E+1 4.697980E+0 1.825820E-1 4.803860E-2 2.521490E-4
 7.412030E+1 1.519360E+1 7.660540E+0 4.326380E-1 1.021370E-1 8.348010E-4
 9.512140E+1 1.949220E+1 1.192800E+1 9.509900E-1 2.062050E-1 2.610480E-3
 1.205100E+2 2.473520E+1 1.772600E+1 1.918780E+0 3.994870E-1 7.768050E-3
 1.498860E+2 3.113730E+1 2.515710E+1 3.509650E+0 7.438890E-1 2.193360E-2
 1.831840E+2 3.870660E+1 3.402490E+1 5.781140E+0 1.326480E+0 5.816260E-2
 2.202390E+2 4.711510E+1 4.412230E+1 8.618620E+0 2.251010E+0 1.427480E-1
 2.579950E+2 5.565170E+1 5.501060E+1 1.172740E+1 3.612770E+0 3.195470E-1
 2.985130E+2 6.362160E+1 6.645890E+1 1.477120E+1 5.461420E+0 6.429420E-1
 3.378960E+2 7.049940E+1 7.808520E+1 1.749190E+1 7.766980E+0 1.151170E+0
 3.815480E+2 7.615290E+1 9.015900E+1 1.976020E+1 1.040700E+1 1.832380E+0
 4.262900E+2 8.042120E+1 1.023000E+2 2.151670E+1 1.326550E+1 2.616090E+0
 4.644850E+2 8.357200E+1 1.142670E+2 2.283750E+1 1.625360E+1 3.410100E+0
 5.134380E+2 8.583650E+1 1.270070E+2 2.378790E+1 1.928320E+1 4.129180E+0
 5.542600E+2 8.704140E+1 1.388080E+2 2.435900E+1 2.226960E+1 4.717200E+0
 8.530140E+0 8.321320E-1 6.616700E-2 1.976240E-4 0.000000E+6 0.000000E+6
 1.230600E+1 1.575710E+0 1.620340E-1 7.550550E-4 -1.715400E-7 -8.519000E-11
 1.684890E+1 2.639730E+0 3.462720E-1 2.509790E-3 5.251240E-5 4.691980E-8
 2.318970E+1 4.233410E+0 6.834520E-1 7.668340E-3 6.906660E-4 9.605490E-7
 3.119890E+1 6.176970E+0 1.279640E+0 2.209840E-2 3.502450E-3 7.606970E-6
 4.086590E+1 8.432240E+0 2.294340E+0 6.024290E-2 1.159120E-2 3.933940E-5
 5.315470E+1 1.109050E+1 3.952870E+0 1.551010E-1 3.055710E-2 1.618470E-4
 6.832270E+1 1.424410E+1 6.516330E+0 3.726990E-1 7.054440E-2 5.814710E-4
 8.647970E+1 1.769940E+1 1.019470E+1 8.195260E-1 1.497440E-1 1.910640E-3
 1.078550E+2 2.213750E+1 1.517470E+1 1.649340E+0 2.993880E-1 5.863310E-3
 1.336120E+2 2.744590E+1 2.149040E+1 3.006180E+0 5.694160E-1 1.690090E-2
 1.605630E+2 3.356570E+1 2.893720E+1 4.911790E+0 1.032670E+0 4.557870E-2
 1.903940E+2 4.027750E+1 3.727700E+1 7.268240E+0 1.771480E+0 1.130410E-1
 2.216450E+2 4.687350E+1 4.619620E+1 9.778470E+0 2.857480E+0 2.537910E-1
 2.538850E+2 5.278110E+1 5.537210E+1 1.217230E+1 4.332370E+0 5.112630E-1
 2.882220E+2 5.788120E+1 6.477900E+1 1.428950E+1 6.168340E+0 9.150810E-1
 3.207190E+2 6.175790E+1 7.420150E+1 1.597300E+1 8.261050E+0 1.452590E+0
 3.610460E+2 6.488920E+1 8.435860E+1 1.731510E+1 1.054060E+1 2.070760E+0
 3.921330E+2 6.671870E+1 9.371630E+1 1.819600E+1 1.287600E+1 2.685750E+0
 4.230170E+2 6.771890E+1 1.028550E+2 1.874510E+1 1.520050E+1 3.228840E+0
 4.525640E+2 6.789370E+1 1.115760E+2 1.898540E+1 1.746690E+1 3.656580E+0
 8.401910E+0 8.308290E-1 2.341610E-2 7.104910E-5 0.000000E+6 0.000000E+6
 1.183590E+1 1.542970E+0 8.274440E-2 3.910010E-4 0.000000E+6 0.000000E+6
 1.626560E+1 2.583900E+0 2.166840E-1 1.591670E-3 -2.716380E-7 -2.136430E-10
 2.177240E+1 4.081000E+0 4.780740E-1 5.435400E-3 1.905610E-5 2.725660E-8
 2.911760E+1 5.927370E+0 9.541820E-1 1.667030E-2 5.703250E-4 1.260690E-6
 3.781610E+1 8.004770E+0 1.778450E+0 4.722240E-2 3.754640E-3 1.292360E-5
 4.876280E+1 1.027460E+1 3.135480E+0 1.244590E-1 1.404610E-2 7.531610E-5
 6.174690E+1 1.289680E+1 5.247540E+0 3.038190E-1 3.940670E-2 3.284020E-4
 7.719440E+1 1.590900E+1 8.309250E+0 6.768010E-1 9.368740E-2 1.207500E-3
 9.519800E+1 1.928010E+1 1.242590E+1 1.361870E+0 2.005210E-1 3.963970E-3
 1.153770E+2 2.343680E+1 1.755410E+1 2.464660E+0 3.977150E-1 1.190450E-2
 1.383170E+2 2.814920E+1 2.354870E+1 3.998450E+0 7.396840E-1 3.288760E-2
 1.608380E+2 3.300690E+1 3.010520E+1 5.834880E+0 1.292070E+0 8.298570E-2
 1.864410E+2 3.773020E+1 3.704520E+1 7.763040E+0 2.112360E+0 1.886710E-1
 2.109580E+2 4.182570E+1 4.411160E+1 9.552260E+0 3.224130E+0 3.818930E-1
 2.355680E+2 4.515340E+1 5.121440E+1 1.107570E+1 4.605630E+0 6.842420E-1
 2.627690E+2 4.754990E+1 5.826120E+1 1.224010E+1 6.167810E+0 1.083640E+0
 2.842760E+2 4.910930E+1 6.527700E+1 1.306840E+1 7.848670E+0 1.535890E+0
 3.136110E+2 5.003190E+1 7.254000E+1 1.361310E+1 9.567210E+0 1.980940E+0
 3.338280E+2 5.013270E+1 7.892680E+1 1.385460E+1 1.123760E+1 2.361680E+0
 3.558590E+2 4.988560E+1 8.538760E+1 1.393310E+1 1.289750E+1 2.662710E+0
 8.529640E+0 8.743400E-1 2.380070E-3 7.358930E-6 0.000000E+6 0.000000E+6
 1.173720E+1 1.577300E+0 2.357080E-2 1.132060E-4 0.000000E+6 0.000000E+6
 1.572470E+1 2.582740E+0 9.853350E-2 7.343070E-4 0.000000E+6 0.000000E+6
 2.089330E+1 3.988610E+0 2.789430E-1 3.213230E-3 0.000000E+6 0.000000E+6
 2.727610E+1 5.695470E+0 6.402160E-1 1.132930E-2 2.666730E-6 6.152730E-9
 3.500500E+1 7.437690E+0 1.290210E+0 3.465890E-2 3.954730E-4 1.387520E-6
 4.437500E+1 9.603180E+0 2.381740E+0 9.555870E-2 3.709830E-3 2.019110E-5
 5.526000E+1 1.164740E+1 4.092950E+0 2.390450E-1 1.619560E-2 1.366680E-4
 6.845590E+1 1.399460E+1 6.587490E+0 5.418150E-1 4.894440E-2 6.378360E-4
 8.328200E+1 1.674820E+1 9.951700E+0 1.102120E+0 1.201680E-1 2.399660E-3
 9.974450E+1 1.981540E+1 1.408670E+1 1.987610E+0 2.585370E-1 7.808780E-3
 1.173290E+2 2.320690E+1 1.884050E+1 3.197370E+0 5.050780E-1 2.263420E-2
 1.360870E+2 2.671430E+1 2.398080E+1 4.617130E+0 9.091180E-1 5.879200E-2
 1.554130E+2 2.995160E+1 2.930590E+1 6.065820E+0 1.514860E+0 1.360420E-1
 1.788590E+2 3.288880E+1 3.490460E+1 7.413940E+0 2.339600E+0 2.782110E-1
 1.910820E+2 3.466130E+1 3.993210E+1 8.437900E+0 3.359110E+0 4.997300E-1
 2.137440E+2 3.606000E+1 4.531600E+1 9.227290E+0 4.512430E+0 7.905240E-1
 2.260130E+2 3.660600E+1 5.009230E+1 9.705570E+0 5.725780E+0 1.114580E+0
 2.467340E+2 3.665580E+1 5.519260E+1 9.946680E+0 6.955040E+0 1.424590E+0
 2.630200E+2 3.654300E+1 6.005090E+1 1.007870E+1 8.182420E+0 1.697380E+0
 2.771080E+2 3.593690E+1 6.450960E+1 1.002290E+1 9.350470E+0 1.898410E+0
 8.774150E+0 9.289910E-1 1.438160E-5 4.875690E-8 0.000000E+6 0.000000E+6
 1.181380E+1 1.626200E+0 2.676340E-3 1.304290E-5 0.000000E+6 0.000000E+6
 1.565880E+1 2.614520E+0 3.064950E-2 2.314580E-4 0.000000E+6 0.000000E+6
 2.046220E+1 3.970780E+0 1.360340E-1 1.585820E-3 0.000000E+6 0.000000E+6
 2.628200E+1 5.521360E+0 3.933360E-1 7.031030E-3 0.000000E+6 0.000000E+6
 3.304150E+1 7.216030E+0 9.037050E-1 2.451660E-2 -1.073880E-6 -3.342440E-9
 4.138920E+1 9.001330E+0 1.792120E+0 7.253200E-2 4.414870E-4 2.444240E-6
 5.095160E+1 1.071260E+1 3.210150E+0 1.890030E-1 4.791450E-3 4.095090E-5
 6.215870E+1 1.270980E+1 5.292070E+0 4.383120E-1 2.199070E-2 2.895660E-4
 7.443640E+1 1.474230E+1 8.091620E+0 9.014440E-1 6.747910E-2 1.359630E-3
 8.814280E+1 1.711840E+1 1.153900E+1 1.635430E+0 1.647670E-1 5.016610E-3
 1.025380E+2 1.967770E+1 1.544190E+1 2.621490E+0 3.466060E-1 1.563850E-2
 1.167120E+2 2.222020E+1 1.960660E+1 3.758150E+0 6.520810E-1 4.241150E-2
 1.320760E+2 2.448910E+1 2.385430E+1 4.889960E+0 1.115450E+0 1.006070E-1
 1.456200E+2 2.627030E+1 2.804930E+1 5.874830E+0 1.748170E+0 2.084040E-1
 1.623480E+2 2.753770E+1 3.215000E+1 6.650990E+0 2.533260E+0 3.772180E-1
 1.777740E+2 2.830520E+1 3.634620E+1 7.204440E+0 3.420340E+0 5.982800E-1
 1.903510E+2 2.844070E+1 4.013630E+1 7.507470E+0 4.348910E+0 8.424230E-1
 2.025750E+2 2.817230E+1 4.377150E+1 7.623430E+0 5.275300E+0 1.073530E+0
 2.132280E+2 2.765610E+1 4.721160E+1 7.612810E+0 6.178280E+0 1.267010E+0
 2.240620E+2 2.692980E+1 5.053800E+1 7.500040E+0 7.044000E+0 1.408200E+0
 8.622720E+0 9.816240E-1 0.000000E+6 0.000000E+6 0.000000E+6 0.000000E+6
 1.202680E+1 1.713800E+0 2.251670E-5 1.201760E-7 0.000000E+6 0.000000E+6
 1.576420E+1 2.744410E+0 2.237760E-3 1.720220E-5 0.000000E+6 0.000000E+6
 2.019210E+1 4.015860E+0 3.564160E-2 4.214790E-4 0.000000E+6 0.000000E+6
 2.543230E+1 5.464780E+0 1.737170E-1 3.144060E-3 0.000000E+6 0.000000E+6
 3.148800E+1 6.973420E+0 5.189790E-1 1.423110E-2 0.000000E+6 0.000000E+6
 3.866920E+1 8.492910E+0 1.193980E+0 4.879800E-2 -1.692960E-6 -8.312600E-9
 4.672240E+1 9.894590E+0 2.322540E+0 1.380440E-1 4.205580E-4 3.653840E-6
 5.604520E+1 1.135990E+1 4.007270E+0 3.340150E-1 5.514270E-3 7.356250E-5
 6.647940E+1 1.289080E+1 6.284990E+0 7.029140E-1 2.736960E-2 5.573380E-4
 7.742510E+1 1.453060E+1 9.084250E+0 1.290190E+0 8.615100E-2 2.646720E-3
 8.887880E+1 1.631500E+1 1.223170E+1 2.074200E+0 2.090070E-1 9.503820E-3
 1.018890E+2 1.808730E+1 1.554300E+1 2.960940E+0 4.272310E-1 2.795570E-2
 1.109850E+2 1.957480E+1 1.888180E+1 3.828390E+0 7.694310E-1 6.978710E-2
 1.223580E+2 2.065430E+1 2.212320E+1 4.556050E+0 1.241140E+0 1.484690E-1
 1.339230E+2 2.122390E+1 2.513640E+1 5.076770E+0 1.821580E+0 2.713480E-1
 1.462290E+2 2.144430E+1 2.818210E+1 5.419630E+0 2.476030E+0 4.320370E-1
 1.552240E+2 2.127150E+1 3.100480E+1 5.586630E+0 3.162690E+0 6.088210E-1
 1.631390E+2 2.080230E+1 3.361350E+1 5.608960E+0 3.838980E+0 7.734960E-1
 1.701420E+2 2.012750E+1 3.603170E+1 5.526110E+0 4.489290E+0 9.056340E-1
 1.775210E+2 1.937790E+1 3.828390E+1 5.386910E+0 5.096640E+0 1.000440E+0
 8.457030E+0 9.929830E-1 0.000000E+6 0.000000E+6 0.000000E+6 0.000000E+6
 1.138390E+1 1.733190E+0 0.000000E+6 0.000000E+6 0.000000E+6 0.000000E+6
 1.487680E+1 2.756790E+0 0.000000E+6 0.000000E+6 0.000000E+6 0.000000E+6
 1.954020E+1 4.001610E+0 5.011970E-4 6.053580E-6 0.000000E+6 0.000000E+6
 2.418460E+1 5.342500E+0 2.400570E-2 4.419990E-4 0.000000E+6 0.000000E+6
 2.930740E+1 6.594030E+0 1.604590E-1 4.465080E-3 0.000000E+6 0.000000E+6
 3.521120E+1 7.804300E+0 5.432440E-1 2.247090E-2 0.000000E+6 0.000000E+6
 4.174840E+1 8.821090E+0 1.305050E+0 7.830930E-2 -2.661390E-6 -2.055310E-8
 4.887590E+1 9.691360E+0 2.533320E+0 2.130380E-1 1.075550E-4 1.477050E-6
 5.677990E+1 1.061920E+1 4.241520E+0 4.769210E-1 3.731510E-3 7.722510E-5
 6.493080E+1 1.156110E+1 6.350510E+0 9.024330E-1 2.420690E-2 7.531460E-4
 7.350180E+1 1.259840E+1 8.708920E+0 1.471960E+0 8.487170E-2 3.899250E-3
 8.187340E+1 1.354760E+1 1.114910E+1 2.103490E+0 2.124370E-1 1.401510E-2
 8.974340E+1 1.429980E+1 1.353640E+1 2.696180E+0 4.285140E-1 3.907640E-2
 9.632930E+1 1.477630E+1 1.584360E+1 3.181500E+0 7.417130E-1 8.899120E-2
 1.046550E+2 1.490340E+1 1.799080E+1 3.506060E+0 1.133310E+0 1.687640E-1
 1.115540E+2 1.473590E+1 1.998340E+1 3.682780E+0 1.573820E+0 2.734090E-1
 1.172740E+2 1.432640E+1 2.180840E+1 3.732590E+0 2.029830E+0 3.870940E-1
 1.227330E+2 1.376400E+1 2.348720E+1 3.689690E+0 2.474990E+0 4.914450E-1
 1.271190E+2 1.311950E+1 2.503850E+1 3.586890E+0 2.895560E+0 5.736050E-1
 1.303580E+2 1.243420E+1 2.646390E+1 3.446210E+0 3.288590E+0 6.286580E-1
 7.575110E+0 9.098370E-1 0.000000E+6 0.000000E+6 0.000000E+6 0.000000E+6
 1.026980E+1 1.588100E+0 0.000000E+6 0.000000E+6 0.000000E+6 0.000000E+6
 1.340770E+1 2.518600E+0 0.000000E+6 0.000000E+6 0.000000E+6 0.000000E+6
 1.680950E+1 3.603270E+0 0.000000E+6 0.000000E+6 0.000000E+6 0.000000E+6
 2.118520E+1 4.690600E+0 8.172070E-5 1.645200E-6 0.000000E+6 0.000000E+6
 2.529120E+1 5.729170E+0 1.041270E-2 2.946950E-4 0.000000E+6 0.000000E+6
 2.962030E+1 6.521740E+0 1.160330E-1 4.867710E-3 0.000000E+6 0.000000E+6
 3.426490E+1 7.109990E+0 4.698270E-1 2.851480E-2 0.000000E+6 0.000000E+6
 3.941370E+1 7.583110E+0 1.199550E+0 1.016550E-1 0.000000E+6 0.000000E+6
 4.497530E+1 8.024570E+0 2.339130E+0 2.641800E-1 -6.463800E-6 -1.214780E-7
 5.064690E+1 8.457280E+0 3.807980E+0 5.414480E-1 1.688670E-3 5.345200E-5
 5.631600E+1 8.915780E+0 5.467360E+0 9.181700E-1 1.672710E-2 7.779560E-4
 6.169890E+1 9.325150E+0 7.167250E+0 1.334600E+0 6.821150E-2 4.541740E-3
 6.708840E+1 9.616330E+0 8.814830E+0 1.719120E+0 1.790250E-1 1.643360E-2
 7.209270E+1 9.696010E+0 1.034910E+1 2.013190E+0 3.582760E-1 4.305350E-2
 7.632600E+1 9.553700E+0 1.173270E+1 2.193490E+0 5.960700E-1 8.865790E-2
 8.010400E+1 9.238040E+0 1.297080E+1 2.270540E+0 8.694080E-1 1.500980E-1
 8.324510E+1 8.769520E+0 1.399240E+1 2.258450E+0 1.150320E+0 2.168430E-1
 8.607300E+1 8.277230E+0 1.505730E+1 2.200410E+0 1.424010E+0 2.777250E-1
 8.942050E+1 7.730640E+0 1.591610E+1 2.100760E+0 1.675760E+0 3.235100E-1
 9.105360E+1 7.195310E+0 1.671590E+1 1.985490E+0 1.905410E+0 3.526560E-1
 6.250700E+0 7.616240E-1 0.000000E+6 0.000000E+6 0.000000E+6 0.000000E+6
 8.467370E+0 1.327760E+0 0.000000E+6 0.000000E+6 0.000000E+6 0.000000E+6
 1.098640E+1 2.086220E+0 0.000000E+6 0.000000E+6 0.000000E+6 0.000000E+6
 1.377880E+1 2.958760E+0 0.000000E+6 0.000000E+6 0.000000E+6 0.000000E+6
 1.662170E+1 3.802010E+0 0.000000E+6 0.000000E+6 0.000000E+6 0.000000E+6
 2.020020E+1 4.520950E+0 1.205550E-4 3.691380E-6 0.000000E+6 0.000000E+6
 2.327670E+1 5.038510E+0 5.571680E-3 2.374820E-4 0.000000E+6 0.000000E+6
 2.640160E+1 5.381500E+0 9.251560E-2 5.670100E-3 0.000000E+6 0.000000E+6
 2.974240E+1 5.555020E+0 4.083610E-1 3.485090E-2 0.000000E+6 0.000000E+6
 3.336290E+1 5.687000E+0 1.047600E+0 1.187360E-1 0.000000E+6 0.000000E+6
 3.718080E+1 5.836040E+0 1.986960E+0 2.821370E-1 -9.923060E-6 -2.865640E-7
 4.069410E+1 5.974690E+0 3.099440E+0 5.170620E-1 9.488660E-4 4.476700E-5
 4.450750E+1 6.107190E+0 4.258540E+0 7.819750E-1 1.269880E-2 8.531110E-4
 4.759640E+1 6.148320E+0 5.369740E+0 1.024310E+0 5.512500E-2 5.088160E-3
 5.025150E+1 6.069810E+0 6.383580E+0 1.203830E+0 1.434090E-1 1.728620E-2
 5.304830E+1 5.861250E+0 7.270050E+0 1.304690E+0 2.760820E-1 4.096990E-2
 5.510270E+1 5.555660E+0 8.037240E+0 1.336950E+0 4.378010E-1 7.505840E-2
 5.689990E+1 5.185230E+0 8.696580E+0 1.315090E+0 6.085110E-1 1.132740E-1
 5.838740E+1 4.786110E+0 9.274040E+0 1.259070E+0 7.731150E-1 1.476960E-1
 5.937480E+1 4.394810E+0 9.777920E+0 1.185420E+0 9.242590E-1 1.736680E-1
 6.032580E+1 4.023540E+0 1.021720E+1 1.104250E+0 1.057040E+0 1.894910E-1
---