PdfType: central
Format: lhagrid1
---
 1.000000E-6 1.700000E-6 3.200000E-6 6.000000E-6 1.000000E-5 1.700000E-5 3.200000E-5 6.000000E-5 1.000000E-4 1.700000E-4 3.200000E-4 6.000000E-4 1.000000E-3 1.700000E-3 3.200000E-3 6.000000E-3 1.000000E-2 1.700000E-2 3.200000E-2 6.000000E-2 1.000000E-1
 3.162278E-1 3.981068E-1 5.011876E-1 6.309572E-1 7.943280E-1 1.000000E+0 1.258924E+0 1.584894E+0 1.995262E+0 2.511886E+0 3.162278E+0 3.981068E+0 5.011876E+0 6.309572E+0 7.943280E+0 1.000000E+1 1.258924E+1 1.584894E+1 1.995262E+1 2.511886E+1 3.162278E+1
900 901 917 918 920 921
 9.477760E+0 6.665180E-1 8.563260E-1 2.285230E-3 1.994650E-2 6.412270E-6
 1.422200E+1 1.309820E+0 1.409550E+0 5.931370E-3 3.472800E-2 1.766490E-5
 2.108670E+1 2.427960E+0 2.315310E+0 1.535580E-2 6.017180E-2 4.840650E-5
 3.081340E+1 4.183090E+0 3.789910E+0 3.934690E-2 1.036840E-1 1.317300E-4
 4.433200E+1 6.832660E+0 6.101200E+0 9.822570E-2 1.770440E-1 3.545190E-4
 6.309560E+1 1.064130E+1 9.725610E+0 2.397020E-1 3.014770E-1 9.517150E-4
 8.820930E+1 1.576430E+1 1.506090E+1 5.600220E-1 5.095910E-1 2.533850E-3
 1.350570E+2 2.543980E+1 2.428520E+1 1.331030E+0 8.833540E-1 6.891820E-3
 2.188620E+2 4.313920E+1 4.089030E+1 3.191860E+0 1.596780E+0 1.942440E-2
 3.243080E+2 6.705030E+1 6.482870E+1 6.914050E+0 2.842010E+0 5.341700E-2
 4.608820E+2 1.003120E+2 9.822100E+1 1.361680E+1 4.994440E+0 1.430700E-1
 6.293000E+2 1.436380E+2 1.410590E+2 2.418530E+1 8.534890E+0 3.663660E-1
 8.280890E+2 1.954570E+2 1.936580E+2 3.857950E+1 1.408570E+1 8.793750E-1
 1.052320E+3 2.541130E+2 2.548820E+2 5.623260E+1 2.228000E+1 1.950950E+0
 1.297050E+3 3.137340E+2 3.234420E+2 7.517630E+1 3.334470E+1 3.900160E+0
 1.575030E+3 3.720720E+2 4.000660E+2 9.419750E+1 4.745790E+1 7.027450E+0
 1.863970E+3 4.257590E+2 4.794960E+2 1.119780E+2 6.396690E+1 1.132980E+1
 2.156860E+3 4.696900E+2 5.620760E+2 1.268180E+2 8.228010E+1 1.636740E+1
 2.472200E+3 5.065500E+2 6.508320E+2 1.392220E+2 1.019500E+2 2.164710E+1
 2.754680E+3 5.342340E+2 7.320820E+2 1.486820E+2 1.220440E+2 2.657880E+1
 3.194750E+3 5.628810E+2 8.492940E+2 1.578930E+2 1.448570E+2 3.111290E+1
 1.009630E+1 7.298510E-1 8.042720E-1 2.157760E-3 1.774480E-2 5.706310E-6
 1.510780E+1 1.442430E+0 1.322740E+0 5.571450E-3 3.111290E-2 1.583830E-5
 2.227050E+1 2.648820E+0 2.177330E+0 1.447050E-2 5.417300E-2 4.362050E-5
 3.238740E+1 4.551110E+0 3.576940E+0 3.725090E-2 9.384960E-2 1.194330E-4
 4.642010E+1 7.342540E+0 5.808920E+0 9.391630E-2 1.613120E-1 3.236990E-4
 6.581630E+1 1.132950E+1 9.315030E+0 2.310890E-1 2.747870E-1 8.684230E-4
 9.184730E+1 1.680200E+1 1.456370E+1 5.427510E-1 4.673570E-1 2.324670E-3
 1.368710E+2 2.620100E+1 2.338440E+1 1.284620E+0 8.090340E-1 6.319760E-3
 2.138840E+2 4.256060E+1 3.871780E+1 3.032740E+0 1.446940E+0 1.761680E-2
 3.119380E+2 6.486930E+1 6.075930E+1 6.502930E+0 2.560300E+0 4.817660E-2
 4.354970E+2 9.521730E+1 9.112840E+1 1.269830E+1 4.471550E+0 1.282780E-1
 5.865300E+2 1.333120E+2 1.297920E+2 2.221120E+1 7.627530E+0 3.276450E-1
 7.636360E+2 1.792710E+2 1.769580E+2 3.516060E+1 1.254630E+1 7.832240E-1
 9.611150E+2 2.305350E+2 2.313340E+2 5.083080E+1 1.975770E+1 1.730650E+0
 1.186490E+3 2.809940E+2 2.920110E+2 6.715100E+1 2.948180E+1 3.442180E+0
 1.414550E+3 3.307360E+2 3.568330E+2 8.362980E+1 4.177680E+1 6.181070E+0
 1.665280E+3 3.755110E+2 4.265780E+2 9.867440E+1 5.613720E+1 9.911380E+0
 1.927970E+3 4.119940E+2 4.997050E+2 1.111130E+2 7.199650E+1 1.427260E+1
 2.297000E+3 4.506670E+2 5.963480E+2 1.236790E+2 9.043470E+1 1.908100E+1
 2.455900E+3 4.652780E+2 6.461610E+2 1.294360E+2 1.062930E+2 2.309570E+1
 2.814150E+3 4.876280E+2 7.438420E+2 1.367580E+2 1.257170E+2 2.692640E+1
 1.062090E+1 7.938810E-1 7.422960E-1 2.012370E-3 1.530080E-2 4.921880E-6
 1.576400E+1 1.541290E+0 1.220960E+0 5.149950E-3 2.704350E-2 1.377380E-5
 2.322190E+1 2.833240E+0 2.014530E+0 1.337290E-2 4.745480E-2 3.824390E-5
 3.365160E+1 4.886570E+0 3.315710E+0 3.451120E-2 8.265850E-2 1.052890E-4
 4.798860E+1 7.812680E+0 5.426460E+0 8.800170E-2 1.429790E-1 2.875390E-4
 6.775050E+1 1.203140E+1 8.732160E+0 2.170220E-1 2.452070E-1 7.763650E-4
 9.373580E+1 1.754370E+1 1.377040E+1 5.164440E-1 4.184320E-1 2.082970E-3
 1.367910E+2 2.665260E+1 2.199630E+1 1.209860E+0 7.223150E-1 5.639930E-3
 2.064400E+2 4.168080E+1 3.592910E+1 2.825460E+0 1.280060E+0 1.558940E-2
 2.948310E+2 6.154320E+1 5.584290E+1 5.986590E+0 2.251150E+0 4.238850E-2
 4.044260E+2 8.776510E+1 8.277930E+1 1.150300E+1 3.907750E+0 1.122630E-1
 5.361530E+2 1.214160E+2 1.170310E+2 1.998040E+1 6.631960E+0 2.850280E-1
 6.915180E+2 1.606280E+2 1.579530E+2 3.126870E+1 1.084110E+1 6.776390E-1
 8.650180E+2 2.043530E+2 2.050510E+2 4.477930E+1 1.703000E+1 1.492340E+0
 1.053210E+3 2.469610E+2 2.566630E+2 5.878470E+1 2.533820E+1 2.962390E+0
 1.169450E+3 2.869460E+2 3.018530E+2 7.256720E+1 3.584330E+1 5.308310E+0
 1.474470E+3 3.238760E+2 3.726830E+2 8.491770E+1 4.798290E+1 8.467940E+0
 1.670320E+3 3.522500E+2 4.307430E+2 9.493280E+1 6.128790E+1 1.214590E+1
 1.884560E+3 3.755450E+2 4.913070E+2 1.031190E+2 7.542190E+1 1.594850E+1
 2.104280E+3 3.932390E+2 5.525040E+2 1.093540E+2 8.992700E+1 1.946830E+1
 2.404560E+3 4.102570E+2 6.320930E+2 1.150330E+2 1.058950E+2 2.262440E+1
 1.085170E+1 8.256860E-1 6.778840E-1 1.860520E-3 1.299910E-2 4.182120E-6
 1.633260E+1 1.665380E+0 1.129880E+0 4.820490E-3 2.322600E-2 1.183340E-5
 2.378200E+1 2.973740E+0 1.857650E+0 1.234800E-2 4.116080E-2 3.319240E-5
 3.410810E+1 5.076790E+0 3.050650E+0 3.183900E-2 7.226550E-2 9.214910E-5
 4.872590E+1 8.198240E+0 5.018030E+0 8.159580E-2 1.259680E-1 2.536580E-4
 6.808580E+1 1.238520E+1 8.111830E+0 2.021690E-1 2.176610E-1 6.907620E-4
 9.391000E+1 1.800750E+1 1.283920E+1 4.826040E-1 3.723470E-1 1.855780E-3
 1.340510E+2 2.647780E+1 2.046320E+1 1.133340E+0 6.411540E-1 5.008410E-3
 1.962130E+2 3.994130E+1 3.295880E+1 2.594020E+0 1.125750E+0 1.371670E-2
 2.764890E+2 5.793910E+1 5.080350E+1 5.460170E+0 1.969310E+0 3.712160E-2
 3.722380E+2 8.113140E+1 7.470080E+1 1.040040E+1 3.407880E+0 9.797530E-2
 4.898570E+2 1.102430E+2 1.046630E+2 1.790110E+1 5.747280E+0 2.471800E-1
 6.239510E+2 1.443640E+2 1.404540E+2 2.783660E+1 9.366500E+0 5.860930E-1
 7.696070E+2 1.798640E+2 1.806100E+2 3.921110E+1 1.464860E+1 1.284310E+0
 9.301670E+2 2.156420E+2 2.247370E+2 5.117760E+1 2.174660E+1 2.544670E+0
 1.098410E+3 2.483450E+2 2.716110E+2 6.249860E+1 3.063570E+1 4.526210E+0
 1.273700E+3 2.777860E+2 3.203270E+2 7.278830E+1 4.087780E+1 7.217040E+0
 1.449980E+3 2.999560E+2 3.698720E+2 8.078200E+1 5.205820E+1 1.029450E+1
 1.626770E+3 3.186130E+2 4.201200E+2 8.744470E+1 6.382240E+1 1.349410E+1
 1.819770E+3 3.327650E+2 4.731170E+2 9.250140E+1 7.607600E+1 1.644040E+1
 2.063040E+3 3.453970E+2 5.380150E+2 9.682330E+1 8.929370E+1 1.902500E+1
 1.095160E+1 8.537030E-1 6.208420E-1 1.712360E-3 1.128430E-2 3.630630E-6
 1.636520E+1 1.691030E+0 1.046730E+0 4.502470E-3 2.030000E-2 1.034430E-5
 2.391430E+1 3.069180E+0 1.729970E+0 1.154420E-2 3.629990E-2 2.928210E-5
 3.435330E+1 5.228030E+0 2.847390E+0 2.974820E-2 6.430680E-2 8.204130E-5
 4.855170E+1 8.313840E+0 4.663900E+0 7.584730E-2 1.127400E-1 2.271790E-4
 6.769880E+1 1.256820E+1 7.579350E+0 1.891250E-1 1.962550E-1 6.235660E-4
 9.290560E+1 1.809500E+1 1.206340E+1 4.545140E-1 3.376480E-1 1.685790E-3
 1.311610E+2 2.644770E+1 1.922110E+1 1.066910E+0 5.804430E-1 4.536670E-3
 1.880360E+2 3.852810E+1 3.061240E+1 2.415390E+0 1.011380E+0 1.232740E-2
 2.601590E+2 5.476600E+1 4.673800E+1 5.038440E+0 1.757970E+0 3.315370E-2
 3.473090E+2 7.551510E+1 6.833270E+1 9.544130E+0 3.032680E+0 8.725160E-2
 4.505990E+2 1.015730E+2 9.524580E+1 1.628760E+1 5.105610E+0 2.196950E-1
 5.709590E+2 1.314580E+2 1.270910E+2 2.517970E+1 8.307370E+0 5.204630E-1
 7.006940E+2 1.621770E+2 1.622780E+2 3.518940E+1 1.293610E+1 1.134640E+0
 8.388880E+2 1.924830E+2 2.011400E+2 4.555700E+1 1.917230E+1 2.244230E+0
 9.828890E+2 2.205480E+2 2.419140E+2 5.540300E+1 2.693310E+1 3.982680E+0
 1.134090E+3 2.434960E+2 2.837730E+2 6.370290E+1 3.576200E+1 6.283070E+0
 1.304990E+3 2.632300E+2 3.292360E+2 7.080080E+1 4.549160E+1 8.987860E+0
 1.509070E+3 2.817400E+2 3.833630E+2 7.719900E+1 5.637160E+1 1.183160E+1
 1.603680E+3 2.895700E+2 4.162320E+2 8.047170E+1 6.623390E+1 1.428770E+1
 1.824730E+3 2.999230E+2 4.724420E+2 8.405760E+1 7.762100E+1 1.650340E+1
 1.100480E+1 8.853920E-1 5.590850E-1 1.547000E-3 9.708010E-3 3.123610E-6
 1.632300E+1 1.736310E+0 9.585720E-1 4.161380E-3 1.751660E-2 8.926640E-6
 2.377960E+1 3.139180E+0 1.603540E+0 1.078310E-2 3.151580E-2 2.542510E-5
 3.384840E+1 5.232830E+0 2.636200E+0 2.749410E-2 5.640200E-2 7.198360E-5
 4.766650E+1 8.301480E+0 4.320950E+0 7.021690E-2 9.987590E-2 2.013850E-4
 6.658890E+1 1.258180E+1 7.029510E+0 1.756940E-1 1.747590E-1 5.556880E-4
 9.053920E+1 1.790840E+1 1.123580E+1 4.236940E-1 3.033490E-1 1.517120E-3
 1.261480E+2 2.572910E+1 1.784430E+1 9.932630E-1 5.216080E-1 4.082290E-3
 1.779760E+2 3.683560E+1 2.815320E+1 2.228290E+0 9.021710E-1 1.099980E-2
 2.427650E+2 5.137200E+1 4.272660E+1 4.610060E+0 1.563040E+0 2.948380E-2
 3.213120E+2 6.977050E+1 6.200350E+1 8.653930E+0 2.676890E+0 7.699900E-2
 4.141870E+2 9.237530E+1 8.594210E+1 1.467970E+1 4.500720E+0 1.938200E-1
 5.181500E+2 1.178490E+2 1.138880E+2 2.242010E+1 7.301850E+0 4.570570E-1
 6.296690E+2 1.449280E+2 1.453130E+2 3.132100E+1 1.135340E+1 9.956700E-1
 7.540590E+2 1.708360E+2 1.789510E+2 4.032160E+1 1.677290E+1 1.964610E+0
 8.882970E+2 1.942750E+2 2.151260E+2 4.868100E+1 2.348770E+1 3.472120E+0
 1.016520E+3 2.132180E+2 2.509570E+2 5.572070E+1 3.117740E+1 5.479810E+0
 1.136460E+3 2.291010E+2 2.868740E+2 6.161410E+1 3.953030E+1 7.803670E+0
 1.281070E+3 2.416040E+2 3.256900E+2 6.623530E+1 4.838760E+1 1.017770E+1
 1.456150E+3 2.526380E+2 3.719950E+2 7.014570E+1 5.788000E+1 1.240620E+1
 1.586260E+3 2.587940E+2 4.093300E+2 7.252210E+1 6.700820E+1 1.423340E+1
 1.094270E+1 9.084810E-1 4.869240E-1 1.351140E-3 8.103390E-3 2.607720E-6
 1.614410E+1 1.755320E+0 8.476860E-1 3.697850E-3 1.463470E-2 7.458610E-6
 2.330710E+1 3.124550E+0 1.445880E+0 9.851440E-3 2.640620E-2 2.130560E-5
 3.326120E+1 5.274020E+0 2.401000E+0 2.523500E-2 4.751040E-2 6.065060E-5
 4.668530E+1 8.319360E+0 3.931350E+0 6.379230E-2 8.504520E-2 1.715790E-4
 6.393350E+1 1.233820E+1 6.380140E+0 1.593760E-1 1.507410E-1 4.797130E-4
 8.738800E+1 1.754840E+1 1.021860E+1 3.860020E-1 2.641250E-1 1.322460E-3
 1.199280E+2 2.468800E+1 1.616960E+1 9.025560E-1 4.566730E-1 3.582080E-3
 1.652610E+2 3.444020E+1 2.533390E+1 2.009330E+0 7.860210E-1 9.596610E-3
 2.226690E+2 4.727870E+1 3.819520E+1 4.135830E+0 1.352380E+0 2.552750E-2
 2.920240E+2 6.327720E+1 5.506790E+1 7.713590E+0 2.306940E+0 6.645760E-2
 3.698280E+2 8.214400E+1 7.575640E+1 1.293620E+1 3.861820E+0 1.663540E-1
 4.577890E+2 1.036760E+2 9.963980E+1 1.958710E+1 6.253860E+0 3.916610E-1
 5.581040E+2 1.264570E+2 1.264310E+2 2.719520E+1 9.694190E+0 8.513000E-1
 6.559630E+2 1.473240E+2 1.545260E+2 3.468790E+1 1.430370E+1 1.676820E+0
 7.645820E+2 1.658510E+2 1.842630E+2 4.150900E+1 1.994730E+1 2.947020E+0
 8.776640E+2 1.819070E+2 2.153780E+2 4.748240E+1 2.644100E+1 4.646210E+0
 9.800260E+2 1.943910E+2 2.455050E+2 5.224210E+1 3.348230E+1 6.599250E+0
 1.107720E+3 2.041060E+2 2.792480E+2 5.591340E+1 4.086810E+1 8.572500E+0
 1.215620E+3 2.109940E+2 3.096830E+2 5.858890E+1 4.829340E+1 1.037050E+1
 1.350710E+3 2.169950E+2 3.459840E+2 6.079790E+1 5.622000E+1 1.192440E+1
 1.059980E+1 9.017540E-1 4.170630E-1 1.160050E-3 6.770200E-3 2.178740E-6
 1.571940E+1 1.767000E+0 7.359770E-1 3.220510E-3 1.222880E-2 6.232920E-6
 2.265840E+1 3.135630E+0 1.276580E+0 8.751520E-3 2.207250E-2 1.781120E-5
 3.230190E+1 5.269200E+0 2.160790E+0 2.295770E-2 3.979930E-2 5.081410E-5
 4.503530E+1 8.177080E+0 3.560820E+0 5.795030E-2 7.156730E-2 1.444340E-4
 6.164160E+1 1.207300E+1 5.788610E+0 1.444730E-1 1.280540E-1 4.077500E-4
 8.324750E+1 1.702210E+1 9.238630E+0 3.494850E-1 2.268690E-1 1.136770E-3
 1.127660E+2 2.347340E+1 1.456030E+1 8.136370E-1 3.959260E-1 3.110200E-3
 1.534180E+2 3.228390E+1 2.262850E+1 1.798920E+0 6.814900E-1 8.335480E-3
 2.032060E+2 4.316310E+1 3.384120E+1 3.667660E+0 1.168620E+0 2.206100E-2
 2.634870E+2 5.685430E+1 4.856990E+1 6.784770E+0 1.984520E+0 5.715150E-2
 3.307040E+2 7.351480E+1 6.656180E+1 1.139940E+1 3.310270E+0 1.427500E-1
 4.062500E+2 9.108510E+1 8.688900E+1 1.709040E+1 5.345860E+0 3.352820E-1
 4.874680E+2 1.091630E+2 1.094620E+2 2.342130E+1 8.274450E+0 7.266690E-1
 5.732710E+2 1.267320E+2 1.334000E+2 2.973760E+1 1.212030E+1 1.419300E+0
 6.627580E+2 1.419270E+2 1.580590E+2 3.547590E+1 1.691590E+1 2.498940E+0
 7.551590E+2 1.545790E+2 1.837990E+2 4.030960E+1 2.234560E+1 3.924270E+0
 8.504490E+2 1.644270E+2 2.102880E+2 4.413450E+1 2.823370E+1 5.554750E+0
 9.716160E+2 1.732810E+2 2.409430E+2 4.742270E+1 3.460040E+1 7.238100E+0
 1.061280E+3 1.784600E+2 2.667150E+2 4.952290E+1 4.087850E+1 8.741070E+0
 1.148290E+3 1.819850E+2 2.923200E+2 5.098040E+1 4.718580E+1 9.993500E+0
 1.044880E+1 9.156040E-1 3.642680E-1 1.015040E-3 5.849920E-3 1.882580E-6
 1.528590E+1 1.741380E+0 6.471640E-1 2.837590E-3 1.056740E-2 5.386650E-6
 2.214170E+1 3.145580E+0 1.135660E+0 7.806740E-3 1.907500E-2 1.539370E-5
 3.158300E+1 5.225170E+0 1.958680E+0 2.098290E-2 3.439960E-2 4.392340E-5
 4.373280E+1 8.111070E+0 3.267290E+0 5.366030E-2 6.193330E-2 1.250020E-4
 5.909200E+1 1.172460E+1 5.317490E+0 1.329380E-1 1.111590E-1 3.540590E-4
 7.991630E+1 1.654040E+1 8.520610E+0 3.228570E-1 1.982500E-1 9.938600E-4
 1.068040E+2 2.215450E+1 1.337460E+1 7.464380E-1 3.494700E-1 2.746690E-3
 1.433520E+2 3.001050E+1 2.060240E+1 1.637310E+0 6.048020E-1 7.407520E-3
 1.883810E+2 3.997270E+1 3.066330E+1 3.321160E+0 1.034600E+0 1.955460E-2
 2.416890E+2 5.193640E+1 4.370250E+1 6.116710E+0 1.753680E+0 5.052430E-2
 3.014390E+2 6.598990E+1 5.948400E+1 1.014420E+1 2.916430E+0 1.257380E-1
 3.695610E+2 8.163450E+1 7.762610E+1 1.520260E+1 4.700340E+0 2.948210E-1
 4.379090E+2 9.721700E+1 9.717490E+1 2.074750E+1 7.248520E+0 6.370770E-1
 5.163070E+2 1.120420E+2 1.181880E+2 2.620630E+1 1.060540E+1 1.241870E+0
 5.918210E+2 1.246420E+2 1.395650E+2 3.108710E+1 1.473570E+1 2.176050E+0
 6.731430E+2 1.351830E+2 1.619320E+2 3.520460E+1 1.946210E+1 3.414760E+0
 7.626510E+2 1.433790E+2 1.853470E+2 3.844630E+1 2.455030E+1 4.824700E+0
 8.168220E+2 1.493970E+2 2.052540E+2 4.091070E+1 2.983680E+1 6.252940E+0
 9.311850E+2 1.547500E+2 2.326090E+2 4.293360E+1 3.544800E+1 7.572180E+0
 1.005900E+3 1.576890E+2 2.543630E+2 4.416860E+1 4.089180E+1 8.653800E+0
 1.016190E+1 8.969680E-1 3.150860E-1 8.790530E-4 5.025590E-3 1.617340E-6
 1.489120E+1 1.721080E+0 5.619850E-1 2.468760E-3 9.079140E-3 4.628220E-6
 2.134840E+1 3.078190E+0 9.931180E-1 6.843330E-3 1.639080E-2 1.322850E-5
 2.982930E+1 5.036850E+0 1.729920E+0 1.858620E-2 2.955900E-2 3.774630E-5
 4.166990E+1 7.838320E+0 2.945630E+0 4.886540E-2 5.323010E-2 1.074430E-4
 5.709060E+1 1.142740E+1 4.857180E+0 1.222770E-1 9.562740E-2 3.046430E-4
 7.575750E+1 1.559170E+1 7.762340E+0 2.929990E-1 1.710540E-1 8.578650E-4
 1.006530E+2 2.118860E+1 1.217750E+1 6.786280E-1 3.035420E-1 2.386900E-3
 1.336040E+2 2.812420E+1 1.862230E+1 1.481220E+0 5.302880E-1 6.500400E-3
 1.733210E+2 3.687210E+1 2.757550E+1 2.991900E+0 9.102190E-1 1.722740E-2
 2.212780E+2 4.721280E+1 3.916900E+1 5.480140E+0 1.537470E+0 4.433390E-2
 2.724730E+2 5.923660E+1 5.293230E+1 9.019430E+0 2.548040E+0 1.098270E-1
 3.315920E+2 7.276670E+1 6.879390E+1 1.346790E+1 4.092230E+0 2.566340E-1
 3.920100E+2 8.568770E+1 8.584540E+1 1.821460E+1 6.296270E+0 5.523820E-1
 4.605120E+2 9.804080E+1 1.039210E+2 2.287990E+1 9.207460E+0 1.077030E+0
 5.234170E+2 1.085510E+2 1.224270E+2 2.704260E+1 1.277980E+1 1.886930E+0
 5.936780E+2 1.173660E+2 1.415660E+2 3.054210E+1 1.685380E+1 2.955160E+0
 6.589880E+2 1.240110E+2 1.603890E+2 3.325460E+1 2.123180E+1 4.170010E+0
 7.349880E+2 1.292370E+2 1.805980E+2 3.535790E+1 2.579650E+1 5.398260E+0
 7.986720E+2 1.328540E+2 1.983940E+2 3.686350E+1 3.030630E+1 6.508560E+0
 8.747810E+2 1.357150E+2 2.199910E+2 3.800940E+1 3.521000E+1 7.445020E+0
 9.771000E+0 8.863220E-1 2.647170E-1 7.395450E-4 4.193270E-3 1.349560E-6
 1.438000E+1 1.707330E+0 4.723870E-1 2.079140E-3 7.575550E-3 3.861720E-6
 2.040360E+1 3.023180E+0 8.389280E-1 5.792090E-3 1.367830E-2 1.103950E-5
 2.865510E+1 4.989990E+0 1.472800E+0 1.586690E-2 2.466790E-2 3.150230E-5
 3.949420E+1 7.445220E+0 2.542980E+0 4.235970E-2 4.442900E-2 8.968340E-5
 5.346550E+1 1.091980E+1 4.277330E+0 1.086240E-1 7.982790E-2 2.543350E-4
 7.066800E+1 1.484400E+1 6.909380E+0 2.621500E-1 1.429050E-1 7.169060E-4
 9.333930E+1 1.976730E+1 1.082340E+1 6.043580E-1 2.543410E-1 2.001050E-3
 1.216610E+2 2.583310E+1 1.646030E+1 1.309450E+0 4.479690E-1 5.494370E-3
 1.564360E+2 3.319810E+1 2.423360E+1 2.631450E+0 7.750960E-1 1.468910E-2
 1.961460E+2 4.158030E+1 3.410160E+1 4.761300E+0 1.310650E+0 3.784120E-2
 2.401660E+2 5.176190E+1 4.597840E+1 7.808270E+0 2.170240E+0 9.362700E-2
 2.907380E+2 6.282080E+1 5.927270E+1 1.155820E+1 3.469590E+0 2.175330E-1
 3.412800E+2 7.372170E+1 7.366760E+1 1.560440E+1 5.332500E+0 4.680060E-1
 3.973900E+2 8.369820E+1 8.880020E+1 1.949000E+1 7.785800E+0 9.110950E-1
 4.483890E+2 9.207040E+1 1.040310E+2 2.290390E+1 1.077400E+1 1.590330E+0
 5.140320E+2 9.929980E+1 1.205220E+2 2.580200E+1 1.418570E+1 2.486690E+0
 5.612470E+2 1.042980E+2 1.354970E+2 2.795390E+1 1.782450E+1 3.499070E+0
 6.247690E+2 1.084890E+2 1.522600E+2 2.967310E+1 2.164020E+1 4.522670E+0
 6.886150E+2 1.116090E+2 1.693890E+2 3.095310E+1 2.556720E+1 5.453460E+0
 7.416630E+2 1.134560E+2 1.849840E+2 3.177080E+1 2.944380E+1 6.220560E+0
 9.388140E+0 8.666900E-1 2.222810E-1 6.216120E-4 3.502100E-3 1.127130E-6
 1.362160E+1 1.648980E+0 3.973200E-1 1.750340E-3 6.327570E-3 3.225490E-6
 1.935590E+1 2.918550E+0 7.059850E-1 4.881730E-3 1.142540E-2 9.221850E-6
 2.704610E+1 4.807070E+0 1.244110E+0 1.343210E-2 2.060830E-2 2.631860E-5
 3.698430E+1 7.269080E+0 2.163310E+0 3.618140E-2 3.711810E-2 7.493480E-5
 4.999120E+1 1.033460E+1 3.680850E+0 9.416930E-2 6.669580E-2 2.125150E-4
 6.616310E+1 1.397340E+1 6.058170E+0 2.318970E-1 1.194170E-1 5.991240E-4
 8.570790E+1 1.813240E+1 9.529000E+0 5.307280E-1 2.126090E-1 1.673290E-3
 1.104360E+2 2.328060E+1 1.449160E+1 1.152370E+0 3.753410E-1 4.606160E-3
 1.394240E+2 2.935910E+1 2.114010E+1 2.289610E+0 6.532910E-1 1.238820E-2
 1.744030E+2 3.683380E+1 2.966400E+1 4.142040E+0 1.112290E+0 3.215380E-2
 2.125260E+2 4.525620E+1 3.976110E+1 6.752340E+0 1.839090E+0 7.940770E-2
 2.551670E+2 5.437580E+1 5.106870E+1 9.941440E+0 2.939560E+0 1.843610E-1
 2.961630E+2 6.315230E+1 6.314660E+1 1.331620E+1 4.504210E+0 3.951780E-1
 3.409000E+2 7.122090E+1 7.572020E+1 1.655750E+1 6.565680E+0 7.684830E-1
 3.862610E+2 7.804620E+1 8.857820E+1 1.938190E+1 9.072140E+0 1.338420E+0
 4.494740E+2 8.435020E+1 1.033640E+2 2.187930E+1 1.197380E+1 2.096520E+0
 4.873800E+2 8.786690E+1 1.155700E+2 2.352250E+1 1.497920E+1 2.935550E+0
 5.323220E+2 9.098240E+1 1.286030E+2 2.487500E+1 1.813900E+1 3.786430E+0
 5.871030E+2 9.344140E+1 1.428780E+2 2.590750E+1 2.142040E+1 4.560170E+0
 6.305940E+2 9.487870E+1 1.558500E+2 2.656360E+1 2.464710E+1 5.197580E+0
 9.093390E+0 8.475550E-1 1.929090E-1 5.401600E-4 3.025250E-3 9.736850E-7
 1.307490E+1 1.617600E+0 3.447860E-1 1.520050E-3 5.466090E-3 2.786470E-6
 1.866150E+1 2.899510E+0 6.131510E-1 4.244390E-3 9.870300E-3 7.966230E-6
 2.578410E+1 4.657300E+0 1.081730E+0 1.169770E-2 1.780560E-2 2.274030E-5
 3.529370E+1 7.029010E+0 1.884580E+0 3.155510E-2 3.207040E-2 6.474740E-5
 4.707960E+1 9.773390E+0 3.221170E+0 8.255920E-2 5.763190E-2 1.836410E-4
 6.166590E+1 1.301400E+1 5.351120E+0 2.059680E-1 1.031900E-1 5.177350E-4
 8.014100E+1 1.705130E+1 8.539940E+0 4.800980E-1 1.837460E-1 1.446280E-3
 1.019580E+2 2.148870E+1 1.299540E+1 1.032670E+0 3.244070E-1 3.981720E-3
 1.284450E+2 2.698870E+1 1.895790E+1 2.051770E+0 5.653710E-1 1.072480E-2
 1.579670E+2 3.302010E+1 2.639720E+1 3.674980E+0 9.661240E-1 2.794360E-2
 1.913200E+2 4.026280E+1 3.521200E+1 5.954700E+0 1.603060E+0 6.927160E-2
 2.271610E+2 4.796400E+1 4.507430E+1 8.727400E+0 2.563550E+0 1.608720E-1
 2.642370E+2 5.554730E+1 5.557280E+1 1.166820E+1 3.922440E+0 3.441630E-1
 3.050940E+2 6.228950E+1 6.643890E+1 1.444550E+1 5.708680E+0 6.680000E-1
 3.417470E+2 6.801920E+1 7.751050E+1 1.686910E+1 7.874740E+0 1.161060E+0
 3.952090E+2 7.329390E+1 9.005530E+1 1.899890E+1 1.037810E+1 1.816890E+0
 4.328560E+2 7.633640E+1 1.009830E+2 2.042070E+1 1.298970E+1 2.544240E+0
 4.734970E+2 7.911650E+1 1.126720E+2 2.161930E+1 1.575160E+1 3.284530E+0
 5.084150E+2 8.072720E+1 1.233910E+2 2.238210E+1 1.848780E+1 3.941020E+0
 5.478380E+2 8.205160E+1 1.348220E+2 2.297190E+1 2.129920E+1 4.495510E+0
 8.765520E+0 8.311000E-1 1.659200E-1 4.651660E-4 0.000000E+6 0.000000E+6
 1.263980E+1 1.589530E+0 2.974760E-1 1.313010E-3 4.695140E-3 2.393480E-6
 1.766550E+1 2.746080E+0 5.291300E-1 3.665890E-3 8.478400E-3 6.843330E-6
 2.444470E+1 4.446040E+0 9.343230E-1 1.011350E-2 1.529520E-2 1.953400E-5
 3.342550E+1 6.702240E+0 1.629640E+0 2.734610E-2 2.755030E-2 5.562340E-5
 4.378340E+1 9.271990E+0 2.792400E+0 7.169770E-2 4.951140E-2 1.577730E-4
 5.748980E+1 1.238850E+1 4.660730E+0 1.799690E-1 8.866130E-2 4.448800E-4
 7.375390E+1 1.569380E+1 7.501580E+0 4.239580E-1 1.578770E-1 1.242740E-3
 9.350380E+1 1.972370E+1 1.151230E+1 9.182590E-1 2.787220E-1 3.422450E-3
 1.166600E+2 2.420200E+1 1.679170E+1 1.813310E+0 4.859500E-1 9.220810E-3
 1.426360E+2 2.964000E+1 2.336830E+1 3.255260E+0 8.310350E-1 2.404560E-2
 1.713280E+2 3.575620E+1 3.106390E+1 5.250790E+0 1.382890E+0 5.980440E-2
 2.018390E+2 4.216560E+1 3.954880E+1 7.638900E+0 2.216440E+0 1.391770E-1
 2.332340E+2 4.850250E+1 4.857760E+1 1.016680E+1 3.392350E+0 2.977740E-1
 2.665040E+2 5.414810E+1 5.790210E+1 1.254090E+1 4.931500E+0 5.770310E-1
 2.992650E+2 5.899810E+1 6.734440E+1 1.462180E+1 6.809350E+0 1.004060E+0
 3.336520E+2 6.273580E+1 7.689250E+1 1.627550E+1 8.909670E+0 1.559670E+0
 3.779680E+2 6.603400E+1 8.764440E+1 1.765890E+1 1.121070E+1 2.195200E+0
 4.108040E+2 6.807900E+1 9.719600E+1 1.860010E+1 1.355250E+1 2.824930E+0
 4.430420E+2 6.952130E+1 1.067890E+2 1.927150E+1 1.592570E+1 3.391260E+0
 4.754770E+2 7.052500E+1 1.162950E+2 1.974320E+1 1.831410E+1 3.862960E+0
 8.466910E+0 8.196490E-1 1.389070E-1 3.899070E-4 0.000000E+6 0.000000E+6
 1.206580E+1 1.521000E+0 2.486280E-1 1.098850E-3 0.000000E+6 0.000000E+6
 1.673560E+1 2.641090E+0 4.436690E-1 3.075960E-3 7.072850E-3 5.708970E-6
 2.292910E+1 4.195080E+0 7.835960E-1 8.488750E-3 1.276010E-2 1.629640E-5
 3.028380E+1 6.074260E+0 1.368290E+0 2.298040E-2 2.298660E-2 4.641030E-5
 4.028250E+1 8.621980E+0 2.347690E+0 6.037620E-2 4.131190E-2 1.316570E-4
 5.201900E+1 1.114660E+1 3.926980E+0 1.518710E-1 7.397870E-2 3.712150E-4
 6.659490E+1 1.417210E+1 6.347550E+0 3.600720E-1 1.317510E-1 1.037150E-3
 8.373830E+1 1.747590E+1 9.820880E+0 7.884600E-1 2.326610E-1 2.856600E-3
 1.031900E+2 2.135030E+1 1.441180E+1 1.561080E+0 4.056110E-1 7.698470E-3
 1.257350E+2 2.566740E+1 2.005650E+1 2.786430E+0 6.938410E-1 2.008300E-2
 1.500640E+2 3.074270E+1 2.657340E+1 4.475890E+0 1.155060E+0 4.996770E-2
 1.753790E+2 3.606630E+1 3.373260E+1 6.495200E+0 1.854200E+0 1.165300E-1
 2.019080E+2 4.113690E+1 4.125600E+1 8.595390E+0 2.842670E+0 2.497500E-1
 2.285560E+2 4.570880E+1 4.897730E+1 1.056510E+1 4.134440E+0 4.839260E-1
 2.593160E+2 4.964740E+1 5.703210E+1 1.228260E+1 5.705090E+0 8.408710E-1
 2.886140E+2 5.269110E+1 6.499870E+1 1.365200E+1 7.461470E+0 1.305280E+0
 3.199650E+2 5.523120E+1 7.354760E+1 1.476540E+1 9.370580E+0 1.834080E+0
 3.479170E+2 5.694620E+1 8.171850E+1 1.555410E+1 1.133360E+1 2.360570E+0
 3.750580E+2 5.813500E+1 8.968020E+1 1.611270E+1 1.332250E+1 2.834700E+0
 4.022000E+2 5.898380E+1 9.770240E+1 1.651020E+1 1.532120E+1 3.229580E+0
 8.301600E+0 8.304580E-1 1.163670E-1 3.268720E-4 0.000000E+6 0.000000E+6
 1.152860E+1 1.485060E+0 2.083430E-1 9.215370E-4 0.000000E+6 0.000000E+6
 1.584770E+1 2.512470E+0 3.711470E-1 2.578070E-3 0.000000E+6 0.000000E+6
 2.130270E+1 3.943570E+0 6.563030E-1 7.120660E-3 0.000000E+6 0.000000E+6
 2.825750E+1 5.757110E+0 1.148260E+0 1.930060E-2 1.919770E-2 3.876030E-5
 3.672180E+1 7.871900E+0 1.972690E+0 5.079520E-2 3.450460E-2 1.099660E-4
 4.720240E+1 1.018950E+1 3.305700E+0 1.281050E-1 6.179490E-2 3.101020E-4
 5.981300E+1 1.269810E+1 5.351860E+0 3.040760E-1 1.100530E-1 8.664460E-4
 7.438570E+1 1.539570E+1 8.297020E+0 6.679730E-1 1.943450E-1 2.386380E-3
 9.142410E+1 1.858760E+1 1.223260E+1 1.332560E+0 3.388670E-1 6.432260E-3
 1.108580E+2 2.225540E+1 1.706540E+1 2.379500E+0 5.797230E-1 1.678570E-2
 1.310550E+2 2.633420E+1 2.261390E+1 3.803790E+0 9.653550E-1 4.177830E-2
 1.524890E+2 3.070950E+1 2.866380E+1 5.500090E+0 1.550590E+0 9.747410E-2
 1.741590E+2 3.482620E+1 3.497640E+1 7.251860E+0 2.378260E+0 2.090600E-1
 1.985360E+2 3.865390E+1 4.157630E+1 8.912810E+0 3.471250E+0 4.067070E-1
 2.215880E+2 4.170920E+1 4.805320E+1 1.030820E+1 4.775010E+0 7.038630E-1
 2.488930E+2 4.436320E+1 5.503120E+1 1.148140E+1 6.253920E+0 1.093970E+0
 2.712730E+2 4.612090E+1 6.162300E+1 1.232620E+1 7.826500E+0 1.531340E+0
 2.946080E+2 4.756420E+1 6.844570E+1 1.298920E+1 9.465980E+0 1.970910E+0
 3.180200E+2 4.858450E+1 7.524750E+1 1.346330E+1 1.113090E+1 2.367000E+0
 3.392970E+2 4.927840E+1 8.189720E+1 1.379260E+1 1.280450E+1 2.697520E+0
 8.138830E+0 8.412590E-1 1.007850E-1 2.832190E-4 0.000000E+6 0.000000E+6
 1.127290E+1 1.510550E+0 1.803840E-1 7.982270E-4 0.000000E+6 0.000000E+6
 1.533600E+1 2.520270E+0 3.215340E-1 2.235010E-3 0.000000E+6 0.000000E+6
 2.037940E+1 3.849710E+0 5.685880E-1 6.173360E-3 0.000000E+6 0.000000E+6
 2.666600E+1 5.503540E+0 9.924370E-1 1.666330E-2 0.000000E+6 0.000000E+6
 3.430360E+1 7.340950E+0 1.710400E+0 4.407510E-2 2.980620E-2 9.499060E-5
 4.369870E+1 9.469480E+0 2.868370E+0 1.112710E-1 5.338210E-2 2.679030E-4
 5.495480E+1 1.164800E+1 4.651540E+0 2.647320E-1 9.507800E-2 7.485040E-4
 6.801260E+1 1.400320E+1 7.218380E+0 5.814440E-1 1.679070E-1 2.061800E-3
 8.312550E+1 1.669100E+1 1.065930E+1 1.163540E+0 2.927740E-1 5.557650E-3
 9.969290E+1 1.976360E+1 1.490070E+1 2.082390E+0 5.009160E-1 1.450420E-2
 1.177800E+2 2.324010E+1 1.975490E+1 3.330070E+0 8.342040E-1 3.611050E-2
 1.355310E+2 2.683580E+1 2.500750E+1 4.789480E+0 1.342540E+0 8.444510E-2
 1.549990E+2 3.039000E+1 3.049650E+1 6.313170E+0 2.055920E+0 1.807610E-1
 1.741960E+2 3.351600E+1 3.611220E+1 7.720980E+0 2.993270E+0 3.506580E-1
 1.947140E+2 3.615850E+1 4.181580E+1 8.930540E+0 4.129440E+0 6.087940E-1
 2.183140E+2 3.841600E+1 4.775640E+1 9.937960E+0 5.407680E+0 9.460120E-1
 2.356050E+2 3.988960E+1 5.333510E+1 1.066140E+1 6.767410E+0 1.324150E+0
 2.575720E+2 4.112740E+1 5.933620E+1 1.122960E+1 8.182450E+0 1.703400E+0
 2.776240E+2 4.199710E+1 6.520330E+1 1.163690E+1 9.624960E+0 2.046330E+0
 2.959130E+2 4.257830E+1 7.092990E+1 1.191650E+1 1.106420E+1 2.330270E+0
 7.513660E+0 8.461870E-1 0.000000E+6 0.000000E+6 0.000000E+6 0.000000E+6
 1.094280E+1 1.519140E+0 1.553280E-1 6.879050E-4 0.000000E+6 0.000000E+6
 1.478230E+1 2.495360E+0 2.767700E-1 1.924280E-3 0.000000E+6 0.000000E+6
 1.950160E+1 3.770110E+0 4.896130E-1 5.318810E-3 0.000000E+6 0.000000E+6
 2.523560E+1 5.294240E+0 8.562590E-1 1.441950E-2 0.000000E+6 0.000000E+6
 3.228220E+1 7.004490E+0 1.471910E+0 3.796330E-2 0.000000E+6 0.000000E+6
 4.045430E+1 8.745780E+0 2.474670E+0 9.603420E-2 4.585360E-2 2.301160E-4
 5.029780E+1 1.063730E+1 4.012690E+0 2.284350E-1 8.167270E-2 6.430150E-4
 6.172410E+1 1.261010E+1 6.233080E+0 5.023580E-1 1.442410E-1 1.771220E-3
 7.478200E+1 1.487460E+1 9.207990E+0 1.005450E+0 2.514990E-1 4.774440E-3
 8.917700E+1 1.742190E+1 1.288030E+1 1.802100E+0 4.302970E-1 1.246050E-2
 1.041360E+2 2.034110E+1 1.709280E+1 2.887400E+0 7.180550E-1 3.109500E-2
 1.206550E+2 2.339050E+1 2.164620E+1 4.151820E+0 1.151340E+0 7.240160E-2
 1.375160E+2 2.637050E+1 2.639500E+1 5.457950E+0 1.766580E+0 1.553380E-1
 1.550270E+2 2.899500E+1 3.124900E+1 6.664270E+0 2.572440E+0 3.013730E-1
 1.713150E+2 3.121630E+1 3.614190E+1 7.701330E+0 3.549640E+0 5.234950E-1
 1.906060E+2 3.305580E+1 4.116920E+1 8.547400E+0 4.647000E+0 8.129710E-1
 2.051480E+2 3.433230E+1 4.604560E+1 9.173760E+0 5.818150E+0 1.138240E+0
 2.244620E+2 3.537260E+1 5.116380E+1 9.656570E+0 7.038410E+0 1.464910E+0
 2.407560E+2 3.609460E+1 5.615850E+1 1.000030E+1 8.271020E+0 1.758100E+0
 2.570710E+2 3.658860E+1 6.110320E+1 1.023940E+1 9.509470E+0 2.001950E+0
 7.070130E+0 8.148260E-1 0.000000E+6 0.000000E+6 0.000000E+6 0.000000E+6
 9.789120E+0 1.471570E+0 0.000000E+6 0.000000E+6 0.000000E+6 0.000000E+6
 1.305270E+1 2.409780E+0 0.000000E+6 0.000000E+6 0.000000E+6 0.000000E+6
 1.828680E+1 3.625470E+0 4.094720E-1 4.450080E-3 0.000000E+6 0.000000E+6
 2.355510E+1 5.035010E+0 7.163890E-1 1.207270E-2 0.000000E+6 0.000000E+6
 2.966480E+1 6.535630E+0 1.232400E+0 3.181510E-2 0.000000E+6 0.000000E+6
 3.684730E+1 8.025260E+0 2.068660E+0 8.036770E-2 0.000000E+6 0.000000E+6
 4.534240E+1 9.585660E+0 3.364990E+0 1.919320E-1 6.813140E-2 5.364420E-4
 5.500990E+1 1.113140E+1 5.229800E+0 4.220770E-1 1.203330E-1 1.477750E-3
 6.587760E+1 1.287230E+1 7.718160E+0 8.421940E-1 2.098190E-1 3.983420E-3
 7.803500E+1 1.493150E+1 1.080240E+1 1.511190E+0 3.589840E-1 1.039540E-2
 9.105390E+1 1.730220E+1 1.434240E+1 2.422020E+0 5.979950E-1 2.589100E-2
 1.047670E+2 1.979740E+1 1.816970E+1 3.485940E+0 9.607630E-1 6.042480E-2
 1.183270E+2 2.220350E+1 2.214180E+1 4.576550E+0 1.474380E+0 1.296630E-1
 1.326590E+2 2.435270E+1 2.620240E+1 5.583700E+0 2.146730E+0 2.515420E-1
 1.463050E+2 2.616130E+1 3.029220E+1 6.445920E+0 2.962770E+0 4.368420E-1
 1.618330E+2 2.759700E+1 3.441060E+1 7.133310E+0 3.876640E+0 6.782050E-1
 1.762780E+2 2.876850E+1 3.869040E+1 7.680540E+0 4.864360E+0 9.519600E-1
 1.896260E+2 2.953960E+1 4.278870E+1 8.062530E+0 5.874060E+0 1.222520E+0
 2.039860E+2 3.012480E+1 4.697280E+1 8.345040E+0 6.901270E+0 1.466680E+0
 2.172160E+2 3.046460E+1 5.097830E+1 8.524810E+0 7.918940E+0 1.666670E+0
 6.487940E+0 7.591350E-1 0.000000E+6 0.000000E+6 0.000000E+6 0.000000E+6
 8.984950E+0 1.369270E+0 0.000000E+6 0.000000E+6 0.000000E+6 0.000000E+6
 1.200760E+1 2.244810E+0 0.000000E+6 0.000000E+6 0.000000E+6 0.000000E+6
 1.553890E+1 3.347270E+0 0.000000E+6 0.000000E+6 0.000000E+6 0.000000E+6
 2.132940E+1 4.605160E+0 5.996570E-1 1.010660E-2 0.000000E+6 0.000000E+6
 2.666800E+1 5.892050E+0 1.032170E+0 2.667140E-2 0.000000E+6 0.000000E+6
 3.295030E+1 7.152870E+0 1.733110E+0 6.738920E-2 0.000000E+6 0.000000E+6
 4.001120E+1 8.349170E+0 2.814320E+0 1.605850E-1 0.000000E+6 0.000000E+6
 4.818940E+1 9.634860E+0 4.378970E+0 3.538160E-1 0.000000E+6 0.000000E+6
 5.763930E+1 1.103090E+1 6.477960E+0 7.076950E-1 1.752430E-1 3.326830E-3
 6.785880E+1 1.272710E+1 9.062650E+0 1.268150E+0 2.998500E-1 8.684190E-3
 7.880640E+1 1.463150E+1 1.202310E+1 2.029680E+0 4.994800E-1 2.162260E-2
 9.005630E+1 1.667170E+1 1.523510E+1 2.920860E+0 8.023820E-1 5.047080E-2
 1.018360E+2 1.866010E+1 1.856250E+1 3.833900E+0 1.231500E+0 1.083120E-1
 1.132920E+2 2.045000E+1 2.196900E+1 4.680860E+0 1.796700E+0 2.105720E-1
 1.255420E+2 2.192340E+1 2.540230E+1 5.394110E+0 2.475410E+0 3.650470E-1
 1.370070E+2 2.308670E+1 2.880480E+1 5.964630E+0 3.238610E+0 5.665850E-1
 1.486140E+2 2.400140E+1 3.229860E+1 6.406870E+0 4.056340E+0 7.935560E-1
 1.605850E+2 2.466340E+1 3.577960E+1 6.730220E+0 4.899970E+0 1.019830E+0
 1.728810E+2 2.513520E+1 3.924750E+1 6.961870E+0 5.757190E+0 1.223210E+0
 1.838720E+2 2.544690E+1 4.266520E+1 7.120020E+0 6.614270E+0 1.391800E+0
 5.944810E+0 7.015010E-1 0.000000E+6 0.000000E+6 0.000000E+6 0.000000E+6
 8.278810E+0 1.271980E+0 0.000000E+6 0.000000E+6 0.000000E+6 0.000000E+6
 1.102730E+1 2.074440E+0 0.000000E+6 0.000000E+6 0.000000E+6 0.000000E+6
 1.422120E+1 3.078080E+0 0.000000E+6 0.000000E+6 0.000000E+6 0.000000E+6
 1.773720E+1 4.166410E+0 0.000000E+6 0.000000E+6 0.000000E+6 0.000000E+6
 2.409050E+1 5.309680E+0 8.927660E-1 2.306850E-2 0.000000E+6 0.000000E+6
 2.952750E+1 6.400200E+0 1.499890E+0 5.835080E-2 0.000000E+6 0.000000E+6
 3.578260E+1 7.416320E+0 2.436660E+0 1.390920E-1 0.000000E+6 0.000000E+6
 4.292230E+1 8.477570E+0 3.791200E+0 3.064600E-1 0.000000E+6 0.000000E+6
 5.096020E+1 9.667410E+0 5.604740E+0 6.127670E-1 0.000000E+6 0.000000E+6
 5.994940E+1 1.108550E+1 7.851390E+0 1.098840E+0 2.590050E-1 7.499890E-3
 6.930880E+1 1.271580E+1 1.041620E+1 1.757020E+0 4.314620E-1 1.867830E-2
 7.923640E+1 1.446200E+1 1.319000E+1 2.527370E+0 6.932120E-1 4.360120E-2
 8.929210E+1 1.616760E+1 1.607720E+1 3.317220E+0 1.063890E+0 9.357660E-2
 9.933020E+1 1.769840E+1 1.901940E+1 4.048300E+0 1.552110E+0 1.819290E-1
 1.094580E+2 1.895600E+1 2.196370E+1 4.662390E+0 2.138180E+0 3.153990E-1
 1.196760E+2 1.996750E+1 2.493540E+1 5.156550E+0 2.799010E+0 4.895150E-1
 1.297750E+2 2.072650E+1 2.789150E+1 5.531360E+0 3.501790E+0 6.854810E-1
 1.399300E+2 2.131160E+1 3.094690E+1 5.814940E+0 4.234360E+0 8.810010E-1
 1.497410E+2 2.173820E+1 3.397110E+1 6.020870E+0 4.978190E+0 1.057890E+0
 1.596670E+2 2.202130E+1 3.695970E+1 6.161310E+0 5.723580E+0 1.204180E+0
---