PdfType: central
Format: lhagrid1
---
 1.000000E-6 1.700000E-6 3.200000E-6 6.000000E-6 1.000000E-5 1.700000E-5 3.200000E-5 6.000000E-5 1.000000E-4 1.700000E-4 3.200000E-4 6.000000E-4 1.000000E-3 1.700000E-3 3.200000E-3 6.000000E-3 1.000000E-2 1.700000E-2 3.200000E-2 6.000000E-2 1.000000E-1
 3.162278E-1 3.981068E-1 5.011876E-1 6.309572E-1 7.943280E-1 1.000000E+0 1.258924E+0 1.584894E+0 1.995262E+0 2.511886E+0 3.162278E+0 3.981068E+0 5.011876E+0 6.309572E+0 7.943280E+0 1.000000E+1 1.258924E+1 1.584894E+1 1.995262E+1 2.511886E+1 3.162278E+1
900 901 917 918 920 921
 8.647910E+0 8.403580E-1 3.474180E-1 9.591470E-4 9.063830E-3 2.917030E-6
 1.340160E+1 1.687510E+0 6.340050E-1 2.762030E-3 1.572040E-2 8.011010E-6
 2.053820E+1 3.173940E+0 1.171110E+0 8.001250E-3 2.828180E-2 2.280550E-5
 3.080060E+1 5.567690E+0 2.192100E+0 2.339300E-2 5.240440E-2 6.680580E-5
 4.571580E+1 9.082570E+0 4.082150E+0 6.716610E-2 9.910470E-2 1.993400E-4
 6.698330E+1 1.421040E+1 7.546880E+0 1.904050E-1 1.911600E-1 6.065290E-4
 9.771870E+1 2.169280E+1 1.366110E+1 5.170200E-1 3.714610E-1 1.854570E-3
 1.543500E+2 3.482470E+1 2.579340E+1 1.430320E+0 7.609150E-1 5.956240E-3
 2.561750E+2 5.798220E+1 5.033710E+1 3.946250E+0 1.651460E+0 2.013950E-2
 3.952950E+2 9.093450E+1 9.028240E+1 9.642100E+0 3.483630E+0 6.553790E-2
 5.910290E+2 1.407650E+2 1.536020E+2 2.129420E+1 7.215360E+0 2.067410E-1
 8.573750E+2 2.069400E+2 2.465820E+2 4.173790E+1 1.441900E+1 6.162850E-1
 1.222990E+3 3.069510E+2 3.790700E+2 7.595160E+1 2.781470E+1 1.731270E+0
 1.721890E+3 4.345050E+2 5.624440E+2 1.247130E+2 5.098840E+1 4.432660E+0
 2.356210E+3 6.032200E+2 8.075180E+2 1.926870E+2 8.936630E+1 1.046010E+1
 3.191290E+3 8.127090E+2 1.131390E+3 2.790830E+2 1.476040E+2 2.181090E+1
 4.342740E+3 1.087540E+3 1.571090E+3 3.923950E+2 2.329510E+2 4.150610E+1
 5.791470E+3 1.419160E+3 2.134080E+3 5.296020E+2 3.496510E+2 7.114230E+1
 7.666150E+3 1.810860E+3 2.866780E+3 6.911980E+2 5.055920E+2 1.111760E+2
 1.015460E+4 2.303480E+3 3.820530E+3 8.927730E+2 7.150440E+2 1.637330E+2
 1.503650E+4 3.045310E+3 5.668370E+3 1.190520E+3 1.057210E+3 2.374100E+2
 8.662530E+0 8.543220E-1 3.310590E-1 9.146510E-4 8.992770E-3 2.894850E-6
 1.343910E+1 1.721510E+0 5.960530E-1 2.592410E-3 1.528710E-2 7.792120E-6
 2.044500E+1 3.227360E+0 1.092740E+0 7.476920E-3 2.695600E-2 2.174330E-5
 3.048890E+1 5.571360E+0 2.023000E+0 2.160460E-2 4.910310E-2 6.263700E-5
 4.508500E+1 9.056240E+0 3.762900E+0 6.215590E-2 9.170600E-2 1.846570E-4
 6.549200E+1 1.410770E+1 6.947840E+0 1.752170E-1 1.742100E-1 5.527400E-4
 9.557810E+1 2.138550E+1 1.261880E+1 4.787630E-1 3.372500E-1 1.684030E-3
 1.481060E+2 3.365110E+1 2.373430E+1 1.322730E+0 6.828280E-1 5.347290E-3
 2.407730E+2 5.531990E+1 4.570020E+1 3.592330E+0 1.456930E+0 1.777310E-2
 3.657830E+2 8.510390E+1 8.182350E+1 8.761970E+0 3.054890E+0 5.755900E-2
 5.425560E+2 1.293080E+2 1.380380E+2 1.920130E+1 6.275720E+0 1.798650E-1
 7.766300E+2 1.887820E+2 2.204470E+2 3.756070E+1 1.257060E+1 5.383090E-1
 1.109420E+3 2.756950E+2 3.385360E+2 6.758090E+1 2.411590E+1 1.500270E+0
 1.543960E+3 3.884900E+2 5.004820E+2 1.110740E+2 4.437290E+1 3.872250E+0
 2.113860E+3 5.308770E+2 7.174490E+2 1.689620E+2 7.731510E+1 9.008590E+0
 2.887880E+3 7.207930E+2 1.011070E+3 2.465240E+2 1.278820E+2 1.890760E+1
 3.892010E+3 9.417270E+2 1.396040E+3 3.386600E+2 1.999050E+2 3.541880E+1
 5.080250E+3 1.231120E+3 1.875470E+3 4.587450E+2 3.020720E+2 6.107290E+1
 6.785990E+3 1.575360E+3 2.518790E+3 6.006950E+2 4.373120E+2 9.600670E+1
 8.839100E+3 1.995460E+3 3.328450E+3 7.729190E+2 6.164840E+2 1.411290E+2
 1.322620E+4 2.604410E+3 4.960880E+3 1.017530E+3 9.083930E+2 2.021960E+2
 8.557120E+0 8.542360E-1 3.181380E-1 8.841610E-4 9.033800E-3 2.908140E-6
 1.310940E+1 1.702940E+0 5.590850E-1 2.431560E-3 1.496690E-2 7.629980E-6
 1.992330E+1 3.159350E+0 1.009200E+0 6.895350E-3 2.581910E-2 2.083350E-5
 2.978550E+1 5.465250E+0 1.849190E+0 1.974080E-2 4.600620E-2 5.870490E-5
 4.381840E+1 8.971520E+0 3.416350E+0 5.651370E-2 8.433790E-2 1.700000E-4
 6.385610E+1 1.399260E+1 6.283900E+0 1.591550E-1 1.580060E-1 5.017640E-4
 9.166040E+1 2.064890E+1 1.140390E+1 4.343280E-1 3.013460E-1 1.504940E-3
 1.393600E+2 3.178170E+1 2.125180E+1 1.186150E+0 6.014850E-1 4.711680E-3
 2.206940E+2 5.051890E+1 4.043830E+1 3.197790E+0 1.259930E+0 1.538780E-2
 3.333870E+2 7.719260E+1 7.187270E+1 7.708380E+0 2.607500E+0 4.916890E-2
 4.870930E+2 1.152990E+2 1.210710E+2 1.684920E+1 5.327880E+0 1.533420E-1
 6.957780E+2 1.687690E+2 1.931530E+2 3.310420E+1 1.060560E+1 4.555220E-1
 9.831060E+2 2.424490E+2 2.955000E+2 5.887460E+1 2.029440E+1 1.266100E+0
 1.371480E+3 3.375910E+2 4.336870E+2 9.568710E+1 3.723790E+1 3.255450E+0
 1.852170E+3 4.577630E+2 6.199800E+2 1.448850E+2 6.485610E+1 7.561260E+0
 2.494660E+3 6.137570E+2 8.638320E+2 2.093700E+2 1.072490E+2 1.588850E+1
 3.334210E+3 8.024500E+2 1.184290E+3 2.881550E+2 1.681130E+2 2.976800E+1
 4.461190E+3 1.031690E+3 1.609740E+3 3.835810E+2 2.517460E+2 5.052910E+1
 5.706590E+3 1.313030E+3 2.120120E+3 5.002710E+2 3.642540E+2 7.938890E+1
 7.588980E+3 1.642660E+3 2.830070E+3 6.356570E+2 5.118660E+2 1.154740E+2
 1.106790E+4 2.126950E+3 4.120940E+3 8.306110E+2 7.451950E+2 1.646810E+2
 8.351290E+0 8.360620E-1 3.109470E-1 8.681540E-4 9.113810E-3 2.934070E-6
 1.286920E+1 1.683620E+0 5.351690E-1 2.337170E-3 1.475870E-2 7.525090E-6
 1.931620E+1 3.094610E+0 9.437590E-1 6.442660E-3 2.496100E-2 2.014710E-5
 2.869060E+1 5.385320E+0 1.701250E+0 1.816360E-2 4.365710E-2 5.572760E-5
 4.182330E+1 8.626750E+0 3.111180E+0 5.152820E-2 7.868930E-2 1.587040E-4
 6.102490E+1 1.338310E+1 5.698060E+0 1.446080E-1 1.451280E-1 4.614750E-4
 8.703790E+1 1.971580E+1 1.027830E+1 3.918810E-1 2.724140E-1 1.361490E-3
 1.307950E+2 3.001290E+1 1.900150E+1 1.063860E+0 5.315780E-1 4.162390E-3
 2.018480E+2 4.670350E+1 3.568100E+1 2.823970E+0 1.090750E+0 1.332170E-2
 3.003980E+2 6.975370E+1 6.304470E+1 6.768170E+0 2.233930E+0 4.214840E-2
 4.358430E+2 1.027330E+2 1.058000E+2 1.468160E+1 4.529130E+0 1.302150E-1
 6.188750E+2 1.476870E+2 1.675160E+2 2.852750E+1 8.951650E+0 3.845700E-1
 8.627590E+2 2.111590E+2 2.555400E+2 5.080530E+1 1.709080E+1 1.067900E+0
 1.188630E+3 2.934200E+2 3.745640E+2 8.262850E+1 3.128700E+1 2.735620E+0
 1.594400E+3 3.940800E+2 5.317010E+2 1.242620E+2 5.436220E+1 6.362550E+0
 2.144870E+3 5.220650E+2 7.402570E+2 1.773700E+2 8.948940E+1 1.322360E+1
 2.862850E+3 6.821200E+2 1.011310E+3 2.443770E+2 1.402980E+2 2.495100E+1
 3.587390E+3 8.699650E+2 1.343730E+3 3.229280E+2 2.106170E+2 4.213350E+1
 4.921920E+3 1.094920E+3 1.804660E+3 4.165570E+2 3.026690E+2 6.566470E+1
 6.348110E+3 1.353920E+3 2.367090E+3 5.236100E+2 4.234510E+2 9.480830E+1
 9.228300E+3 1.738920E+3 3.420360E+3 6.788430E+2 6.118670E+2 1.343510E+2
 8.291500E+0 8.647740E-1 3.081690E-1 8.616550E-4 9.240220E-3 2.975020E-6
 1.257030E+1 1.658460E+0 5.219810E-1 2.287660E-3 1.462570E-2 7.457790E-6
 1.889710E+1 3.077310E+0 9.036790E-1 6.175000E-3 2.435350E-2 1.965870E-5
 2.782980E+1 5.234150E+0 1.604710E+0 1.708640E-2 4.208510E-2 5.373790E-5
 4.043640E+1 8.422550E+0 2.895510E+0 4.796090E-2 7.478220E-2 1.508760E-4
 5.820090E+1 1.289730E+1 5.259520E+0 1.334120E-1 1.364940E-1 4.343920E-4
 8.332540E+1 1.901280E+1 9.473110E+0 3.625200E-1 2.533520E-1 1.267460E-3
 1.226930E+2 2.827450E+1 1.734010E+1 9.715710E-1 4.854690E-1 3.803030E-3
 1.880140E+2 4.354280E+1 3.228230E+1 2.564460E+0 9.742360E-1 1.189780E-2
 2.758110E+2 6.447460E+1 5.662120E+1 6.130480E+0 1.970460E+0 3.719380E-2
 3.975100E+2 9.458230E+1 9.464170E+1 1.324050E+1 3.968080E+0 1.142180E-1
 5.589760E+2 1.339870E+2 1.494990E+2 2.551350E+1 7.813450E+0 3.361150E-1
 7.760490E+2 1.881320E+2 2.268060E+2 4.484450E+1 1.488980E+1 9.300290E-1
 1.059340E+3 2.605320E+2 3.318560E+2 7.283880E+1 2.711250E+1 2.373870E+0
 1.428250E+3 3.490950E+2 4.704000E+2 1.093850E+2 4.705160E+1 5.504860E+0
 1.917820E+3 4.590880E+2 6.534360E+2 1.555450E+2 7.739000E+1 1.147480E+1
 2.527240E+3 5.933800E+2 8.882320E+2 2.121110E+2 1.211310E+2 2.144240E+1
 3.377870E+3 7.541410E+2 1.204590E+3 2.792880E+2 1.807170E+2 3.620470E+1
 4.341070E+3 9.404020E+2 1.584750E+3 3.572600E+2 2.606320E+2 5.596500E+1
 5.554810E+3 1.167610E+3 2.060690E+3 4.512600E+2 3.636980E+2 8.131950E+1
 7.974620E+3 1.476610E+3 2.940160E+3 5.762270E+2 5.205690E+2 1.138460E+2
 7.916600E+0 8.139930E-1 3.078430E-1 8.608590E-4 9.513340E-3 3.063470E-6
 1.225410E+1 1.643470E+0 5.135450E-1 2.260820E-3 1.457950E-2 7.434400E-6
 1.819490E+1 2.964630E+0 8.755960E-1 6.007680E-3 2.372680E-2 1.915530E-5
 2.673710E+1 5.073690E+0 1.524170E+0 1.622770E-2 4.051230E-2 5.173980E-5
 3.860260E+1 8.201410E+0 2.710630E+0 4.491340E-2 7.134660E-2 1.439890E-4
 5.526660E+1 1.228900E+1 4.858590E+0 1.232760E-1 1.283830E-1 4.086710E-4
 7.833600E+1 1.802310E+1 8.712090E+0 3.331620E-1 2.364730E-1 1.184490E-3
 1.152720E+2 2.669950E+1 1.578270E+1 8.849810E-1 4.452020E-1 3.491180E-3
 1.739040E+2 4.030530E+1 2.899380E+1 2.306640E+0 8.716910E-1 1.064470E-2
 2.513810E+2 5.844180E+1 5.045630E+1 5.455500E+0 1.739050E+0 3.283210E-2
 3.614550E+2 8.498450E+1 8.377290E+1 1.172380E+1 3.458010E+0 9.953210E-2
 5.024190E+2 1.198840E+2 1.323010E+2 2.264420E+1 6.796760E+0 2.928850E-1
 6.948380E+2 1.675820E+2 2.003910E+2 3.964650E+1 1.288970E+1 8.065650E-1
 9.447280E+2 2.287480E+2 2.918390E+2 6.373320E+1 2.336380E+1 2.045560E+0
 1.271980E+3 3.059600E+2 4.138750E+2 9.551690E+1 4.056790E+1 4.751220E+0
 1.679080E+3 3.971250E+2 5.679880E+2 1.342650E+2 6.636760E+1 9.816610E+0
 2.276060E+3 5.146730E+2 7.825400E+2 1.833720E+2 1.036570E+2 1.834170E+1
 3.021830E+3 6.529350E+2 1.059790E+3 2.413180E+2 1.554180E+2 3.098140E+1
 3.849740E+3 8.108470E+2 1.389920E+3 3.076170E+2 2.235520E+2 4.790330E+1
 4.793610E+3 9.883490E+2 1.772050E+3 3.817980E+2 3.098940E+2 6.860180E+1
 6.866040E+3 1.242980E+3 2.511670E+3 4.848870E+2 4.393150E+2 9.568180E+1
 7.724230E+0 8.017370E-1 3.104930E-1 8.692420E-4 1.014040E-2 3.265430E-6
 1.178030E+1 1.613230E+0 5.067170E-1 2.234390E-3 1.481280E-2 7.553640E-6
 1.746570E+1 2.888760E+0 8.530070E-1 5.888120E-3 2.321110E-2 1.873920E-5
 2.531590E+1 4.862290E+0 1.458690E+0 1.559710E-2 3.855270E-2 4.924580E-5
 3.655380E+1 7.854910E+0 2.538010E+0 4.197640E-2 6.698360E-2 1.352280E-4
 5.233850E+1 1.180960E+1 4.473640E+0 1.135280E-1 1.197840E-1 3.815000E-4
 7.315070E+1 1.698860E+1 7.927480E+0 3.030740E-1 2.185140E-1 1.095320E-3
 1.060590E+2 2.469070E+1 1.414510E+1 7.954500E-1 4.051090E-1 3.181200E-3
 1.574640E+2 3.656110E+1 2.551810E+1 2.034000E+0 7.721710E-1 9.436580E-3
 2.250240E+2 5.264840E+1 4.408580E+1 4.776360E+0 1.507760E+0 2.847610E-2
 3.192150E+2 7.478590E+1 7.266300E+1 1.017180E+1 2.956290E+0 8.511840E-2
 4.457850E+2 1.046690E+2 1.139870E+2 1.945900E+1 5.719990E+0 2.462780E-1
 6.079950E+2 1.451490E+2 1.716370E+2 3.399110E+1 1.079620E+1 6.758770E-1
 8.232150E+2 1.958980E+2 2.490950E+2 5.418110E+1 1.960780E+1 1.718410E+0
 1.092780E+3 2.591610E+2 3.510780E+2 8.054750E+1 3.374260E+1 3.947320E+0
 1.446170E+3 3.356300E+2 4.841720E+2 1.130790E+2 5.529590E+1 8.185150E+0
 1.893290E+3 4.274390E+2 6.526460E+2 1.522170E+2 8.588900E+1 1.517280E+1
 2.481140E+3 5.359510E+2 8.727930E+2 1.980690E+2 1.276090E+2 2.540620E+1
 3.157010E+3 6.648200E+2 1.141530E+3 2.522000E+2 1.833150E+2 3.920720E+1
 4.200180E+3 8.169170E+2 1.518340E+3 3.150820E+2 2.558600E+2 5.633020E+1
 5.685090E+3 1.010540E+3 2.069890E+3 3.940780E+2 3.587290E+2 7.762790E+1
 7.543860E+0 8.019340E-1 3.144940E-1 8.805230E-4 1.120050E-2 3.607020E-6
 1.129040E+1 1.550740E+0 5.028180E-1 2.217640E-3 1.554030E-2 7.926230E-6
 1.694430E+1 2.843380E+0 8.334130E-1 5.767140E-3 2.320650E-2 1.873700E-5
 2.444410E+1 4.756880E+0 1.408100E+0 1.515220E-2 3.712490E-2 4.742520E-5
 3.479090E+1 7.475660E+0 2.415030E+0 3.998710E-2 6.285640E-2 1.269210E-4
 4.904160E+1 1.113130E+1 4.174700E+0 1.057310E-1 1.109980E-1 3.536590E-4
 6.819920E+1 1.588610E+1 7.264390E+0 2.779890E-1 2.011930E-1 1.008760E-3
 9.772780E+1 2.282720E+1 1.274750E+1 7.166000E-1 3.697840E-1 2.907170E-3
 1.428210E+2 3.296890E+1 2.258120E+1 1.802500E+0 6.901000E-1 8.448780E-3
 2.022760E+2 4.688150E+1 3.846760E+1 4.170620E+0 1.318980E+0 2.491930E-2
 2.841810E+2 6.567040E+1 6.286210E+1 8.808490E+0 2.542920E+0 7.323450E-2
 3.930740E+2 9.153400E+1 9.845930E+1 1.677420E+1 4.866740E+0 2.095980E-1
 5.341430E+2 1.255710E+2 1.478830E+2 2.910520E+1 9.091650E+0 5.685110E-1
 7.190900E+2 1.677040E+2 2.128860E+2 4.607370E+1 1.638600E+1 1.436610E+0
 9.436130E+2 2.201130E+2 2.989950E+2 6.806540E+1 2.811990E+1 3.288170E+0
 1.246810E+3 2.838180E+2 4.107920E+2 9.531710E+1 4.604290E+1 6.807880E+0
 1.667380E+3 3.621670E+2 5.625340E+2 1.284680E+2 7.168700E+1 1.263370E+1
 2.128260E+3 4.470530E+2 7.392190E+2 1.649060E+2 1.058090E+2 2.102980E+1
 2.757480E+3 5.493840E+2 9.728470E+2 2.080460E+2 1.511730E+2 3.219870E+1
 3.423040E+3 6.675890E+2 1.240850E+3 2.575070E+2 2.093720E+2 4.600110E+1
 4.749200E+3 8.242420E+2 1.713350E+3 3.212840E+2 2.932400E+2 6.318040E+1
 7.366390E+0 7.780160E-1 3.202860E-1 8.972420E-4 1.248350E-2 4.019980E-6
 1.111340E+1 1.521400E+0 4.993110E-1 2.202690E-3 1.659820E-2 8.466570E-6
 1.637250E+1 2.786730E+0 8.160000E-1 5.653370E-3 2.376630E-2 1.918880E-5
 2.341250E+1 4.544200E+0 1.373230E+0 1.483760E-2 3.659490E-2 4.674850E-5
 3.341600E+1 7.177970E+0 2.330440E+0 3.874490E-2 6.014680E-2 1.214630E-4
 4.660080E+1 1.059090E+1 3.989690E+0 1.010990E-1 1.041370E-1 3.318660E-4
 6.509750E+1 1.505580E+1 6.846450E+0 2.615450E-1 1.869840E-1 9.379530E-4
 9.160470E+1 2.136300E+1 1.181640E+1 6.636410E-1 3.428060E-1 2.695930E-3
 1.318930E+2 3.053580E+1 2.053700E+1 1.640770E+0 6.335150E-1 7.763980E-3
 1.857390E+2 4.306540E+1 3.463430E+1 3.763130E+0 1.189740E+0 2.249230E-2
 2.577470E+2 5.953530E+1 5.609120E+1 7.846930E+0 2.265820E+0 6.522360E-2
 3.528850E+2 8.141610E+1 8.711760E+1 1.481700E+1 4.287260E+0 1.844880E-1
 4.783210E+2 1.111230E+2 1.300350E+2 2.561390E+1 7.955640E+0 4.981570E-1
 6.375670E+2 1.477900E+2 1.874130E+2 4.040670E+1 1.423960E+1 1.248570E+0
 8.430820E+2 1.926120E+2 2.621400E+2 5.933730E+1 2.432230E+1 2.843630E+0
 1.101350E+3 2.467480E+2 3.591220E+2 8.260370E+1 3.952250E+1 5.843350E+0
 1.420820E+3 3.085900E+2 4.803740E+2 1.094180E+2 6.113170E+1 1.075730E+1
 1.861150E+3 3.841870E+2 6.419050E+2 1.415640E+2 9.057220E+1 1.796290E+1
 2.388460E+3 4.707660E+2 8.426690E+2 1.781240E+2 1.295640E+2 2.745030E+1
 3.151790E+3 5.771920E+2 1.107900E+3 2.222520E+2 1.786410E+2 3.950620E+1
 4.088920E+3 6.978990E+2 1.465440E+3 2.719490E+2 2.485300E+2 5.341100E+1
 7.211410E+0 7.686060E-1 3.314020E-1 9.287030E-4 1.438220E-2 4.630530E-6
 1.088320E+1 1.526730E+0 5.001080E-1 2.207920E-3 1.826370E-2 9.315610E-6
 1.577390E+1 2.671690E+0 7.977480E-1 5.526510E-3 2.498410E-2 2.017380E-5
 2.270640E+1 4.438870E+0 1.325780E+0 1.433790E-2 3.685840E-2 4.708680E-5
 3.193610E+1 6.916900E+0 2.247030E+0 3.756060E-2 5.834400E-2 1.178180E-4
 4.469660E+1 1.021890E+1 3.818440E+0 9.682570E-2 9.814330E-2 3.127940E-4
 6.164440E+1 1.430550E+1 6.484650E+0 2.472550E-1 1.730030E-1 8.680480E-4
 8.565010E+1 2.014630E+1 1.100070E+1 6.190350E-1 3.146030E-1 2.475130E-3
 1.218110E+2 2.800520E+1 1.867650E+1 1.487300E+0 5.797290E-1 7.109210E-3
 1.689350E+2 3.905990E+1 3.116680E+1 3.393660E+0 1.076980E+0 2.039320E-2
 2.334430E+2 5.359310E+1 5.007120E+1 7.012200E+0 2.015510E+0 5.808400E-2
 3.183440E+2 7.279340E+1 7.710230E+1 1.311870E+1 3.776680E+0 1.626040E-1
 4.252440E+2 9.808280E+1 1.142510E+2 2.246250E+1 6.937620E+0 4.344970E-1
 5.642570E+2 1.291400E+2 1.637800E+2 3.516510E+1 1.230950E+1 1.079180E+0
 7.464850E+2 1.670570E+2 2.283920E+2 5.135200E+1 2.092820E+1 2.448460E+0
 9.650760E+2 2.119360E+2 3.106450E+2 7.088050E+1 3.384730E+1 5.002020E+0
 1.237930E+3 2.648650E+2 4.149090E+2 9.382400E+1 5.214080E+1 9.166710E+0
 1.653290E+3 3.270530E+2 5.561660E+2 1.202890E+2 7.693930E+1 1.521090E+1
 2.072750E+3 4.002320E+2 7.246880E+2 1.513060E+2 1.100480E+2 2.325630E+1
 2.578620E+3 4.808760E+2 9.212760E+2 1.852310E+2 1.511800E+2 3.290830E+1
 3.493310E+3 5.864940E+2 1.244190E+3 2.284780E+2 2.093030E+2 4.484410E+1
 7.231550E+0 7.707860E-1 3.556290E-1 9.960070E-4 1.786280E-2 5.751250E-6
 1.069350E+1 1.495240E+0 5.117040E-1 2.259400E-3 2.131750E-2 1.087250E-5
 1.543690E+1 2.633410E+0 7.859090E-1 5.451470E-3 2.752060E-2 2.222530E-5
 2.195370E+1 4.300260E+0 1.270970E+0 1.376050E-2 3.841870E-2 4.908250E-5
 3.087740E+1 6.740510E+0 2.131520E+0 3.576440E-2 5.785310E-2 1.168340E-4
 4.248180E+1 9.617990E+0 3.617220E+0 9.246110E-2 9.326840E-2 2.972840E-4
 5.805990E+1 1.345370E+1 6.099970E+0 2.332490E-1 1.591150E-1 7.985240E-4
 8.014520E+1 1.872290E+1 1.016020E+1 5.689320E-1 2.833830E-1 2.230380E-3
 1.116060E+2 2.581970E+1 1.690010E+1 1.348200E+0 5.180510E-1 6.354560E-3
 1.528980E+2 3.487450E+1 2.755070E+1 2.984180E+0 9.567090E-1 1.813520E-2
 2.081450E+2 4.737940E+1 4.380030E+1 6.123800E+0 1.765690E+0 5.095740E-2
 2.790450E+2 6.364720E+1 6.680260E+1 1.138900E+1 3.252870E+0 1.401360E-1
 3.734030E+2 8.472070E+1 9.829780E+1 1.927820E+1 5.904340E+0 3.696500E-1
 4.900470E+2 1.106990E+2 1.399470E+2 2.998870E+1 1.040480E+1 9.117500E-1
 6.406430E+2 1.414030E+2 1.933930E+2 4.332480E+1 1.754860E+1 2.052950E+0
 8.265590E+2 1.781630E+2 2.627790E+2 5.940130E+1 2.819820E+1 4.164250E+0
 1.132340E+3 1.984800E+2 3.576900E+2 6.989230E+1 4.289500E+1 7.115830E+0
 1.370280E+3 2.705430E+2 4.604010E+2 9.945670E+1 6.346560E+1 1.253080E+1
 1.727580E+3 3.276840E+2 5.976360E+2 1.238060E+2 8.995410E+1 1.899340E+1
 2.165090E+3 3.936810E+2 7.633310E+2 1.515600E+2 1.239180E+2 2.685850E+1
 2.896630E+3 4.759140E+2 1.021740E+3 1.853430E+2 1.700140E+2 3.634220E+1
 7.260660E+0 7.797420E-1 3.950540E-1 1.106520E-3 2.418550E-2 7.783040E-6
 1.075320E+1 1.507480E+0 5.408230E-1 2.388790E-3 2.635350E-2 1.343600E-5
 1.518290E+1 2.578940E+0 7.922580E-1 5.498250E-3 3.174960E-2 2.563820E-5
 2.141490E+1 4.279870E+0 1.233380E+0 1.335860E-2 4.168920E-2 5.326550E-5
 2.986090E+1 6.469500E+0 2.015170E+0 3.383480E-2 5.939210E-2 1.199500E-4
 4.091330E+1 9.401410E+0 3.382150E+0 8.693330E-2 9.122450E-2 2.907780E-4
 5.570050E+1 1.286400E+1 5.695470E+0 2.190850E-1 1.495170E-1 7.504380E-4
 7.515050E+1 1.745180E+1 9.422950E+0 5.279240E-1 2.579830E-1 2.031220E-3
 1.024360E+2 2.348690E+1 1.538520E+1 1.225030E+0 4.620610E-1 5.671870E-3
 1.393850E+2 3.137850E+1 2.463810E+1 2.661940E+0 8.452230E-1 1.602960E-2
 1.863940E+2 4.195190E+1 3.857000E+1 5.381610E+0 1.552460E+0 4.486830E-2
 2.475000E+2 5.568970E+1 5.823240E+1 9.900120E+0 2.824400E+0 1.219010E-1
 3.278400E+2 7.322790E+1 8.506790E+1 1.657610E+1 5.058840E+0 3.168160E-1
 4.247810E+2 9.422940E+1 1.195820E+2 2.541410E+1 8.792080E+0 7.692500E-1
 5.491840E+2 1.198850E+2 1.647060E+2 3.662210E+1 1.472690E+1 1.721980E+0
 7.120200E+2 1.494050E+2 2.222390E+2 4.969760E+1 2.351520E+1 3.466690E+0
 9.265910E+2 1.845690E+2 2.960810E+2 6.505270E+1 3.589320E+1 6.295270E+0
 1.192720E+3 2.243890E+2 3.901020E+2 8.230420E+1 5.247140E+1 1.031740E+1
 1.471710E+3 2.696410E+2 5.007250E+2 1.017590E+2 7.400690E+1 1.556280E+1
 1.915560E+3 3.237740E+2 6.546820E+2 1.244440E+2 1.021050E+2 2.198060E+1
 2.397330E+3 3.871010E+2 8.385970E+2 1.507140E+2 1.385210E+2 2.952660E+1
 7.474990E+0 7.782270E-1 4.416600E-1 1.236070E-3 3.739210E-2 1.202410E-5
 1.061680E+1 1.474210E+0 5.807630E-1 2.563850E-3 3.378000E-2 1.722540E-5
 1.517290E+1 2.605230E+0 8.167660E-1 5.667800E-3 3.738210E-2 3.018370E-5
 2.130200E+1 4.221650E+0 1.225790E+0 1.328880E-2 4.618200E-2 5.900790E-5
 2.925990E+1 6.502720E+0 1.942080E+0 3.263220E-2 6.249520E-2 1.262210E-4
 3.950780E+1 9.108470E+0 3.197340E+0 8.223140E-2 9.181710E-2 2.927010E-4
 5.374530E+1 1.249150E+1 5.342450E+0 2.064950E-1 1.449420E-1 7.275160E-4
 7.208940E+1 1.651070E+1 8.856070E+0 4.985820E-1 2.426760E-1 1.910700E-3
 9.631540E+1 2.203010E+1 1.432770E+1 1.140670E+0 4.244240E-1 5.211460E-3
 1.284750E+2 2.898250E+1 2.264280E+1 2.445380E+0 7.636760E-1 1.448890E-2
 1.712560E+2 3.824280E+1 3.491850E+1 4.860320E+0 1.390900E+0 4.022340E-2
 2.247450E+2 4.981670E+1 5.210820E+1 8.798730E+0 2.518530E+0 1.088130E-1
 2.943240E+2 6.496700E+1 7.534810E+1 1.462950E+1 4.472610E+0 2.802860E-1
 3.820780E+2 8.313300E+1 1.055550E+2 2.234530E+1 7.711840E+0 6.756290E-1
 4.900100E+2 1.047270E+2 1.445060E+2 3.188710E+1 1.280270E+1 1.495650E+0
 6.239080E+2 1.298340E+2 1.934960E+2 4.312480E+1 2.034450E+1 2.998650E+0
 7.963370E+2 1.588880E+2 2.554420E+2 5.597960E+1 3.082720E+1 5.405050E+0
 1.018950E+3 1.921740E+2 3.347980E+2 7.048640E+1 4.487690E+1 8.819210E+0
 1.294810E+3 2.300680E+2 4.313390E+2 8.676860E+1 6.307590E+1 1.324660E+1
 1.638760E+3 2.741000E+2 5.543260E+2 1.053490E+2 8.646740E+1 1.861020E+1
 2.066360E+3 3.275740E+2 7.163840E+2 1.275040E+2 1.173900E+2 2.496150E+1
 7.696980E+0 8.152830E-1 5.099590E-1 1.426930E-3 0.000000E+6 0.000000E+6
 1.092880E+1 1.512880E+0 6.423500E-1 2.834160E-3 5.501510E-2 2.803020E-5
 1.522280E+1 2.602670E+0 8.647900E-1 5.999440E-3 4.806700E-2 3.881110E-5
 2.123370E+1 4.218710E+0 1.244380E+0 1.349140E-2 5.388840E-2 6.884750E-5
 2.886560E+1 6.256910E+0 1.901070E+0 3.194070E-2 6.823200E-2 1.378170E-4
 3.876900E+1 8.845510E+0 3.040040E+0 7.823630E-2 9.500090E-2 3.028390E-4
 5.147540E+1 1.183550E+1 4.988260E+0 1.929290E-1 1.434470E-1 7.200180E-4
 6.844450E+1 1.567010E+1 8.215860E+0 4.655510E-1 2.316370E-1 1.823960E-3
 9.046290E+1 2.045580E+1 1.325850E+1 1.057810E+0 3.937300E-1 4.835350E-3
 1.193600E+2 2.661110E+1 2.080440E+1 2.247480E+0 6.929970E-1 1.315200E-2
 1.562900E+2 3.425880E+1 3.163520E+1 4.376970E+0 1.244180E+0 3.601450E-2
 2.042270E+2 4.486310E+1 4.676690E+1 7.896530E+0 2.233540E+0 9.661820E-2
 2.678310E+2 5.765440E+1 6.692110E+1 1.293600E+1 3.934560E+0 2.469530E-1
 3.404710E+2 7.290190E+1 9.306520E+1 1.956040E+1 6.735480E+0 5.903170E-1
 4.360530E+2 9.105370E+1 1.265290E+2 2.766400E+1 1.109050E+1 1.295540E+0
 5.607350E+2 1.121540E+2 1.685520E+2 3.715150E+1 1.750220E+1 2.578040E+0
 7.129860E+2 1.339580E+2 2.203220E+2 4.702340E+1 2.611060E+1 4.504550E+0
 8.986940E+2 1.637760E+2 2.879690E+2 6.000560E+1 3.818920E+1 7.506800E+0
 1.089930E+3 1.953320E+2 3.666480E+2 7.367630E+1 5.360700E+1 1.123420E+1
 1.401130E+3 2.319770E+2 4.726090E+2 8.912690E+1 7.326260E+1 1.572090E+1
 1.796990E+3 2.756640E+2 6.119870E+2 1.072540E+2 9.889830E+1 2.098680E+1
 8.270530E+0 8.591490E-1 6.360760E-1 1.776600E-3 0.000000E+6 0.000000E+6
 1.136650E+1 1.538890E+0 7.531010E-1 3.320580E-3 0.000000E+6 0.000000E+6
 1.578720E+1 2.651500E+0 9.603320E-1 6.657760E-3 1.106050E-1 8.924210E-5
 2.101290E+1 4.157820E+0 1.310140E+0 1.420590E-2 7.383980E-2 9.432660E-5
 2.820470E+1 6.068510E+0 1.906030E+0 3.203890E-2 8.121230E-2 1.640150E-4
 3.784830E+1 8.543790E+0 2.926950E+0 7.539000E-2 1.037200E-1 3.306580E-4
 4.939510E+1 1.131860E+1 4.653150E+0 1.803220E-1 1.467600E-1 7.366790E-4
 6.506010E+1 1.469750E+1 7.504090E+0 4.264430E-1 2.251180E-1 1.772790E-3
 8.498850E+1 1.900800E+1 1.200510E+1 9.645010E-1 3.675910E-1 4.514540E-3
 1.110370E+2 2.427030E+1 1.871300E+1 2.024470E+0 6.271230E-1 1.190590E-2
 1.431350E+2 3.097670E+1 2.820010E+1 3.909900E+0 1.097500E+0 3.177000E-2
 1.839400E+2 3.935530E+1 4.111130E+1 6.897300E+0 1.934580E+0 8.368230E-2
 2.340930E+2 4.994750E+1 5.816690E+1 1.119240E+1 3.385440E+0 2.129190E-1
 2.969300E+2 6.252500E+1 8.016420E+1 1.673240E+1 5.748490E+0 5.049680E-1
 3.849040E+2 7.763960E+1 1.083420E+2 2.350230E+1 9.396280E+0 1.099150E+0
 4.726720E+2 9.405290E+1 1.418400E+2 3.112760E+1 1.466020E+1 2.158870E+0
 5.906950E+2 1.133670E+2 1.855220E+2 3.985690E+1 2.194900E+1 3.836820E+0
 7.598550E+2 1.357240E+2 2.411690E+2 4.967920E+1 3.165720E+1 6.198810E+0
 9.107390E+2 1.606410E+2 3.050660E+2 6.057660E+1 4.414490E+1 9.232220E+0
 1.184580E+3 1.903860E+2 3.948890E+2 7.310190E+1 6.031670E+1 1.286930E+1
 1.479880E+3 2.246220E+2 5.018320E+2 8.738300E+1 8.075240E+1 1.708910E+1
 9.179510E+0 9.533990E-1 8.746240E-1 2.437130E-3 0.000000E+6 0.000000E+6
 1.232670E+1 1.676640E+0 9.405590E-1 4.140040E-3 0.000000E+6 0.000000E+6
 1.640140E+1 2.720510E+0 1.116000E+0 7.728750E-3 0.000000E+6 0.000000E+6
 2.166210E+1 4.180470E+0 1.433760E+0 1.554680E-2 0.000000E+6 0.000000E+6
 2.838310E+1 6.103130E+0 1.980140E+0 3.329280E-2 1.165370E-1 2.353240E-4
 3.696890E+1 8.233200E+0 2.900700E+0 7.473120E-2 1.231300E-1 3.925840E-4
 4.797170E+1 1.078800E+1 4.435960E+0 1.719530E-1 1.581680E-1 7.940100E-4
 6.177760E+1 1.375180E+1 6.944420E+0 3.947750E-1 2.270270E-1 1.787850E-3
 7.970820E+1 1.744130E+1 1.088990E+1 8.779550E-1 3.527460E-1 4.332760E-3
 1.028480E+2 2.218210E+1 1.676640E+1 1.823630E+0 5.796260E-1 1.100610E-2
 1.308500E+2 2.769730E+1 2.503080E+1 3.479830E+0 9.858850E-1 2.854860E-2
 1.659810E+2 3.495940E+1 3.620520E+1 6.078960E+0 1.700700E+0 7.360260E-2
 2.103630E+2 4.362120E+1 5.065070E+1 9.720000E+0 2.918950E+0 1.834700E-1
 2.629700E+2 5.377830E+1 6.907780E+1 1.433770E+1 4.898910E+0 4.304610E-1
 3.335830E+2 6.576840E+1 9.228730E+1 1.987490E+1 7.934370E+0 9.285460E-1
 4.158660E+2 7.953510E+1 1.214430E+2 2.626820E+1 1.235790E+1 1.820920E+0
 5.376760E+2 9.627180E+1 1.602210E+2 3.370920E+1 1.845270E+1 3.226240E+0
 6.409110E+2 1.128150E+2 2.016930E+2 4.129760E+1 2.634000E+1 5.158560E+0
 8.214700E+2 1.340440E+2 2.609670E+2 5.042300E+1 3.669090E+1 7.653110E+0
 9.877470E+2 1.562160E+2 3.249840E+2 5.998180E+1 4.944160E+1 1.057080E+1
 1.225690E+3 1.841580E+2 4.142210E+2 7.163410E+1 6.624360E+1 1.400640E+1
 1.032570E+1 1.085370E+0 1.455130E+0 4.033440E-3 0.000000E+6 0.000000E+6
 1.348500E+1 1.846690E+0 1.227320E+0 5.397290E-3 0.000000E+6 0.000000E+6
 1.760170E+1 2.959030E+0 1.329060E+0 9.212320E-3 0.000000E+6 0.000000E+6
 2.263690E+1 4.405260E+0 1.604530E+0 1.740190E-2 0.000000E+6 0.000000E+6
 2.922360E+1 6.207900E+0 2.102200E+0 3.534910E-2 0.000000E+6 0.000000E+6
 3.713050E+1 8.304320E+0 2.952460E+0 7.610360E-2 1.688630E-1 5.382190E-4
 4.757580E+1 1.072290E+1 4.358510E+0 1.691000E-1 1.799530E-1 9.033630E-4
 6.024160E+1 1.331350E+1 6.625410E+0 3.765380E-1 2.376210E-1 1.871270E-3
 7.671060E+1 1.650410E+1 1.015980E+1 8.181300E-1 3.500000E-1 4.299240E-3
 9.724530E+1 2.059350E+1 1.540580E+1 1.681090E+0 5.537380E-1 1.051520E-2
 1.231910E+2 2.552640E+1 2.276030E+1 3.175800E+0 9.160040E-1 2.652810E-2
 1.544110E+2 3.168800E+1 3.262450E+1 5.491850E+0 1.547530E+0 6.699370E-2
 1.924560E+2 3.895980E+1 4.530080E+1 8.676260E+0 2.614590E+0 1.644030E-1
 2.412490E+2 4.775800E+1 6.134210E+1 1.269860E+1 4.336590E+0 3.811220E-1
 2.961200E+2 5.779470E+1 8.139600E+1 1.746920E+1 6.962740E+0 8.154030E-1
 3.725950E+2 6.930720E+1 1.062180E+2 2.287930E+1 1.074950E+1 1.584480E+0
 4.577420E+2 8.251300E+1 1.374160E+2 2.893780E+1 1.590780E+1 2.781660E+0
 5.571280E+2 9.729820E+1 1.753030E+2 3.561020E+1 2.272000E+1 4.447110E+0
 7.106090E+2 1.149800E+2 2.250720E+2 4.324730E+1 3.151070E+1 6.565900E+0
 8.603220E+2 1.336990E+2 2.811850E+2 5.131680E+1 4.244280E+1 9.039460E+0
 1.064400E+3 1.567440E+2 3.554480E+2 6.096200E+1 5.645530E+1 1.192080E+1
 1.174100E+1 1.307230E+0 0.000000E+6 0.000000E+6 0.000000E+6 0.000000E+6
 1.542300E+1 2.147930E+0 2.296020E+0 1.005640E-2 0.000000E+6 0.000000E+6
 1.940940E+1 3.320910E+0 1.757760E+0 1.215450E-2 0.000000E+6 0.000000E+6
 2.445940E+1 4.766490E+0 1.901660E+0 2.060260E-2 0.000000E+6 0.000000E+6
 3.074420E+1 6.547920E+0 2.325910E+0 3.911290E-2 0.000000E+6 0.000000E+6
 3.837130E+1 8.524910E+0 3.091130E+0 7.965990E-2 0.000000E+6 0.000000E+6
 4.784770E+1 1.066690E+1 4.372860E+0 1.696810E-1 2.540410E-1 1.275480E-3
 5.978940E+1 1.309820E+1 6.428230E+0 3.660220E-1 2.668190E-1 2.101350E-3
 7.451720E+1 1.591970E+1 9.588360E+0 7.721580E-1 3.599160E-1 4.421200E-3
 9.316940E+1 1.935910E+1 1.423850E+1 1.553780E+0 5.401100E-1 1.025640E-2
 1.157800E+2 2.359500E+1 2.074090E+1 2.898700E+0 8.619770E-1 2.496570E-2
 1.431710E+2 2.880070E+1 2.938140E+1 4.953770E+0 1.419250E+0 6.144420E-2
 1.772800E+2 3.510420E+1 4.049050E+1 7.766520E+0 2.352980E+0 1.480010E-1
 2.189790E+2 4.244480E+1 5.438770E+1 1.125790E+1 3.847000E+0 3.381940E-1
 2.695880E+2 5.089530E+1 7.167780E+1 1.534360E+1 6.108870E+0 7.154560E-1
 3.283680E+2 6.051210E+1 9.298300E+1 1.994920E+1 9.353860E+0 1.379750E+0
 4.073890E+2 7.141270E+1 1.194980E+2 2.502090E+1 1.375230E+1 2.404380E+0
 5.092280E+2 8.409040E+1 1.528740E+2 3.070210E+1 1.951550E+1 3.821780E+0
 6.213970E+2 9.831710E+1 1.935850E+2 3.696500E+1 2.694440E+1 5.612600E+0
 7.520980E+2 1.140520E+2 2.418530E+2 4.375930E+1 3.619200E+1 7.701350E+0
 9.191900E+2 1.329500E+2 3.032820E+2 5.169660E+1 4.790580E+1 1.010700E+1
 1.432500E+1 1.641210E+0 0.000000E+6 0.000000E+6 0.000000E+6 0.000000E+6
 1.775320E+1 2.626310E+0 0.000000E+6 0.000000E+6 0.000000E+6 0.000000E+6
 2.170710E+1 3.909670E+0 0.000000E+6 0.000000E+6 0.000000E+6 0.000000E+6
 2.784360E+1 5.570190E+0 2.764250E+0 2.980940E-2 0.000000E+6 0.000000E+6
 3.366550E+1 7.242410E+0 2.850020E+0 4.790330E-2 0.000000E+6 0.000000E+6
 4.089560E+1 9.038840E+0 3.450270E+0 8.892990E-2 0.000000E+6 0.000000E+6
 4.963840E+1 1.101510E+1 4.560520E+0 1.770740E-1 0.000000E+6 0.000000E+6
 6.036820E+1 1.301510E+1 6.383950E+0 3.638320E-1 5.299500E-1 4.175230E-3
 7.351750E+1 1.544270E+1 9.163220E+0 7.389090E-1 4.127760E-1 5.071260E-3
 8.999000E+1 1.824530E+1 1.319800E+1 1.440110E+0 5.496930E-1 1.043810E-2
 1.096750E+2 2.172040E+1 1.880410E+1 2.629520E+0 8.241610E-1 2.387100E-2
 1.341760E+2 2.604530E+1 2.621140E+1 4.422620E+0 1.304130E+0 5.646720E-2
 1.628120E+2 3.112950E+1 3.560270E+1 6.832450E+0 2.102570E+0 1.322670E-1
 1.983870E+2 3.714310E+1 4.734300E+1 9.795270E+0 3.369370E+0 2.963270E-1
 2.474890E+2 4.424150E+1 6.211710E+1 1.324940E+1 5.272500E+0 6.178470E-1
 2.945170E+2 5.176310E+1 7.957560E+1 1.701310E+1 7.974980E+0 1.176130E+0
 3.580840E+2 6.046570E+1 1.013190E+2 2.114580E+1 1.161400E+1 2.031450E+0
 4.382600E+2 7.071900E+1 1.290660E+2 2.579980E+1 1.639190E+1 3.209350E+0
 5.249640E+2 8.174310E+1 1.614620E+2 3.072790E+1 2.240980E+1 4.667040E+0
 6.439360E+2 9.464980E+1 2.021350E+2 3.628990E+1 2.999090E+1 6.381220E+0
 7.775710E+2 1.095450E+2 2.515300E+2 4.258270E+1 3.947480E+1 8.322110E+0
 1.773740E+1 2.065990E+0 0.000000E+6 0.000000E+6 0.000000E+6 0.000000E+6
 2.150390E+1 3.222950E+0 0.000000E+6 0.000000E+6 0.000000E+6 0.000000E+6
 2.563700E+1 4.669890E+0 0.000000E+6 0.000000E+6 0.000000E+6 0.000000E+6
 3.037770E+1 6.291380E+0 0.000000E+6 0.000000E+6 0.000000E+6 0.000000E+6
 3.732750E+1 8.007950E+0 4.716450E+0 7.908380E-2 0.000000E+6 0.000000E+6
 4.397240E+1 9.689350E+0 4.293960E+0 1.104190E-1 0.000000E+6 0.000000E+6
 5.175450E+1 1.131040E+1 5.079980E+0 1.972480E-1 0.000000E+6 0.000000E+6
 6.128580E+1 1.298350E+1 6.610400E+0 3.768850E-1 0.000000E+6 0.000000E+6
 7.293530E+1 1.495620E+1 9.029770E+0 7.287680E-1 0.000000E+6 0.000000E+6
 8.718920E+1 1.723280E+1 1.255430E+1 1.371010E+0 6.516060E-1 1.237700E-2
 1.043870E+2 2.007680E+1 1.737790E+1 2.430080E+0 8.319420E-1 2.409880E-2
 1.250770E+2 2.353670E+1 2.370400E+1 3.994750E+0 1.232810E+0 5.337560E-2
 1.496740E+2 2.772670E+1 3.166850E+1 6.071720E+0 1.913340E+0 1.203810E-1
 1.804870E+2 3.263220E+1 4.155140E+1 8.587320E+0 2.989460E+0 2.629390E-1
 2.167050E+2 3.818850E+1 5.365480E+1 1.144240E+1 4.591370E+0 5.381360E-1
 2.589420E+2 4.442890E+1 6.838310E+1 1.458120E+1 6.853890E+0 1.010980E+0
 3.122650E+2 5.146160E+1 8.628770E+1 1.797850E+1 9.873420E+0 1.726770E+0
 3.773180E+2 5.956500E+1 1.089820E+2 2.172020E+1 1.380740E+1 2.702960E+0
 4.511960E+2 6.844070E+1 1.356030E+2 2.570910E+1 1.874250E+1 3.902950E+0
 5.510910E+2 7.886780E+1 1.693380E+2 3.022320E+1 2.496180E+1 5.309070E+0
 6.612610E+2 9.061030E+1 2.094020E+2 3.520950E+1 3.265040E+1 6.877210E+0
 2.116240E+1 2.513050E+0 0.000000E+6 0.000000E+6 0.000000E+6 0.000000E+6
 2.523690E+1 3.847120E+0 0.000000E+6 0.000000E+6 0.000000E+6 0.000000E+6
 2.952630E+1 5.411760E+0 0.000000E+6 0.000000E+6 0.000000E+6 0.000000E+6
 3.412760E+1 7.100100E+0 0.000000E+6 0.000000E+6 0.000000E+6 0.000000E+6
 3.885100E+1 8.726990E+0 0.000000E+6 0.000000E+6 0.000000E+6 0.000000E+6
 4.688190E+1 1.023020E+1 7.603530E+0 1.954030E-1 0.000000E+6 0.000000E+6
 5.390820E+1 1.164980E+1 6.156270E+0 2.389580E-1 0.000000E+6 0.000000E+6
 6.235060E+1 1.308580E+1 7.191240E+0 4.099110E-1 0.000000E+6 0.000000E+6
 7.259380E+1 1.462050E+1 9.240370E+0 7.462490E-1 0.000000E+6 0.000000E+6
 8.524380E+1 1.656100E+1 1.232030E+1 1.345650E+0 0.000000E+6 0.000000E+6
 1.002360E+2 1.891250E+1 1.659360E+1 2.320150E+0 9.836170E-1 2.847440E-2
 1.183110E+2 2.185660E+1 2.213460E+1 3.731910E+0 1.228740E+0 5.320530E-2
 1.404170E+2 2.540980E+1 2.908270E+1 5.572530E+0 1.805900E+0 1.136240E-1
 1.656880E+2 2.951830E+1 3.763630E+1 7.768490E+0 2.740370E+0 2.411070E-1
 1.969450E+2 3.416220E+1 4.805920E+1 1.023480E+1 4.131240E+0 4.843410E-1
 2.350220E+2 3.940970E+1 6.071390E+1 1.292570E+1 6.087620E+0 8.980070E-1
 2.782850E+2 4.520640E+1 7.588700E+1 1.578900E+1 8.682270E+0 1.518430E+0
 3.330080E+2 5.179630E+1 9.476910E+1 1.888320E+1 1.200590E+1 2.350850E+0
 3.959690E+2 5.919610E+1 1.175810E+2 2.223510E+1 1.620830E+1 3.374660E+0
 4.750960E+2 6.769270E+1 1.452630E+2 2.594290E+1 2.143070E+1 4.557460E+0
 5.720020E+2 7.757420E+1 1.796920E+2 3.014080E+1 2.795870E+1 5.885750E+0
---