PdfType: central
Format: lhagrid1
---
 1.000000E-6 1.700000E-6 3.200000E-6 6.000000E-6 1.000000E-5 1.700000E-5 3.200000E-5 6.000000E-5 1.000000E-4 1.700000E-4 3.200000E-4 6.000000E-4 1.000000E-3 1.700000E-3 3.200000E-3 6.000000E-3 1.000000E-2 1.700000E-2 3.200000E-2 6.000000E-2 1.000000E-1
 3.162278E-1 3.981068E-1 5.011876E-1 6.309572E-1 7.943280E-1 1.000000E+0 1.258924E+0 1.584894E+0 1.995262E+0 2.511886E+0 3.162278E+0 3.981068E+0 5.011876E+0 6.309572E+0 7.943280E+0 1.000000E+1 1.258924E+1 1.584894E+1 1.995262E+1 2.511886E+1 3.162278E+1
900 901 917 918 920 921
 1.551790E+1 1.062160E+0 9.207620E-1 2.342220E-3 2.035700E-2 6.493450E-6
 2.375200E+1 2.154300E+0 1.590270E+0 6.360220E-3 3.820630E-2 1.919200E-5
 3.527480E+1 3.834150E+0 2.744740E+0 1.715710E-2 7.122660E-2 5.632590E-5
 5.213770E+1 6.588730E+0 4.733420E+0 4.605190E-2 1.316930E-1 1.637250E-4
 7.555220E+1 1.043270E+1 8.074050E+0 1.210950E-1 2.414720E-1 4.711110E-4
 1.093980E+2 1.634250E+1 1.362200E+1 3.114130E-1 4.394630E-1 1.345220E-3
 1.563830E+2 2.465710E+1 2.259920E+1 7.790270E-1 7.962220E-1 3.824460E-3
 2.225320E+2 3.711220E+1 3.661620E+1 1.858270E+0 1.431230E+0 1.074390E-2
 3.121040E+2 5.472690E+1 5.766970E+1 4.178170E+0 2.550260E+0 2.974630E-2
 4.286740E+2 8.020200E+1 8.725690E+1 8.689080E+0 4.476360E+0 8.060340E-2
 5.805710E+2 1.169040E+2 1.275730E+2 1.666000E+1 7.725940E+0 2.118100E-1
 7.669130E+2 1.648760E+2 1.788630E+2 2.901680E+1 1.295620E+1 5.305250E-1
 9.968780E+2 2.273180E+2 2.425880E+2 4.652390E+1 2.110830E+1 1.259270E+0
 1.260850E+3 3.016410E+2 3.179830E+2 6.862060E+1 3.308540E+1 2.777940E+0
 1.567070E+3 3.873360E+2 4.054370E+2 9.478080E+1 4.947400E+1 5.599160E+0
 1.919200E+3 4.768460E+2 5.049910E+2 1.226600E+2 7.045080E+1 1.018370E+1
 2.412790E+3 5.908950E+2 6.408840E+2 1.570010E+2 9.782330E+1 1.709070E+1
 2.739350E+3 6.658090E+2 7.387570E+2 1.813080E+2 1.249000E+2 2.498090E+1
 3.205220E+3 7.610340E+2 8.727070E+2 2.104940E+2 1.574270E+2 3.438670E+1
 3.708170E+3 8.502640E+2 1.016740E+3 2.376780E+2 1.927990E+2 4.405390E+1
 4.342070E+3 9.449850E+2 1.194270E+3 2.660030E+2 2.335680E+2 5.392640E+1
 1.497860E+1 1.077010E+0 8.212640E-1 2.113700E-3 1.660510E-2 5.328530E-6
 2.251260E+1 2.101850E+0 1.417240E+0 5.698260E-3 3.138670E-2 1.586660E-5
 3.333390E+1 3.761020E+0 2.447170E+0 1.545560E-2 5.891310E-2 4.688460E-5
 4.868120E+1 6.316710E+0 4.210880E+0 4.132360E-2 1.097430E-1 1.373850E-4
 7.088200E+1 1.020840E+1 7.215190E+0 1.094040E-1 2.024930E-1 3.979540E-4
 1.011230E+2 1.552180E+1 1.217550E+1 2.814200E-1 3.707500E-1 1.141880E-3
 1.449970E+2 2.337980E+1 2.022240E+1 7.025240E-1 6.737800E-1 3.252960E-3
 2.042570E+2 3.448550E+1 3.277010E+1 1.676850E+0 1.216350E+0 9.180730E-3
 2.838940E+2 5.061800E+1 5.148580E+1 3.763380E+0 2.171150E+0 2.546460E-2
 3.896640E+2 7.344650E+1 7.797020E+1 7.815320E+0 3.828500E+0 6.925010E-2
 5.243500E+2 1.063480E+2 1.139520E+2 1.496450E+1 6.624720E+0 1.825010E-1
 6.925700E+2 1.492790E+2 1.597280E+2 2.605480E+1 1.114290E+1 4.590200E-1
 8.934000E+2 2.047500E+2 2.156050E+2 4.161930E+1 1.817970E+1 1.089960E+0
 1.124820E+3 2.690590E+2 2.816520E+2 6.091720E+1 2.845230E+1 2.397910E+0
 1.393620E+3 3.420100E+2 3.578340E+2 8.343010E+1 4.255090E+1 4.831490E+0
 1.700180E+3 4.186550E+2 4.445600E+2 1.074260E+2 6.061090E+1 8.776080E+0
 2.114360E+3 5.130470E+2 5.586890E+2 1.361310E+2 8.381760E+1 1.466890E+1
 2.385120E+3 5.778530E+2 6.426270E+2 1.572130E+2 1.072240E+2 2.147530E+1
 2.783400E+3 6.542000E+2 7.558660E+2 1.808390E+2 1.346810E+2 2.938960E+1
 3.203640E+3 7.262490E+2 8.756620E+2 2.029330E+2 1.644000E+2 3.747830E+1
 3.739010E+3 8.024060E+2 1.025500E+3 2.258060E+2 1.985910E+2 4.565840E+1
 1.411780E+1 1.052490E+0 7.141290E-1 1.872780E-3 1.287240E-2 4.160660E-6
 2.100940E+1 2.015270E+0 1.230460E+0 5.003070E-3 2.456550E-2 1.250900E-5
 3.098490E+1 3.634750E+0 2.122800E+0 1.346890E-2 4.651020E-2 3.729260E-5
 4.497760E+1 6.018190E+0 3.665520E+0 3.637660E-2 8.739520E-2 1.102520E-4
 6.507900E+1 9.707440E+0 6.262790E+0 9.591890E-2 1.627990E-1 3.227230E-4
 9.274860E+1 1.475410E+1 1.060500E+1 2.482180E-1 3.000500E-1 9.319020E-4
 1.316720E+2 2.196270E+1 1.761190E+1 6.191400E-1 5.476900E-1 2.661490E-3
 1.844770E+2 3.183780E+1 2.860870E+1 1.477640E+0 9.949120E-1 7.557250E-3
 2.545240E+2 4.584280E+1 4.489150E+1 3.298890E+0 1.784570E+0 2.106520E-2
 3.469080E+2 6.628210E+1 6.798980E+1 6.866750E+0 3.158370E+0 5.752920E-2
 4.635970E+2 9.478890E+1 9.911420E+1 1.311880E+1 5.485990E+0 1.521130E-1
 6.083680E+2 1.318670E+2 1.385220E+2 2.275570E+1 9.258950E+0 3.837410E-1
 7.814010E+2 1.790660E+2 1.864390E+2 3.611360E+1 1.512090E+1 9.126060E-1
 9.789630E+2 2.340230E+2 2.425490E+2 5.268590E+1 2.369020E+1 2.008870E+0
 1.203650E+3 2.939840E+2 3.065590E+2 7.143270E+1 3.543090E+1 4.038540E+0
 1.455860E+3 3.576370E+2 3.782020E+2 9.157320E+1 5.043490E+1 7.341080E+0
 1.729010E+3 4.205660E+2 4.564410E+2 1.115690E+2 6.831350E+1 1.197500E+1
 2.027800E+3 4.828400E+2 5.421310E+2 1.312000E+2 8.871070E+1 1.774780E+1
 2.351700E+3 5.430300E+2 6.348350E+2 1.499850E+2 1.112570E+2 2.420670E+1
 2.689140E+3 5.991080E+2 7.320500E+2 1.673180E+2 1.354140E+2 3.075870E+1
 3.119270E+3 6.561550E+2 8.520350E+2 1.845820E+2 1.627830E+2 3.719890E+1
 1.327810E+1 1.006460E+0 6.141830E-1 1.640210E-3 9.840770E-3 3.205080E-6
 1.969230E+1 1.938930E+0 1.069330E+0 4.421000E-3 1.899820E-2 9.745900E-6
 2.895500E+1 3.489520E+0 1.843040E+0 1.184060E-2 3.633570E-2 2.934950E-5
 4.169360E+1 5.684100E+0 3.172180E+0 3.170810E-2 6.890830E-2 8.757320E-5
 5.967580E+1 9.128000E+0 5.442210E+0 8.425910E-2 1.295260E-1 2.587280E-4
 8.500610E+1 1.376360E+1 9.210330E+0 2.176910E-1 2.410550E-1 7.554310E-4
 1.196940E+2 2.042960E+1 1.535240E+1 5.464850E-1 4.434990E-1 2.172940E-3
 1.666420E+2 2.941950E+1 2.489750E+1 1.302510E+0 8.075550E-1 6.174390E-3
 2.282750E+2 4.207990E+1 3.911770E+1 2.908660E+0 1.458540E+0 1.733670E-2
 3.087890E+2 5.988100E+1 5.920460E+1 6.041160E+0 2.591950E+0 4.749040E-2
 4.107180E+2 8.421180E+1 8.595710E+1 1.143880E+1 4.505470E+0 1.256420E-1
 5.344850E+2 1.166890E+2 1.198340E+2 1.983930E+1 7.640810E+0 3.185430E-1
 6.790070E+2 1.559950E+2 1.604560E+2 3.119220E+1 1.251960E+1 7.601290E-1
 8.461410E+2 2.011680E+2 2.077240E+2 4.507890E+1 1.963610E+1 1.672880E+0
 1.038910E+3 2.516330E+2 2.622070E+2 6.091050E+1 2.938550E+1 3.362870E+0
 1.248990E+3 3.024980E+2 3.215770E+2 7.725300E+1 4.178190E+1 6.089920E+0
 1.477080E+3 3.544540E+2 3.869500E+2 9.385200E+1 5.655790E+1 9.937160E+0
 1.713220E+3 4.021850E+2 4.557520E+2 1.091530E+2 7.318370E+1 1.462240E+1
 1.976940E+3 4.486090E+2 5.300560E+2 1.238060E+2 9.140260E+1 1.984400E+1
 2.258670E+3 4.909690E+2 6.103690E+2 1.370320E+2 1.108840E+2 2.506270E+1
 2.591640E+3 5.345670E+2 7.044510E+2 1.503230E+2 1.328420E+2 3.019460E+1
 1.251180E+1 9.855850E-1 5.384450E-1 1.454310E-3 7.800320E-3 2.556920E-6
 1.868540E+1 1.933210E+0 9.475700E-1 3.981850E-3 1.523670E-2 7.864750E-6
 2.723570E+1 3.378490E+0 1.637650E+0 1.061650E-2 2.942860E-2 2.391430E-5
 3.911980E+1 5.529160E+0 2.818270E+0 2.840790E-2 5.627360E-2 7.195660E-5
 5.581990E+1 8.818280E+0 4.832040E+0 7.540220E-2 1.066210E-1 2.142830E-4
 7.879980E+1 1.320540E+1 8.180590E+0 1.949930E-1 1.999790E-1 6.307500E-4
 1.097670E+2 1.929110E+1 1.365800E+1 4.908380E-1 3.707490E-1 1.829300E-3
 1.528150E+2 2.748830E+1 2.215390E+1 1.168380E+0 6.785010E-1 5.218210E-3
 2.084470E+2 3.880770E+1 3.482710E+1 2.615780E+0 1.230700E+0 1.471280E-2
 2.802800E+2 5.495450E+1 5.269770E+1 5.419720E+0 2.194350E+0 4.041710E-2
 3.696630E+2 7.631320E+1 7.633250E+1 1.023600E+1 3.834300E+0 1.074780E-1
 4.791130E+2 1.044240E+2 1.060180E+2 1.759150E+1 6.509150E+0 2.725950E-1
 6.073070E+2 1.391210E+2 1.418630E+2 2.763830E+1 1.069170E+1 6.517780E-1
 7.492240E+2 1.779320E+2 1.825660E+2 3.967750E+1 1.678660E+1 1.436220E+0
 9.145020E+2 2.199700E+2 2.290340E+2 5.309170E+1 2.508690E+1 2.878190E+0
 1.092200E+3 2.637900E+2 2.801790E+2 6.722510E+1 3.569810E+1 5.217550E+0
 1.293970E+3 3.061930E+2 3.366210E+2 8.093580E+1 4.822380E+1 8.472250E+0
 1.508480E+3 3.453900E+2 3.966870E+2 9.361980E+1 6.234890E+1 1.244610E+1
 1.714990E+3 3.830010E+2 4.574660E+2 1.056190E+2 7.766970E+1 1.683250E+1
 1.947770E+3 4.174890E+2 5.241050E+2 1.164680E+2 9.417390E+1 2.121040E+1
 2.226570E+3 4.503950E+2 6.022470E+2 1.266100E+2 1.122170E+2 2.536000E+1
 1.186410E+1 9.660720E-1 4.659430E-1 1.271040E-3 6.018090E-3 1.986450E-6
 1.750880E+1 1.831100E+0 8.278150E-1 3.524540E-3 1.194650E-2 6.206940E-6
 2.554270E+1 3.220980E+0 1.445930E+0 9.523880E-3 2.336490E-2 1.911150E-5
 3.667560E+1 5.380650E+0 2.488090E+0 2.526770E-2 4.514410E-2 5.809620E-5
 5.163890E+1 8.278680E+0 4.256000E+0 6.682460E-2 8.630790E-2 1.745680E-4
 7.292170E+1 1.256020E+1 7.215560E+0 1.736130E-1 1.632620E-1 5.182790E-4
 1.011470E+2 1.793560E+1 1.201590E+1 4.344960E-1 3.052640E-1 1.517020E-3
 1.393270E+2 2.570820E+1 1.956290E+1 1.040300E+0 5.627380E-1 4.357740E-3
 1.893650E+2 3.579220E+1 3.075190E+1 2.327400E+0 1.023320E+0 1.229780E-2
 2.529420E+2 4.988890E+1 4.647690E+1 4.806150E+0 1.836290E+0 3.399730E-2
 3.320240E+2 6.888210E+1 6.726250E+1 9.070840E+0 3.217170E+0 9.062510E-2
 4.271720E+2 9.327820E+1 9.321360E+1 1.553260E+1 5.494350E+0 2.312260E-1
 5.367210E+2 1.225610E+2 1.240150E+2 2.417910E+1 9.038670E+0 5.532230E-1
 6.623030E+2 1.561110E+2 1.593820E+2 3.463510E+1 1.422390E+1 1.222010E+0
 8.016260E+2 1.916450E+2 1.990540E+2 4.609950E+1 2.123030E+1 2.445410E+0
 9.530230E+2 2.271830E+2 2.422840E+2 5.776260E+1 3.016470E+1 4.416450E+0
 1.120610E+3 2.624010E+2 2.894380E+2 6.925600E+1 4.072210E+1 7.167710E+0
 1.325680E+3 2.977400E+2 3.457060E+2 8.057340E+1 5.302710E+1 1.057940E+1
 1.475060E+3 3.235360E+2 3.915270E+2 8.915040E+1 6.544250E+1 1.412400E+1
 1.672190E+3 3.501620E+2 4.472900E+2 9.762760E+1 7.905120E+1 1.770240E+1
 1.892640E+3 3.752320E+2 5.092450E+2 1.054430E+2 9.369900E+1 2.105470E+1
 1.113800E+1 9.154530E-1 3.893610E-1 1.075060E-3 4.263720E-3 1.420400E-6
 1.644590E+1 1.794950E+0 6.973400E-1 3.007650E-3 8.713920E-3 4.566640E-6
 2.365980E+1 3.142260E+0 1.232410E+0 8.254610E-3 1.739980E-2 1.434600E-5
 3.385520E+1 5.101090E+0 2.135830E+0 2.200760E-2 3.416170E-2 4.430270E-5
 4.801150E+1 8.048330E+0 3.658820E+0 5.801560E-2 6.615390E-2 1.348540E-4
 6.647470E+1 1.175810E+1 6.203050E+0 1.505160E-1 1.265570E-1 4.048340E-4
 9.147320E+1 1.670060E+1 1.032000E+1 3.769440E-1 2.391470E-1 1.197730E-3
 1.245270E+2 2.319220E+1 1.680170E+1 9.024060E-1 4.455490E-1 3.480600E-3
 1.684250E+2 3.226690E+1 2.639630E+1 2.015930E+0 8.162110E-1 9.877510E-3
 2.228900E+2 4.433140E+1 3.985930E+1 4.153910E+0 1.471920E+0 2.742350E-2
 2.905140E+2 6.048060E+1 5.754250E+1 7.804660E+0 2.594060E+0 7.352990E-2
 3.714010E+2 8.128320E+1 7.954930E+1 1.334150E+1 4.444400E+0 1.881930E-1
 4.653700E+2 1.059060E+2 1.055350E+2 2.065980E+1 7.338580E+0 4.517030E-1
 5.680780E+2 1.328000E+2 1.347310E+2 2.926880E+1 1.155980E+1 9.980980E-1
 6.852400E+2 1.615230E+2 1.676860E+2 3.867320E+1 1.731030E+1 2.002460E+0
 8.081120E+2 1.896990E+2 2.026610E+2 4.807400E+1 2.452800E+1 3.601010E+0
 9.365230E+2 2.163840E+2 2.405510E+2 5.700350E+1 3.305090E+1 5.820430E+0
 1.074490E+3 2.409470E+2 2.807770E+2 6.516410E+1 4.261370E+1 8.504630E+0
 1.231660E+3 2.632030E+2 3.235050E+2 7.244910E+1 5.287650E+1 1.138690E+1
 1.381030E+3 2.829610E+2 3.666650E+2 7.885860E+1 6.385210E+1 1.422290E+1
 1.551370E+3 3.002640E+2 4.156140E+2 8.433680E+1 7.522300E+1 1.677530E+1
 1.044780E+1 8.967410E-1 3.226420E-1 9.015930E-4 2.838480E-3 9.549740E-7
 1.524530E+1 1.700710E+0 5.820790E-1 2.541800E-3 6.101360E-3 3.227470E-6
 2.208140E+1 2.982040E+0 1.038740E+0 7.062970E-3 1.259400E-2 1.047520E-5
 3.131480E+1 4.901180E+0 1.822370E+0 1.912410E-2 2.530540E-2 3.309050E-5
 4.371430E+1 7.608510E+0 3.126070E+0 5.006130E-2 4.986480E-2 1.024430E-4
 6.050550E+1 1.106180E+1 5.303600E+0 1.297740E-1 9.672240E-2 3.118040E-4
 8.269690E+1 1.546530E+1 8.842560E+0 3.257720E-1 1.849380E-1 9.333910E-4
 1.116230E+2 2.125960E+1 1.437580E+1 7.787140E-1 3.483340E-1 2.742490E-3
 1.494190E+2 2.909510E+1 2.257570E+1 1.740620E+0 6.445680E-1 7.867790E-3
 1.970990E+2 3.944840E+1 3.405790E+1 3.585960E+0 1.168560E+0 2.193000E-2
 2.545840E+2 5.298140E+1 4.902060E+1 6.697430E+0 2.074430E+0 5.919040E-2
 3.232780E+2 7.028340E+1 6.753730E+1 1.136970E+1 3.562970E+0 1.517840E-1
 4.002880E+2 9.073100E+1 8.919360E+1 1.752430E+1 5.900520E+0 3.654780E-1
 4.857970E+2 1.123990E+2 1.134050E+2 2.459790E+1 9.315430E+0 8.076660E-1
 5.803310E+2 1.352520E+2 1.401620E+2 3.222600E+1 1.395120E+1 1.619410E+0
 6.801540E+2 1.570210E+2 1.687650E+2 3.966810E+1 1.978310E+1 2.911490E+0
 7.854900E+2 1.776820E+2 1.993960E+2 4.670090E+1 2.666540E+1 4.694580E+0
 9.191350E+2 1.978050E+2 2.349250E+2 5.337380E+1 3.447690E+1 6.865370E+0
 1.033520E+3 2.137640E+2 2.683420E+2 5.876140E+1 4.270420E+1 9.147350E+0
 1.147390E+3 2.263640E+2 3.009580E+2 6.301320E+1 5.099340E+1 1.129350E+1
 1.269970E+3 2.384320E+2 3.367130E+2 6.693610E+1 5.989330E+1 1.326150E+1
 9.909730E+0 8.726610E-1 2.742810E-1 7.738190E-4 1.869980E-3 6.347820E-7
 1.450200E+1 1.662160E+0 4.990050E-1 2.199580E-3 4.329850E-3 2.309410E-6
 2.070390E+1 2.880210E+0 8.961720E-1 6.154460E-3 9.353520E-3 7.839580E-6
 2.954430E+1 4.783870E+0 1.587560E+0 1.689250E-2 1.935380E-2 2.549180E-5
 4.085460E+1 7.165450E+0 2.748100E+0 4.468950E-2 3.891690E-2 8.050110E-5
 5.612960E+1 1.032410E+1 4.664050E+0 1.150430E-1 7.661950E-2 2.486210E-4
 7.602350E+1 1.459060E+1 7.756890E+0 2.877360E-1 1.482400E-1 7.529350E-4
 1.019600E+2 1.978970E+1 1.261450E+1 6.880290E-1 2.819940E-1 2.234090E-3
 1.354890E+2 2.677680E+1 1.978720E+1 1.534280E+0 5.266270E-1 6.470390E-3
 1.767000E+2 3.575970E+1 2.983830E+1 3.163270E+0 9.618580E-1 1.816540E-2
 2.269090E+2 4.736270E+1 4.288140E+1 5.884580E+0 1.715820E+0 4.920890E-2
 2.872890E+2 6.228560E+1 5.886670E+1 9.943400E+0 2.958860E+0 1.266010E-1
 3.530140E+2 7.935070E+1 7.745650E+1 1.519450E+1 4.914720E+0 3.054740E-1
 4.262690E+2 9.766930E+1 9.809980E+1 2.124060E+1 7.777340E+0 6.766290E-1
 5.061980E+2 1.165530E+2 1.208210E+2 2.765660E+1 1.166690E+1 1.357660E+0
 5.889960E+2 1.342860E+2 1.448070E+2 3.382680E+1 1.653500E+1 2.437810E+0
 6.780100E+2 1.506170E+2 1.701290E+2 3.951230E+1 2.225240E+1 3.921120E+0
 7.881000E+2 1.662930E+2 1.994810E+2 4.481190E+1 2.871430E+1 5.711530E+0
 8.702060E+2 1.771080E+2 2.245010E+2 4.864880E+1 3.522880E+1 7.532460E+0
 9.767300E+2 1.882160E+2 2.545790E+2 5.235760E+1 4.240540E+1 9.329920E+0
 1.073330E+3 1.965270E+2 2.826490E+2 5.514690E+1 4.949970E+1 1.088720E+1
 9.475010E+0 8.530280E-1 2.287340E-1 6.520310E-4 1.039680E-3 3.565190E-7
 1.364570E+1 1.589280E+0 4.210200E-1 1.875070E-3 2.768400E-3 1.490350E-6
 1.957530E+1 2.787260E+0 7.627510E-1 5.290320E-3 6.494940E-3 5.490990E-6
 2.740100E+1 4.471800E+0 1.361010E+0 1.462980E-2 1.413510E-2 1.876660E-5
 3.792220E+1 6.907740E+0 2.380660E+0 3.929580E-2 2.934840E-2 6.116880E-5
 5.179780E+1 9.900420E+0 4.061280E+0 1.013540E-1 5.906620E-2 1.930340E-4
 6.959430E+1 1.346030E+1 6.758420E+0 2.523130E-1 1.161110E-1 5.938120E-4
 9.260950E+1 1.819900E+1 1.098580E+1 6.034460E-1 2.236780E-1 1.783810E-3
 1.222950E+2 2.449800E+1 1.721980E+1 1.347630E+0 4.221800E-1 5.222120E-3
 1.584710E+2 3.228780E+1 2.588380E+1 2.756450E+0 7.783500E-1 1.480110E-2
 2.017400E+2 4.226190E+1 3.713480E+1 5.127400E+0 1.395950E+0 4.026810E-2
 2.523490E+2 5.469140E+1 5.087360E+1 8.597910E+0 2.422020E+0 1.041200E-1
 3.088300E+2 6.890350E+1 6.660430E+1 1.306950E+1 4.036700E+0 2.519070E-1
 3.719670E+2 8.407890E+1 8.412570E+1 1.816000E+1 6.405380E+0 5.594260E-1
 4.383120E+2 9.929080E+1 1.030650E+2 2.344940E+1 9.613290E+0 1.122130E+0
 5.054280E+2 1.134110E+2 1.229010E+2 2.848050E+1 1.365130E+1 2.014820E+0
 5.810130E+2 1.262570E+2 1.439660E+2 3.304370E+1 1.833610E+1 3.231580E+0
 6.668090E+2 1.370740E+2 1.668660E+2 3.688500E+1 2.350630E+1 4.659710E+0
 7.386190E+2 1.461910E+2 1.882960E+2 4.011240E+1 2.894780E+1 6.159980E+0
 8.222240E+2 1.540570E+2 2.121200E+2 4.282380E+1 3.468370E+1 7.590520E+0
 9.024410E+2 1.597450E+2 2.349470E+2 4.480110E+1 4.040070E+1 8.808290E+0
 8.784860E+0 8.078310E-1 1.789100E-1 5.158310E-4 3.414820E-4 1.187710E-7
 1.276180E+1 1.548620E+0 3.373730E-1 1.521180E-3 1.288260E-3 7.021930E-7
 1.826440E+1 2.659930E+0 6.209370E-1 4.360720E-3 3.669720E-3 3.137970E-6
 2.543070E+1 4.346350E+0 1.119670E+0 1.217420E-2 8.943950E-3 1.199970E-5
 3.466950E+1 6.362490E+0 1.980610E+0 3.316120E-2 1.989120E-2 4.186470E-5
 4.685350E+1 9.205320E+0 3.412200E+0 8.658810E-2 4.179200E-2 1.378350E-4
 6.255960E+1 1.240410E+1 5.701660E+0 2.152960E-1 8.454720E-2 4.361280E-4
 8.273430E+1 1.672230E+1 9.261060E+0 5.137740E-1 1.662530E-1 1.336890E-3
 1.077590E+2 2.161230E+1 1.448470E+1 1.137260E+0 3.187750E-1 3.974200E-3
 1.383800E+2 2.821810E+1 2.172240E+1 2.322240E+0 5.955060E-1 1.141360E-2
 1.749450E+2 3.657380E+1 3.108760E+1 4.312940E+0 1.079130E+0 3.137820E-2
 2.166330E+2 4.653460E+1 4.238310E+1 7.184850E+0 1.886690E+0 8.164210E-2
 2.634820E+2 5.792850E+1 5.531000E+1 1.084180E+1 3.159580E+0 1.981900E-1
 3.133560E+2 6.996520E+1 6.958130E+1 1.497740E+1 5.033070E+0 4.416500E-1
 3.672450E+2 8.149720E+1 8.470830E+1 1.913420E+1 7.569150E+0 8.861580E-1
 4.212710E+2 9.205350E+1 1.004880E+2 2.302460E+1 1.075020E+1 1.589800E+0
 4.783190E+2 1.012310E+2 1.167330E+2 2.642290E+1 1.440890E+1 2.539360E+0
 5.360690E+2 1.086380E+2 1.334200E+2 2.919010E+1 1.839130E+1 3.645130E+0
 5.948830E+2 1.149710E+2 1.502640E+2 3.150980E+1 2.260600E+1 4.798360E+0
 6.651050E+2 1.202230E+2 1.694000E+2 3.338620E+1 2.704630E+1 5.876220E+0
 7.277000E+2 1.236240E+2 1.868920E+2 3.464650E+1 3.138510E+1 6.777120E+0
 8.284840E+0 7.805630E-1 1.322410E-1 3.863130E-4 3.748490E-5 1.328830E-8
 1.206710E+1 1.499280E+0 2.610200E-1 1.190590E-3 3.498270E-4 1.935610E-7
 1.693530E+1 2.555150E+0 4.940710E-1 3.510410E-3 1.544210E-3 1.337560E-6
 2.350710E+1 4.091890E+0 9.078900E-1 9.997310E-3 4.775400E-3 6.481430E-6
 3.189010E+1 6.079820E+0 1.624470E+0 2.751810E-2 1.217600E-2 2.590000E-5
 4.307860E+1 8.694200E+0 2.834960E+0 7.306500E-2 2.775870E-2 9.246220E-5
 5.648330E+1 1.149610E+1 4.780030E+0 1.835130E-1 5.906870E-2 3.075500E-4
 7.352330E+1 1.506760E+1 7.758900E+0 4.337280E-1 1.200030E-1 9.734010E-4
 9.534550E+1 1.943210E+1 1.215440E+1 9.639640E-1 2.353710E-1 2.958840E-3
 1.211480E+2 2.477160E+1 1.818000E+1 1.960920E+0 4.471170E-1 8.637440E-3
 1.510830E+2 3.144180E+1 2.591350E+1 3.605780E+0 8.212020E-1 2.406380E-2
 1.851670E+2 3.946010E+1 3.514940E+1 5.971540E+0 1.449810E+0 6.318780E-2
 2.230310E+2 4.847430E+1 4.566600E+1 8.942900E+0 2.444160E+0 1.542190E-1
 2.640700E+2 5.763750E+1 5.704470E+1 1.222310E+1 3.909060E+0 3.444950E-1
 3.040640E+2 6.627310E+1 6.903040E+1 1.546560E+1 5.893980E+0 6.921270E-1
 3.471840E+2 7.405490E+1 8.140980E+1 1.844130E+1 8.371840E+0 1.240320E+0
 3.925520E+2 8.055870E+1 9.412770E+1 2.096270E+1 1.121780E+1 1.975890E+0
 4.390810E+2 8.571690E+1 1.071340E+2 2.298050E+1 1.430610E+1 2.828620E+0
 4.914280E+2 9.010080E+1 1.212800E+2 2.464720E+1 1.759280E+1 3.708170E+0
 5.321400E+2 9.269990E+1 1.334370E+2 2.571830E+1 2.082540E+1 4.496000E+0
 5.799010E+2 9.476820E+1 1.471210E+2 2.654040E+1 2.414980E+1 5.164720E+0
 7.978460E+0 7.757570E-1 9.516750E-2 2.809870E-4 -9.419930E-8 -2.952840E-11
 1.147880E+1 1.444800E+0 2.015850E-1 9.289910E-4 4.435590E-5 2.496780E-8
 1.601680E+1 2.480360E+0 3.979090E-1 2.854340E-3 4.763300E-4 4.178980E-7
 2.202970E+1 3.871240E+0 7.496410E-1 8.333590E-3 2.221430E-3 3.047890E-6
 2.985690E+1 5.794900E+0 1.363770E+0 2.331790E-2 7.056960E-3 1.515510E-5
 3.948670E+1 8.111130E+0 2.403720E+0 6.252450E-2 1.823410E-2 6.127180E-5
 5.192250E+1 1.065750E+1 4.094400E+0 1.592140E-1 4.178370E-2 2.193170E-4
 6.716070E+1 1.390090E+1 6.688150E+0 3.782840E-1 8.883690E-2 7.261230E-4
 8.596600E+1 1.757280E+1 1.046270E+1 8.344160E-1 1.793500E-1 2.270530E-3
 1.081390E+2 2.219570E+1 1.561520E+1 1.691460E+0 3.474820E-1 6.756630E-3
 1.339580E+2 2.772060E+1 2.217990E+1 3.095430E+0 6.471160E-1 1.908210E-2
 1.634120E+2 3.439390E+1 3.003910E+1 5.110910E+0 1.154930E+0 5.064640E-2
 1.943350E+2 4.163610E+1 3.884530E+1 7.596050E+0 1.962200E+0 1.244670E-1
 2.285010E+2 4.890710E+1 4.827900E+1 1.028810E+1 3.150720E+0 2.787260E-1
 2.617500E+2 5.570090E+1 5.817330E+1 1.292510E+1 4.762430E+0 5.607610E-1
 2.968460E+2 6.158980E+1 6.825990E+1 1.527420E+1 6.769260E+0 1.003800E+0
 3.346590E+2 6.646500E+1 7.872140E+1 1.724220E+1 9.071380E+0 1.597160E+0
 3.721180E+2 7.001130E+1 8.903770E+1 1.873040E+1 1.154510E+1 2.276510E+0
 4.075640E+2 7.277350E+1 9.942990E+1 1.988420E+1 1.412710E+1 2.967100E+0
 4.479990E+2 7.461660E+1 1.104320E+2 2.067790E+1 1.675790E+1 3.588560E+0
 4.817650E+2 7.558980E+1 1.205220E+2 2.115420E+1 1.934110E+1 4.096200E+0
 7.640790E+0 7.484050E-1 5.756170E-2 1.719170E-4 0.000000E+6 0.000000E+6
 1.091930E+1 1.397540E+0 1.409880E-1 6.569900E-4 -1.492000E-7 -7.409330E-11
 1.522770E+1 2.415940E+0 3.012810E-1 2.184340E-3 4.567210E-5 4.080980E-8
 2.069530E+1 3.756480E+0 5.949410E-1 6.681510E-3 6.007060E-4 8.354720E-7
 2.783030E+1 5.538010E+0 1.113250E+0 1.922820E-2 3.046240E-3 6.616440E-6
 3.666830E+1 7.683680E+0 1.996170E+0 5.241000E-2 1.008170E-2 3.421740E-5
 4.756350E+1 9.971750E+0 3.438680E+0 1.350290E-1 2.657790E-2 1.407810E-4
 6.088220E+1 1.270060E+1 5.669020E+0 3.242060E-1 6.136000E-2 5.057710E-4
 7.712870E+1 1.591290E+1 8.901610E+0 7.161360E-1 1.302520E-1 1.661960E-3
 9.582840E+1 1.959330E+1 1.327220E+1 1.443000E+0 2.604000E-1 5.100380E-3
 1.179110E+2 2.429000E+1 1.881830E+1 2.631780E+0 4.952770E-1 1.470040E-2
 1.427790E+2 2.962590E+1 2.537120E+1 4.310420E+0 8.967440E-1 3.957410E-2
 1.683920E+2 3.534200E+1 3.264120E+1 6.353160E+0 1.538700E+0 9.815590E-2
 1.952570E+2 4.098200E+1 4.035190E+1 8.540950E+0 2.487060E+0 2.209050E-1
 2.234010E+2 4.619090E+1 4.839580E+1 1.064480E+1 3.773350E+0 4.454870E-1
 2.522780E+2 5.049030E+1 5.646170E+1 1.246240E+1 5.370930E+0 7.973700E-1
 2.818610E+2 5.387540E+1 6.469880E+1 1.393060E+1 7.194150E+0 1.265420E+0
 3.148500E+2 5.651130E+1 7.347190E+1 1.507850E+1 9.174510E+0 1.802520E+0
 3.419670E+2 5.798800E+1 8.148800E+1 1.581410E+1 1.118720E+1 2.333330E+0
 3.689900E+2 5.892030E+1 8.953880E+1 1.630920E+1 1.322390E+1 2.809170E+0
 3.952190E+2 5.907480E+1 9.712710E+1 1.651910E+1 1.519480E+1 3.181520E+0
 7.499590E+0 7.460570E-1 2.037110E-2 6.181300E-5 0.000000E+6 0.000000E+6
 1.049780E+1 1.379190E+0 7.200080E-2 3.402900E-4 0.000000E+6 0.000000E+6
 1.441480E+1 2.302110E+0 1.885120E-1 1.384670E-3 -2.362640E-7 -1.858290E-10
 1.955310E+1 3.670220E+0 4.159790E-1 4.730300E-3 1.657360E-5 2.370680E-8
 2.570080E+1 5.260570E+0 8.301260E-1 1.450220E-2 4.960350E-4 1.096510E-6
 3.340970E+1 7.126250E+0 1.547030E+0 4.108590E-2 3.265620E-3 1.124070E-5
 4.297970E+1 9.236100E+0 2.728510E+0 1.082600E-1 1.221680E-2 6.550650E-5
 5.434990E+1 1.145740E+1 4.566090E+0 2.642840E-1 3.427540E-2 2.856420E-4
 6.812240E+1 1.399730E+1 7.236100E+0 5.896130E-1 8.148840E-2 1.050280E-3
 8.358220E+1 1.697160E+1 1.081270E+1 1.185700E+0 1.744120E-1 3.447900E-3
 1.013240E+2 2.054540E+1 1.529220E+1 2.146060E+0 3.459280E-1 1.035460E-2
 1.203190E+2 2.457760E+1 2.053180E+1 3.484650E+0 6.433550E-1 2.860460E-2
 1.407320E+2 2.884980E+1 2.628050E+1 5.093120E+0 1.125940E+0 7.233860E-2
 1.634790E+2 3.290850E+1 3.228390E+1 6.763940E+0 1.837480E+0 1.641140E-1
 1.836100E+2 3.640530E+1 3.840240E+1 8.314450E+0 2.804580E+0 3.321690E-1
 2.053540E+2 3.929590E+1 4.456680E+1 9.638860E+0 4.007320E+0 5.954300E-1
 2.319950E+2 4.155110E+1 5.105450E+1 1.068850E+1 5.375090E+0 9.441460E-1
 2.494590E+2 4.278020E+1 5.697060E+1 1.138140E+1 6.826730E+0 1.336020E+0
 2.729350E+2 4.351390E+1 6.311150E+1 1.183930E+1 8.321830E+0 1.722850E+0
 2.907680E+2 4.361910E+1 6.870060E+1 1.205430E+1 9.778230E+0 2.054660E+0
 3.096730E+2 4.339200E+1 7.427780E+1 1.211930E+1 1.121710E+1 2.316050E+0
 7.525870E+0 7.755310E-1 2.070170E-3 6.400640E-6 0.000000E+6 0.000000E+6
 1.030340E+1 1.373150E+0 2.050390E-2 9.847380E-5 0.000000E+6 0.000000E+6
 1.389890E+1 2.297570E+0 8.572280E-2 6.388560E-4 0.000000E+6 0.000000E+6
 1.840360E+1 3.494460E+0 2.427060E-1 2.796520E-3 0.000000E+6 0.000000E+6
 2.417010E+1 4.985750E+0 5.569030E-1 9.855110E-3 2.319390E-6 5.351470E-9
 3.072550E+1 6.611540E+0 1.122700E+0 3.016790E-2 3.439580E-4 1.206820E-6
 3.898650E+1 8.385490E+0 2.071960E+0 8.308440E-2 3.226650E-3 1.756190E-5
 4.867580E+1 1.029330E+1 3.563110E+0 2.082550E-1 1.408620E-2 1.188700E-4
 6.003170E+1 1.234050E+1 5.734500E+0 4.721070E-1 4.257040E-2 5.547980E-4
 7.295350E+1 1.458820E+1 8.654660E+0 9.579710E-1 1.045180E-1 2.087180E-3
 8.700850E+1 1.731130E+1 1.226740E+1 1.730210E+0 2.248730E-1 6.791980E-3
 1.026160E+2 2.027530E+1 1.640400E+1 2.784690E+0 4.393260E-1 1.968650E-2
 1.189090E+2 2.328910E+1 2.087700E+1 4.021890E+0 7.907280E-1 5.113650E-2
 1.345450E+2 2.609260E+1 2.551110E+1 5.285440E+0 1.317830E+0 1.183570E-1
 1.516820E+2 2.843190E+1 3.017800E+1 6.420970E+0 2.033800E+0 2.418030E-1
 1.675410E+2 3.016900E+1 3.474040E+1 7.342910E+0 2.922200E+0 4.348140E-1
 1.862750E+2 3.138570E+1 3.944660E+1 8.030440E+0 3.926160E+0 6.878780E-1
 2.007630E+2 3.189390E+1 4.374160E+1 8.450990E+0 4.982310E+0 9.702080E-1
 2.147400E+2 3.199260E+1 4.802680E+1 8.681300E+0 6.051970E+0 1.242180E+0
 2.287520E+2 3.172410E+1 5.208600E+1 8.749620E+0 7.100260E+0 1.473640E+0
 2.406100E+2 3.126100E+1 5.611100E+1 8.718800E+0 8.133490E+0 1.651370E+0
 7.706200E+0 8.232850E-1 1.250570E-5 4.240380E-8 0.000000E+6 0.000000E+6
 1.042270E+1 1.436000E+0 2.327850E-3 1.134450E-5 0.000000E+6 0.000000E+6
 1.377480E+1 2.324500E+0 2.666120E-2 2.013540E-4 0.000000E+6 0.000000E+6
 1.794030E+1 3.454080E+0 1.183510E-1 1.379720E-3 0.000000E+6 0.000000E+6
 2.305080E+1 4.839740E+0 3.422390E-1 6.121110E-3 0.000000E+6 0.000000E+6
 2.911220E+1 6.355410E+0 7.861690E-1 2.133310E-2 -9.340350E-7 -2.907280E-9
 3.630550E+1 7.883440E+0 1.559510E+0 6.312950E-2 3.839800E-4 2.125920E-6
 4.471250E+1 9.491240E+0 2.794890E+0 1.647390E-1 4.167420E-3 3.561840E-5
 5.439270E+1 1.110940E+1 4.604930E+0 3.814280E-1 1.912660E-2 2.518570E-4
 6.516760E+1 1.291290E+1 7.041390E+0 7.844050E-1 5.869150E-2 1.182600E-3
 7.712870E+1 1.496560E+1 1.004500E+1 1.423390E+0 1.433180E-1 4.363380E-3
 8.948000E+1 1.712440E+1 1.344310E+1 2.280710E+0 3.014840E-1 1.360230E-2
 1.019880E+2 1.935370E+1 1.706220E+1 3.270590E+0 5.671730E-1 3.688820E-2
 1.157710E+2 2.133950E+1 2.076880E+1 4.255840E+0 9.702490E-1 8.750660E-2
 1.319450E+2 2.301220E+1 2.454910E+1 5.131030E+0 1.521380E+0 1.813470E-1
 1.420960E+2 2.397980E+1 2.798700E+1 5.789450E+0 2.203540E+0 3.281530E-1
 1.548190E+2 2.457030E+1 3.151470E+1 6.253560E+0 2.971430E+0 5.195020E-1
 1.659970E+2 2.474390E+1 3.492490E+1 6.531090E+0 3.782970E+0 7.327560E-1
 1.756950E+2 2.450840E+1 3.806980E+1 6.632020E+0 4.588670E+0 9.338810E-1
 1.871410E+2 2.406200E+1 4.113170E+1 6.622790E+0 5.375300E+0 1.102100E+0
 1.949540E+2 2.342600E+1 4.395990E+1 6.524200E+0 6.127250E+0 1.224970E+0
 7.581170E+0 8.650890E-1 0.000000E+6 0.000000E+6 0.000000E+6 0.000000E+6
 1.050800E+1 1.495040E+0 1.957970E-5 1.045170E-7 0.000000E+6 0.000000E+6
 1.379630E+1 2.400370E+0 1.946330E-3 1.496190E-5 0.000000E+6 0.000000E+6
 1.765390E+1 3.502250E+0 3.100050E-2 3.665980E-4 0.000000E+6 0.000000E+6
 2.232250E+1 4.830460E+0 1.511160E-1 2.734630E-3 0.000000E+6 0.000000E+6
 2.773640E+1 6.159640E+0 4.515390E-1 1.238250E-2 0.000000E+6 0.000000E+6
 3.383080E+1 7.430680E+0 1.038940E+0 4.247240E-2 -1.472510E-6 -7.230330E-9
 4.108690E+1 8.648240E+0 2.019760E+0 1.199570E-1 3.657790E-4 3.178000E-6
 4.915270E+1 9.954400E+0 3.487620E+0 2.909620E-1 4.796100E-3 6.398270E-5
 5.799030E+1 1.122410E+1 5.470650E+0 6.120030E-1 2.380550E-2 4.847760E-4
 6.769960E+1 1.269310E+1 7.904730E+0 1.122690E+0 7.493480E-2 2.302130E-3
 7.800250E+1 1.424040E+1 1.064420E+1 1.805090E+0 1.818020E-1 8.266660E-3
 8.798680E+1 1.572810E+1 1.352180E+1 2.575200E+0 3.716040E-1 2.431670E-2
 9.704610E+1 1.702910E+1 1.643390E+1 3.328990E+0 6.693070E-1 6.070240E-2
 1.072260E+2 1.797380E+1 1.925170E+1 3.962430E+0 1.079600E+0 1.291360E-1
 1.173170E+2 1.848570E+1 2.189820E+1 4.418990E+0 1.584770E+0 2.360720E-1
 1.267490E+2 1.863280E+1 2.447580E+1 4.709540E+0 2.154020E+0 3.755890E-1
 1.350610E+2 1.850550E+1 2.697530E+1 4.859990E+0 2.751090E+0 5.295680E-1
 1.418930E+2 1.809540E+1 2.924120E+1 4.879010E+0 3.339420E+0 6.728060E-1
 1.482740E+2 1.754450E+1 3.138380E+1 4.816860E+0 3.906340E+0 7.895960E-1
 1.552640E+2 1.688740E+1 3.333430E+1 4.694410E+0 4.443420E+0 8.717870E-1
 7.365800E+0 8.692720E-1 0.000000E+6 0.000000E+6 0.000000E+6 0.000000E+6
 1.002740E+1 1.523840E+0 0.000000E+6 0.000000E+6 0.000000E+6 0.000000E+6
 1.305950E+1 2.412170E+0 0.000000E+6 0.000000E+6 0.000000E+6 0.000000E+6
 1.710450E+1 3.517230E+0 4.359270E-4 5.265150E-6 0.000000E+6 0.000000E+6
 2.106230E+1 4.655920E+0 2.088080E-2 3.844640E-4 0.000000E+6 0.000000E+6
 2.563110E+1 5.806200E+0 1.395580E-1 3.883060E-3 0.000000E+6 0.000000E+6
 3.069090E+1 6.805680E+0 4.724940E-1 1.954320E-2 0.000000E+6 0.000000E+6
 3.646730E+1 7.687830E+0 1.135400E+0 6.814060E-2 -2.314860E-6 -1.787720E-8
 4.266790E+1 8.439330E+0 2.203410E+0 1.851520E-1 9.354600E-5 1.284690E-6
 4.945860E+1 9.219640E+0 3.689420E+0 4.147360E-1 3.245530E-3 6.716820E-5
 5.675180E+1 1.008660E+1 5.525620E+0 7.853490E-1 2.105470E-2 6.550850E-4
 6.401750E+1 1.096070E+1 7.579790E+0 1.280910E+0 7.382020E-2 3.391530E-3
 7.189290E+1 1.179960E+1 9.700440E+0 1.829550E+0 1.847710E-1 1.218960E-2
 7.775790E+1 1.243720E+1 1.177890E+1 2.345210E+0 3.727390E-1 3.398720E-2
 8.493000E+1 1.286440E+1 1.378930E+1 2.767750E+0 6.451780E-1 7.740650E-2
 9.038540E+1 1.295930E+1 1.564150E+1 3.049900E+0 9.858420E-1 1.468100E-1
 9.705180E+1 1.281790E+1 1.737890E+1 3.203530E+0 1.368980E+0 2.378110E-1
 1.024280E+2 1.246270E+1 1.897420E+1 3.246800E+0 1.765800E+0 3.367890E-1
 1.071920E+2 1.197280E+1 2.043210E+1 3.209390E+0 2.152780E+0 4.274640E-1
 1.102870E+2 1.141120E+1 2.177850E+1 3.119890E+0 2.518570E+0 4.989130E-1
 1.141030E+2 1.081650E+1 2.302650E+1 2.997730E+0 2.860270E+0 5.468360E-1
 6.587730E+0 7.941200E-1 0.000000E+6 0.000000E+6 0.000000E+6 0.000000E+6
 8.990360E+0 1.396830E+0 0.000000E+6 0.000000E+6 0.000000E+6 0.000000E+6
 1.170460E+1 2.200900E+0 0.000000E+6 0.000000E+6 0.000000E+6 0.000000E+6
 1.464010E+1 3.139430E+0 0.000000E+6 0.000000E+6 0.000000E+6 0.000000E+6
 1.850020E+1 4.118430E+0 7.107910E-5 1.430940E-6 0.000000E+6 0.000000E+6
 2.205860E+1 4.990050E+0 9.056760E-3 2.563120E-4 0.000000E+6 0.000000E+6
 2.583330E+1 5.686740E+0 1.009200E-1 4.233110E-3 0.000000E+6 0.000000E+6
 2.988810E+1 6.212450E+0 4.087170E-1 2.480900E-2 0.000000E+6 0.000000E+6
 3.435810E+1 6.607880E+0 1.043350E+0 8.841140E-2 0.000000E+6 0.000000E+6
 3.935030E+1 6.986260E+0 2.035000E+0 2.299280E-1 -5.622270E-6 -1.056640E-7
 4.416710E+1 7.367860E+0 3.312790E+0 4.709820E-1 1.468740E-3 4.649100E-5
 4.943670E+1 7.773310E+0 4.757640E+0 7.990720E-1 1.454880E-2 6.766450E-4
 5.416920E+1 8.121740E+0 6.235360E+0 1.161280E+0 5.933060E-2 3.950400E-3
 5.802970E+1 8.358740E+0 7.667370E+0 1.495190E+0 1.557240E-1 1.429390E-2
 6.224990E+1 8.429690E+0 8.999580E+0 1.750780E+0 3.116260E-1 3.749490E-2
 6.643950E+1 8.311170E+0 1.020580E+1 1.908020E+0 5.185010E-1 7.711220E-2
 6.962920E+1 8.032520E+0 1.127850E+1 1.974390E+0 7.560130E-1 1.305270E-1
 7.234570E+1 7.636390E+0 1.220380E+1 1.966470E+0 9.999580E-1 1.885330E-1
 7.475110E+1 7.198460E+0 1.307870E+1 1.913750E+0 1.238510E+0 2.415560E-1
 7.764020E+1 6.735020E+0 1.388470E+1 1.830110E+0 1.459050E+0 2.818570E-1
 7.902650E+1 6.271200E+0 1.454680E+1 1.730490E+0 1.662000E+0 3.073220E-1
 5.437090E+0 6.607970E-1 0.000000E+6 0.000000E+6 0.000000E+6 0.000000E+6
 7.379580E+0 1.158240E+0 0.000000E+6 0.000000E+6 0.000000E+6 0.000000E+6
 9.632860E+0 1.827260E+0 0.000000E+6 0.000000E+6 0.000000E+6 0.000000E+6
 1.203260E+1 2.578840E+0 0.000000E+6 0.000000E+6 0.000000E+6 0.000000E+6
 1.443210E+1 3.305170E+0 0.000000E+6 0.000000E+6 0.000000E+6 0.000000E+6
 1.758330E+1 3.935160E+0 1.048560E-4 3.210640E-6 0.000000E+6 0.000000E+6
 2.027030E+1 4.389720E+0 4.846200E-3 2.065590E-4 0.000000E+6 0.000000E+6
 2.301230E+1 4.678500E+0 8.047420E-2 4.932080E-3 0.000000E+6 0.000000E+6
 2.593770E+1 4.835880E+0 3.552090E-1 3.031400E-2 0.000000E+6 0.000000E+6
 2.899190E+1 4.955170E+0 9.112220E-1 1.032560E-1 0.000000E+6 0.000000E+6
 3.235820E+1 5.074950E+0 1.728290E+0 2.454160E-1 -8.631150E-6 -2.492580E-7
 3.594990E+1 5.223840E+0 2.698110E+0 4.501110E-1 8.253080E-4 3.893710E-5
 3.853420E+1 5.310400E+0 3.704500E+0 6.804300E-1 1.104540E-2 7.420250E-4
 4.154330E+1 5.348520E+0 4.671540E+0 8.909820E-1 4.794900E-2 4.425620E-3
 4.390330E+1 5.280610E+0 5.554170E+0 1.047050E+0 1.247430E-1 1.503540E-2
 4.619350E+1 5.098790E+0 6.324390E+0 1.134930E+0 2.401480E-1 3.563560E-2
 4.793010E+1 4.831000E+0 6.986150E+0 1.162720E+0 3.807910E-1 6.528230E-2
 4.943610E+1 4.499640E+0 7.524380E+0 1.141910E+0 5.290140E-1 9.840840E-2
 5.077840E+1 4.162720E+0 8.065890E+0 1.095060E+0 6.724560E-1 1.284580E-1
 5.159020E+1 3.822030E+0 8.504320E+0 1.030940E+0 8.038710E-1 1.510340E-1
 5.248500E+1 3.500330E+0 8.888960E+0 9.606640E-1 9.196470E-1 1.648530E-1
---