PdfType: replica
Format: lhagrid1
---
1.00000E-06 1.28121E-06 1.64152E-06 2.10317E-06 2.69463E-06 3.45242E-06 4.42329E-06 5.66715E-06 7.26076E-06 9.30241E-06 1.19180E-05 1.52689E-05 1.95617E-05 2.50609E-05 3.21053E-05 4.11287E-05 5.26863E-05 6.74889E-05 8.64459E-05 1.10720E-04 1.41800E-04 1.81585E-04 2.32503E-04 2.97652E-04 3.80981E-04 4.87518E-04 6.26039E-04 8.00452E-04 1.02297E-03 1.30657E-03 1.66759E-03 2.12729E-03 2.71054E-03 3.44865E-03 4.37927E-03 5.54908E-03 7.01192E-03 8.83064E-03 1.10763E-02 1.38266E-02 1.71641E-02 2.11717E-02 2.59364E-02 3.15062E-02 3.79623E-02 4.53425E-02 5.36750E-02 6.29705E-02 7.32221E-02 8.44039E-02 9.64793E-02 1.09332E-01 1.23067E-01 1.37507E-01 1.52639E-01 1.68416E-01 1.84794E-01 2.01731E-01 2.19016E-01 2.36948E-01 2.55242E-01 2.73927E-01 2.92954E-01 3.12340E-01 3.32036E-01 3.52019E-01 3.72282E-01 3.92772E-01 4.13533E-01 4.34326E-01 4.55495E-01 4.76836E-01 4.98342E-01 5.20006E-01 5.41818E-01 5.63773E-01 5.85861E-01 6.08077E-01 6.30459E-01 6.52800E-01 6.75387E-01 6.98063E-01 7.20830E-01 7.43683E-01 7.66623E-01 7.89636E-01 8.12791E-01 8.35940E-01 8.59175E-01 8.82485E-01 9.05866E-01 9.29311E-01 9.52817E-01 9.76387E-01 1.00000E+00 
1.14018E+00 1.22539E+00 1.32482E+00 1.44156E+00 1.57954E+00 1.74381E+00 1.94091E+00 2.12132E+00 2.17945E+00 2.49622E+00 2.89383E+00 3.39925E+00 4.05063E+00 4.90286E+00 6.03623E+00 7.57063E+00 9.68869E+00 1.26749E+01 1.69835E+01 2.33578E+01 3.30501E+01 4.82334E+01 7.28041E+01 1.13998E+02 1.85779E+02 3.16228E+02 
908 909 910
1.47081E+00 8.34060E-02 9.73596E-03 
1.50435E+00 1.02039E-01 1.32526E-02 
1.57705E+00 1.36282E-01 1.79578E-02 
1.70490E+00 1.86855E-01 2.43569E-02 
1.87665E+00 2.48024E-01 3.31376E-02 
2.09979E+00 3.21310E-01 4.53634E-02 
2.38276E+00 4.08306E-01 6.26571E-02 
2.64874E+00 4.86051E-01 8.10681E-02 
2.73504E+00 5.10625E-01 8.75372E-02 
3.20484E+00 6.39964E-01 1.27498E-01 
3.78283E+00 7.90931E-01 1.89233E-01 
4.48634E+00 9.65345E-01 2.87014E-01 
5.33515E+00 1.16482E+00 4.46121E-01 
6.34651E+00 1.50677E+00 7.14747E-01 
7.55352E+00 1.78667E+00 1.18115E+00 
9.01521E+00 2.09957E+00 2.01800E+00 
1.07734E+01 2.44676E+00 3.57427E+00 
1.28773E+01 2.82940E+00 6.57737E+00 
1.53882E+01 3.24929E+00 1.25843E+01 
1.83958E+01 3.71164E+00 2.49643E+01 
2.20802E+01 4.23592E+00 5.08040E+01 
2.69357E+01 4.89216E+00 1.03243E+02 
3.42931E+01 5.87469E+00 1.98628E+02 
4.62052E+01 7.43945E+00 3.36249E+02 
6.24980E+01 9.42257E+00 4.78606E+02 
7.98107E+01 1.12267E+01 5.86873E+02 
1.39450E+00 7.85342E-02 1.30881E-02 
1.42777E+00 9.67756E-02 1.70069E-02 
1.49901E+00 1.30188E-01 2.21834E-02 
1.62298E+00 1.79197E-01 2.91350E-02 
1.78853E+00 2.38284E-01 3.85736E-02 
2.00257E+00 3.08839E-01 5.15845E-02 
2.27287E+00 3.92294E-01 6.98151E-02 
2.52608E+00 4.66635E-01 8.90708E-02 
2.60810E+00 4.90089E-01 9.58085E-02 
3.05357E+00 6.13223E-01 1.37189E-01 
3.59976E+00 7.56348E-01 2.00567E-01 
4.26248E+00 9.21003E-01 3.00136E-01 
5.05972E+00 1.10851E+00 4.60914E-01 
6.01081E+00 1.42980E+00 7.30129E-01 
7.14291E+00 1.69029E+00 1.19418E+00 
8.50942E+00 1.98030E+00 2.02128E+00 
1.01480E+01 2.30075E+00 3.54980E+00 
1.21030E+01 2.65246E+00 6.48201E+00 
1.44295E+01 3.03681E+00 1.23147E+01 
1.72088E+01 3.45837E+00 2.42727E+01 
2.06058E+01 3.93487E+00 4.91070E+01 
2.50758E+01 4.53069E+00 9.92612E+01 
3.18468E+01 5.42419E+00 1.90039E+02 
4.28034E+01 6.84830E+00 3.20276E+02 
5.77546E+01 8.64792E+00 4.53987E+02 
7.35736E+01 1.02732E+01 5.54529E+02 
1.32219E+00 7.39309E-02 1.57666E-02 
1.35520E+00 9.18052E-02 1.99085E-02 
1.42506E+00 1.24439E-01 2.53346E-02 
1.54527E+00 1.71949E-01 3.25609E-02 
1.70484E+00 2.29035E-01 4.22990E-02 
1.91013E+00 2.96957E-01 5.56261E-02 
2.16824E+00 3.76999E-01 7.41705E-02 
2.40922E+00 4.48060E-01 9.36436E-02 
2.48713E+00 4.70436E-01 1.00436E-01 
2.90936E+00 5.87602E-01 1.41972E-01 
3.42526E+00 7.23206E-01 2.05175E-01 
4.04922E+00 8.78527E-01 3.03853E-01 
4.79758E+00 1.05463E+00 4.62254E-01 
5.69141E+00 1.35629E+00 7.25834E-01 
6.75254E+00 1.59845E+00 1.17764E+00 
8.02917E+00 1.86692E+00 1.97873E+00 
9.55520E+00 2.16232E+00 3.45197E+00 
1.13704E+01 2.48515E+00 6.26514E+00 
1.35244E+01 2.83645E+00 1.18368E+01 
1.60905E+01 3.22020E+00 2.32128E+01 
1.92197E+01 3.65258E+00 4.67463E+01 
2.33314E+01 4.19272E+00 9.40931E+01 
2.95578E+01 5.00418E+00 1.79457E+02 
3.96280E+01 6.29876E+00 3.01390E+02 
5.33372E+01 7.92988E+00 4.25838E+02 
6.77788E+01 9.39189E+00 5.18579E+02 
1.25366E+00 6.95851E-02 1.73251E-02 
1.28644E+00 8.71148E-02 2.15012E-02 
1.35499E+00 1.19022E-01 2.69443E-02 
1.47157E+00 1.65095E-01 3.41553E-02 
1.62537E+00 2.20254E-01 4.38247E-02 
1.82222E+00 2.85637E-01 5.69938E-02 
2.06863E+00 3.62389E-01 7.52322E-02 
2.29788E+00 4.30288E-01 9.43075E-02 
2.37186E+00 4.51626E-01 1.00947E-01 
2.77187E+00 5.63054E-01 1.41426E-01 
3.25891E+00 6.91442E-01 2.02740E-01 
3.84605E+00 8.37840E-01 2.98056E-01 
4.54809E+00 1.00307E+00 4.50427E-01 
5.38757E+00 1.28609E+00 7.02858E-01 
6.38149E+00 1.51096E+00 1.13384E+00 
7.57327E+00 1.75918E+00 1.89518E+00 
8.99336E+00 2.03112E+00 3.29045E+00 
1.06774E+01 2.32701E+00 5.94595E+00 
1.26699E+01 2.64759E+00 1.11890E+01 
1.50373E+01 2.99635E+00 2.18627E+01 
1.79172E+01 3.38802E+00 4.38814E+01 
2.16960E+01 3.87690E+00 8.80598E+01 
2.74170E+01 4.61285E+00 1.67491E+02 
3.66652E+01 5.78824E+00 2.80590E+02 
4.92256E+01 7.26479E+00 3.95534E+02 
6.23979E+01 8.57797E+00 4.80628E+02 
1.18873E+00 6.54868E-02 1.78203E-02 
1.22130E+00 8.26932E-02 2.18809E-02 
1.28861E+00 1.13925E-01 2.71578E-02 
1.40168E+00 1.58618E-01 3.41265E-02 
1.54990E+00 2.11922E-01 4.34416E-02 
1.73861E+00 2.74855E-01 5.60888E-02 
1.97377E+00 3.48431E-01 7.35513E-02 
2.19178E+00 4.13283E-01 9.17679E-02 
2.26200E+00 4.33622E-01 9.80993E-02 
2.64078E+00 5.39531E-01 1.36627E-01 
3.10033E+00 6.61000E-01 1.94812E-01 
3.65249E+00 7.98868E-01 2.85005E-01 
4.31069E+00 9.53750E-01 4.28794E-01 
5.09858E+00 1.21907E+00 6.66310E-01 
6.02886E+00 1.42763E+00 1.07075E+00 
7.14059E+00 1.65683E+00 1.78346E+00 
8.46104E+00 1.90681E+00 3.08654E+00 
1.00221E+01 2.17759E+00 5.56113E+00 
1.18637E+01 2.46966E+00 1.04368E+01 
1.40457E+01 2.78606E+00 2.03431E+01 
1.66939E+01 3.14022E+00 4.07404E+01 
2.01636E+01 3.58195E+00 8.15911E+01 
2.54158E+01 4.24847E+00 1.54903E+02 
3.39024E+01 5.31430E+00 2.59069E+02 
4.54006E+01 6.64918E+00 3.64629E+02 
5.74042E+01 7.82686E+00 4.42419E+02 
1.12723E+00 6.16267E-02 1.75117E-02 
1.15959E+00 7.85300E-02 2.13594E-02 
1.22572E+00 1.09135E-01 2.63513E-02 
1.33539E+00 1.52504E-01 3.29319E-02 
1.47822E+00 2.04019E-01 4.17115E-02 
1.65909E+00 2.64587E-01 5.36093E-02 
1.88344E+00 3.35098E-01 7.00069E-02 
2.09066E+00 3.97012E-01 8.70855E-02 
2.15728E+00 4.16388E-01 9.30163E-02 
2.51578E+00 5.16988E-01 1.29063E-01 
2.94915E+00 6.31822E-01 1.83402E-01 
3.46811E+00 7.61538E-01 2.67486E-01 
4.08478E+00 9.06564E-01 4.01311E-01 
4.82372E+00 1.15509E+00 6.21955E-01 
5.69378E+00 1.34827E+00 9.97045E-01 
6.73001E+00 1.55962E+00 1.65700E+00 
7.95680E+00 1.78907E+00 2.86188E+00 
9.40262E+00 2.03647E+00 5.14680E+00 
1.11032E+01 2.30210E+00 9.64293E+00 
1.31125E+01 2.58860E+00 1.87666E+01 
1.55452E+01 2.90822E+00 3.75303E+01 
1.87283E+01 3.30665E+00 7.50663E+01 
2.35459E+01 3.90939E+00 1.42351E+02 
3.13270E+01 4.87460E+00 2.37827E+02 
4.18440E+01 6.07978E+00 3.34399E+02 
5.27722E+01 7.13421E+00 4.05343E+02 
1.06898E+00 5.79967E-02 1.66914E-02 
1.10114E+00 7.46158E-02 2.02752E-02 
1.16617E+00 1.04643E-01 2.49210E-02 
1.27254E+00 1.46738E-01 3.10400E-02 
1.41015E+00 1.96527E-01 3.91949E-02 
1.58345E+00 2.54811E-01 5.02348E-02 
1.79740E+00 3.22362E-01 6.54341E-02 
1.99428E+00 3.81442E-01 8.12506E-02 
2.05746E+00 3.99890E-01 8.67405E-02 
2.39658E+00 4.95384E-01 1.20085E-01 
2.80501E+00 6.03856E-01 1.70299E-01 
3.29245E+00 7.25782E-01 2.47921E-01 
3.86983E+00 8.61429E-01 3.71346E-01 
4.56234E+00 1.09402E+00 5.74612E-01 
5.37545E+00 1.27272E+00 9.19819E-01 
6.34051E+00 1.46732E+00 1.52665E+00 
7.47929E+00 1.67760E+00 2.63357E+00 
8.81718E+00 1.90324E+00 4.73101E+00 
1.03861E+01 2.14436E+00 8.85500E+00 
1.22345E+01 2.40328E+00 1.72173E+01 
1.44671E+01 2.69116E+00 3.44029E+01 
1.73844E+01 3.04984E+00 6.87583E+01 
2.17995E+01 3.59406E+00 1.30299E+02 
2.89278E+01 4.46694E+00 2.17552E+02 
3.85387E+01 5.55350E+00 3.05700E+02 
4.84781E+01 6.49598E+00 3.70318E+02 
1.01384E+00 5.45898E-02 1.56054E-02 
1.04579E+00 7.09421E-02 1.89089E-02 
1.10978E+00 1.00440E-01 2.31902E-02 
1.21294E+00 1.41310E-01 2.88269E-02 
1.34550E+00 1.89432E-01 3.63354E-02 
1.51150E+00 2.45506E-01 4.64949E-02 
1.71544E+00 3.10197E-01 6.04750E-02 
1.90241E+00 3.66543E-01 7.50163E-02 
1.96230E+00 3.84096E-01 8.00624E-02 
2.28291E+00 4.74678E-01 1.10701E-01 
2.66760E+00 5.77050E-01 1.56815E-01 
3.12512E+00 6.91536E-01 2.28065E-01 
3.66532E+00 8.18260E-01 3.41303E-01 
4.31381E+00 1.03574E+00 5.27664E-01 
5.07307E+00 1.20082E+00 8.43984E-01 
5.97108E+00 1.37972E+00 1.39975E+00 
7.02722E+00 1.57208E+00 2.41303E+00 
8.26407E+00 1.77750E+00 4.33214E+00 
9.71005E+00 1.99595E+00 8.10375E+00 
1.14088E+01 2.22944E+00 1.57482E+01 
1.34558E+01 2.48816E+00 3.14516E+01 
1.61268E+01 2.81043E+00 6.28308E+01 
2.01692E+01 3.30100E+00 1.19016E+02 
2.66936E+01 4.08927E+00 1.98635E+02 
3.54686E+01 5.06744E+00 2.79003E+02 
4.44997E+01 5.90836E+00 3.37820E+02 
9.61644E-01 5.13998E-02 1.44293E-02 
9.93404E-01 6.75016E-02 1.74583E-02 
1.05640E+00 9.65181E-02 2.13838E-02 
1.15644E+00 1.36207E-01 2.65516E-02 
1.28410E+00 1.82717E-01 3.34341E-02 
1.44305E+00 2.36654E-01 4.27447E-02 
1.63737E+00 2.98578E-01 5.55540E-02 
1.81484E+00 3.52286E-01 6.88751E-02 
1.87156E+00 3.68977E-01 7.34973E-02 
2.17449E+00 4.54832E-01 1.01558E-01 
2.53658E+00 5.51356E-01 1.43782E-01 
2.96572E+00 6.58738E-01 2.09008E-01 
3.47075E+00 7.76976E-01 3.12647E-01 
4.07753E+00 9.80128E-01 4.83136E-01 
4.78590E+00 1.13239E+00 7.72422E-01 
5.62076E+00 1.29658E+00 1.28054E+00 
6.59934E+00 1.47225E+00 2.20668E+00 
7.74168E+00 1.65890E+00 3.96022E+00 
9.07303E+00 1.85638E+00 7.40545E+00 
1.06326E+01 2.06647E+00 1.43862E+01 
1.25073E+01 2.29845E+00 2.87222E+01 
1.49503E+01 2.58739E+00 5.73604E+01 
1.86480E+01 3.02884E+00 1.08622E+02 
2.46144E+01 3.73963E+00 1.81235E+02 
3.26186E+01 4.61888E+00 2.54478E+02 
4.08157E+01 5.36777E+00 3.08004E+02 
9.12271E-01 4.84215E-02 1.32724E-02 
9.43831E-01 6.42880E-02 1.60445E-02 
1.00590E+00 9.28713E-02 1.96376E-02 
1.10290E+00 1.31420E-01 2.43678E-02 
1.22580E+00 1.76370E-01 3.06674E-02 
1.37794E+00 2.28236E-01 3.91888E-02 
1.56300E+00 2.87485E-01 5.09117E-02 
1.73134E+00 3.38644E-01 6.31021E-02 
1.78504E+00 3.54503E-01 6.73318E-02 
2.07108E+00 4.35811E-01 9.30079E-02 
2.41167E+00 5.26728E-01 1.31641E-01 
2.81389E+00 6.27328E-01 1.91313E-01 
3.28568E+00 7.37501E-01 2.86116E-01 
3.85293E+00 9.27083E-01 4.42015E-01 
4.51322E+00 1.06729E+00 7.06481E-01 
5.28866E+00 1.21772E+00 1.17091E+00 
6.19450E+00 1.37783E+00 2.01721E+00 
7.24846E+00 1.54706E+00 3.61923E+00 
8.47299E+00 1.72518E+00 6.76596E+00 
9.90327E+00 1.91376E+00 1.31403E+01 
1.16183E+01 2.12125E+00 2.62273E+01 
1.38504E+01 2.37972E+00 5.23633E+01 
1.72294E+01 2.77625E+00 9.91319E+01 
2.26803E+01 3.41619E+00 1.65355E+02 
2.99744E+01 4.20526E+00 2.32105E+02 
3.74064E+01 4.87089E+00 2.80812E+02 
8.65591E-01 4.56510E-02 1.21920E-02 
8.96944E-01 6.12957E-02 1.47300E-02 
9.58137E-01 8.94942E-02 1.80199E-02 
1.05216E+00 1.26941E-01 2.23512E-02 
1.17044E+00 1.70377E-01 2.81194E-02 
1.31599E+00 2.20236E-01 3.59219E-02 
1.49214E+00 2.76895E-01 4.66553E-02 
1.65173E+00 3.25592E-01 5.78164E-02 
1.70253E+00 3.40650E-01 6.16888E-02 
1.97245E+00 4.17581E-01 8.51952E-02 
2.29258E+00 5.03125E-01 1.20561E-01 
2.66927E+00 5.97251E-01 1.75181E-01 
3.10964E+00 6.99761E-01 2.61949E-01 
3.63946E+00 8.76492E-01 4.04584E-01 
4.25438E+00 1.00538E+00 6.46489E-01 
4.97391E+00 1.14294E+00 1.07120E+00 
5.81156E+00 1.28857E+00 1.84495E+00 
6.78297E+00 1.44166E+00 3.30924E+00 
7.90801E+00 1.60193E+00 6.18467E+00 
9.21820E+00 1.77075E+00 1.20077E+01 
1.07854E+01 1.95584E+00 2.39593E+01 
1.28226E+01 2.18651E+00 4.78201E+01 
1.59072E+01 2.54202E+00 9.05025E+01 
2.08823E+01 3.11722E+00 1.50912E+02 
2.75227E+01 3.82418E+00 2.11752E+02 
3.42535E+01 4.41459E+00 2.56072E+02 
8.21484E-01 4.30852E-02 1.12105E-02 
8.52620E-01 5.85204E-02 1.35376E-02 
9.12987E-01 8.63827E-02 1.65542E-02 
1.00410E+00 1.22762E-01 2.05256E-02 
1.11789E+00 1.64730E-01 2.58142E-02 
1.25706E+00 2.12640E-01 3.29677E-02 
1.42462E+00 2.66789E-01 4.28075E-02 
1.57582E+00 3.13108E-01 5.30387E-02 
1.62386E+00 3.27391E-01 5.65883E-02 
1.87837E+00 4.00110E-01 7.81335E-02 
2.17903E+00 4.80502E-01 1.10545E-01 
2.53153E+00 5.68453E-01 1.60594E-01 
2.94222E+00 6.63686E-01 2.40091E-01 
3.43662E+00 8.28252E-01 3.70715E-01 
4.00870E+00 9.46518E-01 5.92185E-01 
4.67568E+00 1.07205E+00 9.80906E-01 
5.44944E+00 1.20421E+00 1.68887E+00 
6.34377E+00 1.34236E+00 3.02825E+00 
7.37623E+00 1.48619E+00 5.65748E+00 
8.57501E+00 1.63690E+00 1.09801E+01 
1.00054E+01 1.80154E+00 2.19003E+01 
1.18625E+01 2.00687E+00 4.36935E+01 
1.46754E+01 2.32495E+00 8.26604E+01 
1.92117E+01 2.84109E+00 1.37780E+02 
2.52506E+01 3.47339E+00 1.93238E+02 
3.13394E+01 3.99593E+00 2.33560E+02 
7.79842E-01 4.07223E-02 1.03293E-02 
8.10744E-01 5.59588E-02 1.24670E-02 
8.70334E-01 8.35343E-02 1.52380E-02 
9.58589E-01 1.18878E-01 1.88855E-02 
1.06800E+00 1.59416E-01 2.37423E-02 
1.20100E+00 2.05433E-01 3.03109E-02 
1.36029E+00 2.57149E-01 3.93449E-02 
1.50344E+00 3.01167E-01 4.87368E-02 
1.54882E+00 3.14704E-01 5.19950E-02 
1.78862E+00 3.83367E-01 7.17692E-02 
2.07077E+00 4.58823E-01 1.01510E-01 
2.40035E+00 5.40882E-01 1.47426E-01 
2.78300E+00 6.29208E-01 2.20339E-01 
3.24389E+00 7.82266E-01 3.40086E-01 
3.77558E+00 8.90565E-01 5.43035E-01 
4.39318E+00 1.00487E+00 8.99117E-01 
5.10714E+00 1.12452E+00 1.54739E+00 
5.92956E+00 1.24887E+00 2.77334E+00 
6.87592E+00 1.37757E+00 5.17890E+00 
7.97141E+00 1.51170E+00 1.00465E+01 
9.27533E+00 1.65769E+00 2.00288E+01 
1.09662E+01 1.83996E+00 3.99404E+01 
1.35285E+01 2.12396E+00 7.55242E+01 
1.76603E+01 2.58627E+00 1.25824E+02 
2.31465E+01 3.15075E+00 1.76376E+02 
2.86478E+01 3.61217E+00 2.13049E+02 
7.40561E-01 3.85616E-02 9.53941E-03 
7.71211E-01 5.36087E-02 1.15066E-02 
8.30066E-01 8.09476E-02 1.40562E-02 
9.15511E-01 1.15283E-01 1.74115E-02 
1.02065E+00 1.54429E-01 2.18784E-02 
1.14768E+00 1.98604E-01 2.79184E-02 
1.29899E+00 2.47958E-01 3.62237E-02 
1.43442E+00 2.89751E-01 4.48562E-02 
1.47726E+00 3.02567E-01 4.78506E-02 
1.70302E+00 3.67324E-01 6.60205E-02 
1.96756E+00 4.38050E-01 9.33407E-02 
2.27542E+00 5.14491E-01 1.35507E-01 
2.63162E+00 5.96264E-01 2.02444E-01 
3.06082E+00 7.38440E-01 3.12311E-01 
3.55443E+00 8.37400E-01 4.98427E-01 
4.12568E+00 9.41234E-01 8.24827E-01 
4.78369E+00 1.04928E+00 1.41879E+00 
5.53907E+00 1.16088E+00 2.54147E+00 
6.40543E+00 1.27569E+00 4.74330E+00 
7.40524E+00 1.39467E+00 9.19638E+00 
8.59232E+00 1.52369E+00 1.83235E+01 
1.01299E+01 1.68502E+00 3.65191E+01 
1.24613E+01 1.93802E+00 6.90160E+01 
1.62207E+01 2.35133E+00 1.14916E+02 
2.11991E+01 2.85430E+00 1.60986E+02 
2.61635E+01 3.26076E+00 1.94328E+02 
7.03545E-01 3.66039E-02 8.82780E-03 
7.33918E-01 5.14690E-02 1.06406E-02 
7.92080E-01 7.86228E-02 1.29896E-02 
8.74755E-01 1.11974E-01 1.60799E-02 
9.75726E-01 1.49762E-01 2.01930E-02 
1.09695E+00 1.92141E-01 2.57529E-02 
1.24059E+00 2.39202E-01 3.33959E-02 
1.36860E+00 2.78841E-01 4.13379E-02 
1.40900E+00 2.90960E-01 4.40924E-02 
1.62135E+00 3.51955E-01 6.08026E-02 
1.86916E+00 4.18147E-01 8.59187E-02 
2.15646E+00 4.89233E-01 1.24668E-01 
2.48771E+00 5.64793E-01 1.86157E-01 
2.88695E+00 6.96684E-01 2.87014E-01 
3.34470E+00 7.86900E-01 4.57774E-01 
3.87244E+00 8.80982E-01 7.57086E-01 
4.47816E+00 9.78271E-01 1.30146E+00 
5.17108E+00 1.07812E+00 2.32984E+00 
5.96317E+00 1.18020E+00 4.34556E+00 
6.87444E+00 1.28535E+00 8.41981E+00 
7.95368E+00 1.39896E+00 1.67654E+01 
9.35014E+00 1.54128E+00 3.33922E+01 
1.14689E+01 1.76613E+00 6.30664E+01 
1.48856E+01 2.13491E+00 1.04942E+02 
1.93981E+01 2.58218E+00 1.46913E+02 
2.38721E+01 2.93929E+00 1.77208E+02 
6.68706E-01 3.48511E-02 8.18151E-03 
6.98773E-01 4.95400E-02 9.85365E-03 
7.56278E-01 7.65614E-02 1.20197E-02 
8.36215E-01 1.08949E-01 1.48682E-02 
9.33108E-01 1.45408E-01 1.86582E-02 
1.04871E+00 1.86034E-01 2.37798E-02 
1.18494E+00 2.30865E-01 3.08176E-02 
1.30583E+00 2.68417E-01 3.81285E-02 
1.34390E+00 2.79863E-01 4.06636E-02 
1.54345E+00 3.37235E-01 5.60389E-02 
1.77536E+00 3.99082E-01 7.91389E-02 
2.04320E+00 4.65064E-01 1.14762E-01 
2.35091E+00 5.34736E-01 1.71263E-01 
2.72186E+00 6.56912E-01 2.63872E-01 
3.14585E+00 7.38948E-01 4.20572E-01 
3.63280E+00 8.23956E-01 6.95077E-01 
4.18966E+00 9.11288E-01 1.19403E+00 
4.82446E+00 1.00033E+00 2.13603E+00 
5.54765E+00 1.09074E+00 3.98126E+00 
6.37705E+00 1.18330E+00 7.70848E+00 
7.35686E+00 1.28293E+00 1.53380E+01 
8.62338E+00 1.40806E+00 3.05277E+01 
1.05465E+01 1.60738E+00 5.76160E+01 
1.36482E+01 1.93574E+00 9.58048E+01 
1.77335E+01 2.33263E+00 1.34023E+02 
2.17601E+01 2.64554E+00 1.61529E+02 
6.35958E-01 3.33069E-02 7.58936E-03 
6.65687E-01 4.78231E-02 9.13248E-03 
7.22568E-01 7.47668E-02 1.11307E-02 
7.99791E-01 1.06208E-01 1.37573E-02 
8.92692E-01 1.41363E-01 1.72508E-02 
1.00283E+00 1.80276E-01 2.19699E-02 
1.13191E+00 2.22936E-01 2.84522E-02 
1.24597E+00 2.58465E-01 3.51835E-02 
1.28181E+00 2.69260E-01 3.75172E-02 
1.46915E+00 3.23139E-01 5.16666E-02 
1.68595E+00 3.80823E-01 7.29146E-02 
1.93538E+00 4.41942E-01 1.05665E-01 
2.22091E+00 5.06037E-01 1.57585E-01 
2.56515E+00 6.19044E-01 2.42617E-01 
2.95737E+00 6.93434E-01 3.86403E-01 
3.40610E+00 7.70007E-01 6.38126E-01 
3.91737E+00 8.48137E-01 1.09537E+00 
4.49811E+00 9.27236E-01 1.95806E+00 
5.15745E+00 1.00699E+00 3.64677E+00 
5.91122E+00 1.08811E+00 7.05544E+00 
6.79944E+00 1.17509E+00 1.40279E+01 
7.94649E+00 1.28468E+00 2.78989E+01 
9.68980E+00 1.46089E+00 5.26149E+01 
1.25022E+01 1.75263E+00 8.74229E+01 
1.61962E+01 2.10402E+00 1.22201E+02 
1.98151E+01 2.37740E+00 1.47156E+02 
6.05226E-01 3.19763E-02 7.04252E-03 
6.34578E-01 4.63213E-02 8.46671E-03 
6.90861E-01 7.32436E-02 1.03102E-02 
7.65390E-01 1.03751E-01 1.27323E-02 
8.54375E-01 1.37623E-01 1.59525E-02 
9.59199E-01 1.74859E-01 2.03007E-02 
1.08138E+00 2.15402E-01 2.62709E-02 
1.18889E+00 2.48969E-01 3.24681E-02 
1.22259E+00 2.59133E-01 3.46161E-02 
1.39827E+00 3.09646E-01 4.76358E-02 
1.60072E+00 3.63340E-01 6.71771E-02 
1.83274E+00 4.19828E-01 9.72815E-02 
2.09738E+00 4.78643E-01 1.44980E-01 
2.41642E+00 5.82998E-01 2.23036E-01 
2.77878E+00 6.50250E-01 3.54934E-01 
3.19174E+00 7.18993E-01 5.85690E-01 
3.66048E+00 7.88629E-01 1.00456E+00 
4.19099E+00 8.58606E-01 1.79430E+00 
4.79121E+00 9.28632E-01 3.33909E+00 
5.47520E+00 9.99376E-01 6.45497E+00 
6.27914E+00 1.07494E+00 1.28237E+01 
7.31644E+00 1.17053E+00 2.54834E+01 
8.89466E+00 1.32586E+00 4.80214E+01 
1.14416E+01 1.58446E+00 7.97269E+01 
1.47774E+01 1.89484E+00 1.11350E+02 
1.80252E+01 2.13293E+00 1.33971E+02 
5.76436E-01 3.08662E-02 6.53438E-03 
6.05368E-01 4.50386E-02 7.84855E-03 
6.61076E-01 7.19983E-02 9.54898E-03 
7.32922E-01 1.01581E-01 1.17819E-02 
8.18062E-01 1.34188E-01 1.47494E-02 
9.17721E-01 1.69776E-01 1.87547E-02 
1.03325E+00 2.08254E-01 2.42517E-02 
1.13445E+00 2.39914E-01 2.99554E-02 
1.16611E+00 2.49469E-01 3.19319E-02 
1.33067E+00 2.96734E-01 4.39080E-02 
1.51950E+00 3.46605E-01 6.18734E-02 
1.73506E+00 3.98682E-01 8.95348E-02 
1.98004E+00 4.52503E-01 1.33337E-01 
2.27532E+00 5.48701E-01 2.04958E-01 
2.60962E+00 6.09295E-01 3.25897E-01 
2.98911E+00 6.70778E-01 5.37332E-01 
3.41823E+00 7.32585E-01 9.20859E-01 
3.90212E+00 7.94207E-01 1.64343E+00 
4.44766E+00 8.55382E-01 3.05578E+00 
5.06731E+00 9.16732E-01 5.90232E+00 
5.79378E+00 9.82006E-01 1.17159E+01 
6.73038E+00 1.06501E+00 2.32626E+01 
8.15717E+00 1.20150E+00 4.38000E+01 
1.04607E+01 1.43017E+00 7.26578E+01 
1.34691E+01 1.70364E+00 1.01389E+02 
1.63795E+01 1.91032E+00 1.21873E+02 
5.49522E-01 2.99851E-02 6.06021E-03 
5.77987E-01 4.39810E-02 7.27238E-03 
6.33134E-01 7.10390E-02 8.84017E-03 
7.02304E-01 9.97015E-02 1.08978E-02 
7.83663E-01 1.31055E-01 1.36313E-02 
8.78294E-01 1.65023E-01 1.73191E-02 
9.87391E-01 2.01482E-01 2.23781E-02 
1.08255E+00 2.31289E-01 2.76250E-02 
1.11226E+00 2.40252E-01 2.94428E-02 
1.26620E+00 2.84384E-01 4.04537E-02 
1.44211E+00 3.30591E-01 5.69622E-02 
1.64213E+00 3.78470E-01 8.23656E-02 
1.86860E+00 4.27568E-01 1.22569E-01 
2.14149E+00 5.16080E-01 1.88250E-01 
2.44946E+00 5.70472E-01 2.99077E-01 
2.79767E+00 6.25232E-01 4.92696E-01 
3.18991E+00 6.79836E-01 8.43647E-01 
3.63057E+00 7.33819E-01 1.50434E+00 
4.12559E+00 7.86953E-01 2.79476E+00 
4.68599E+00 8.39823E-01 5.39350E+00 
5.34133E+00 8.95856E-01 1.06966E+01 
6.18564E+00 9.67561E-01 2.12202E+01 
7.47367E+00 1.08711E+00 3.99202E+01 
9.55424E+00 1.28877E+00 6.61643E+01 
1.22637E+01 1.52909E+00 9.22446E+01 
1.48675E+01 1.70786E+00 1.10775E+02 
5.24420E-01 2.93437E-02 5.61658E-03 
5.52366E-01 4.31556E-02 6.73407E-03 
6.06960E-01 7.03754E-02 8.17878E-03 
6.73454E-01 9.81167E-02 1.00738E-02 
7.51091E-01 1.28226E-01 1.25903E-02 
8.40825E-01 1.60596E-01 1.59839E-02 
9.43713E-01 1.95077E-01 2.06371E-02 
1.03307E+00 2.23081E-01 2.54611E-02 
1.06090E+00 2.31470E-01 2.71320E-02 
1.20473E+00 2.72576E-01 3.72496E-02 
1.36837E+00 3.15271E-01 5.24101E-02 
1.55372E+00 3.59156E-01 7.57258E-02 
1.76280E+00 4.03790E-01 1.12603E-01 
2.01462E+00 4.85065E-01 1.72799E-01 
2.29789E+00 5.33684E-01 2.74294E-01 
2.61689E+00 5.82228E-01 4.51480E-01 
2.97483E+00 6.30216E-01 7.72404E-01 
3.37543E+00 6.77230E-01 1.37610E+00 
3.82383E+00 7.23075E-01 2.55427E+00 
4.32974E+00 7.68308E-01 4.92499E+00 
4.91984E+00 8.16063E-01 9.75869E+00 
5.67966E+00 8.77658E-01 1.93422E+01 
6.84067E+00 9.81980E-01 3.63547E+01 
8.71727E+00 1.15935E+00 6.02007E+01 
1.11540E+01 1.36994E+00 8.38518E+01 
1.34797E+01 1.52397E+00 1.00596E+02 
5.01071E-01 2.89541E-02 5.20108E-03 
5.28442E-01 4.25713E-02 6.23065E-03 
5.82482E-01 7.00189E-02 7.56112E-03 
6.46297E-01 9.68332E-02 9.30536E-03 
7.20265E-01 1.25701E-01 1.16206E-02 
8.05229E-01 1.56491E-01 1.47415E-02 
9.02118E-01 1.89032E-01 1.90187E-02 
9.85909E-01 2.15279E-01 2.34511E-02 
1.01194E+00 2.23112E-01 2.49860E-02 
1.14613E+00 2.61295E-01 3.42767E-02 
1.29815E+00 3.00623E-01 4.81904E-02 
1.46965E+00 3.40706E-01 6.95759E-02 
1.66240E+00 3.81126E-01 1.03380E-01 
1.89438E+00 4.55591E-01 1.58511E-01 
2.15452E+00 4.98845E-01 2.51396E-01 
2.44627E+00 5.41651E-01 4.13430E-01 
2.77235E+00 5.83573E-01 7.06684E-01 
3.13590E+00 6.24240E-01 1.25790E+00 
3.54130E+00 6.63497E-01 2.33275E+00 
3.99716E+00 7.01873E-01 4.49375E+00 
4.52751E+00 7.42235E-01 8.89601E+00 
5.21008E+00 7.94808E-01 1.76161E+01 
6.25497E+00 8.85490E-01 3.30797E+01 
7.94517E+00 1.04103E+00 5.47264E+01 
1.01333E+01 1.22502E+00 7.61529E+01 
1.22072E+01 1.35719E+00 9.12662E+01 
4.79420E-01 2.88308E-02 4.81182E-03 
5.06156E-01 4.22381E-02 5.75978E-03 
5.59631E-01 6.99820E-02 6.98424E-03 
6.20759E-01 9.58580E-02 8.58860E-03 
6.91108E-01 1.23484E-01 1.07173E-02 
7.71422E-01 1.52707E-01 1.35854E-02 
8.62517E-01 1.83341E-01 1.75145E-02 
9.40963E-01 2.07873E-01 2.15844E-02 
9.65284E-01 2.15165E-01 2.29934E-02 
1.09028E+00 2.50522E-01 3.15190E-02 
1.23129E+00 2.86622E-01 4.42797E-02 
1.38974E+00 3.23089E-01 6.38813E-02 
1.56715E+00 3.59532E-01 9.48457E-02 
1.78050E+00 4.27593E-01 1.45302E-01 
2.01897E+00 4.65867E-01 2.30247E-01 
2.28534E+00 5.03384E-01 3.78314E-01 
2.58185E+00 5.39756E-01 6.46080E-01 
2.91115E+00 5.74660E-01 1.14898E+00 
3.27698E+00 6.07976E-01 2.12879E+00 
3.68691E+00 6.40215E-01 4.09700E+00 
4.16262E+00 6.73995E-01 8.10288E+00 
4.77464E+00 7.18544E-01 1.60302E+01 
5.71349E+00 7.97033E-01 3.00729E+01 
7.23354E+00 9.32999E-01 4.97039E+01 
9.19547E+00 1.09324E+00 6.90945E+01 
1.10414E+01 1.20614E+00 8.27188E+01 
4.59412E-01 2.89896E-02 4.44733E-03 
4.85452E-01 4.21674E-02 5.31957E-03 
5.38338E-01 7.02785E-02 6.44571E-03 
5.96769E-01 9.51989E-02 7.92040E-03 
6.63547E-01 1.21575E-01 9.87626E-03 
7.39327E-01 1.49239E-01 1.25103E-02 
8.24827E-01 1.77995E-01 1.61170E-02 
8.98146E-01 2.00852E-01 1.98515E-02 
9.20827E-01 2.07617E-01 2.11440E-02 
1.03708E+00 2.40241E-01 2.89623E-02 
1.16766E+00 2.73244E-01 4.06573E-02 
1.31382E+00 3.06274E-01 5.86110E-02 
1.47685E+00 3.38966E-01 8.69543E-02 
1.67269E+00 4.01011E-01 1.33099E-01 
1.89092E+00 4.34667E-01 2.10723E-01 
2.13366E+00 4.67319E-01 3.45924E-01 
2.40277E+00 4.98623E-01 5.90226E-01 
2.70046E+00 5.28306E-01 1.04867E+00 
3.02989E+00 5.56283E-01 1.94110E+00 
3.39775E+00 5.83046E-01 3.73218E+00 
3.82353E+00 6.10989E-01 7.37412E+00 
4.37123E+00 6.48425E-01 1.45740E+01 
5.21338E+00 7.16044E-01 2.73141E+01 
6.57829E+00 8.34503E-01 4.50987E+01 
8.33460E+00 9.73592E-01 6.26272E+01 
9.97464E+00 1.06956E+00 7.48935E+01 
4.40997E-01 2.94480E-02 4.10631E-03 
4.66275E-01 4.23718E-02 4.90836E-03 
5.18536E-01 7.09226E-02 5.94339E-03 
5.74258E-01 9.48637E-02 7.29797E-03 
6.37512E-01 1.19978E-01 9.09379E-03 
7.08871E-01 1.46087E-01 1.15113E-02 
7.88969E-01 1.72989E-01 1.48198E-02 
8.57373E-01 1.94206E-01 1.82441E-02 
8.78487E-01 2.00459E-01 1.94290E-02 
9.86412E-01 2.30435E-01 2.65935E-02 
1.10714E+00 2.60469E-01 3.73043E-02 
1.24172E+00 2.90231E-01 5.37368E-02 
1.39129E+00 3.19387E-01 7.96618E-02 
1.57071E+00 3.75784E-01 1.21831E-01 
1.77003E+00 4.05167E-01 1.92711E-01 
1.99080E+00 4.33351E-01 3.16068E-01 
2.23455E+00 4.60039E-01 5.38781E-01 
2.50309E+00 4.85004E-01 9.56352E-01 
2.79912E+00 5.08199E-01 1.76849E+00 
3.12847E+00 5.30096E-01 3.39692E+00 
3.50873E+00 5.52883E-01 6.70492E+00 
3.99786E+00 5.84036E-01 1.32379E+01 
4.75193E+00 6.41992E-01 2.47843E+01 
5.97559E+00 7.44829E-01 4.08790E+01 
7.54524E+00 8.65118E-01 5.67055E+01 
8.99953E+00 9.46252E-01 6.77341E+01 
4.24123E-01 3.02248E-02 3.78760E-03 
4.48575E-01 4.28643E-02 4.52464E-03 
5.00156E-01 7.19284E-02 5.47531E-03 
5.53159E-01 9.48598E-02 6.71873E-03 
6.12934E-01 1.18694E-01 8.36650E-03 
6.79987E-01 1.43246E-01 1.05837E-02 
7.54873E-01 1.68314E-01 1.36167E-02 
8.18567E-01 1.87924E-01 1.67544E-02 
8.38186E-01 1.93676E-01 1.78399E-02 
9.38198E-01 2.21088E-01 2.44007E-02 
1.04961E+00 2.48273E-01 3.42031E-02 
1.17332E+00 2.74928E-01 4.92323E-02 
1.31028E+00 3.00756E-01 7.29276E-02 
1.47431E+00 3.51854E-01 1.11435E-01 
1.65599E+00 3.77288E-01 1.76107E-01 
1.85637E+00 4.01378E-01 2.88565E-01 
2.07668E+00 4.23873E-01 4.91429E-01 
2.31840E+00 4.44590E-01 8.71445E-01 
2.58379E+00 4.63516E-01 1.60986E+00 
2.87798E+00 4.81107E-01 3.08904E+00 
3.21678E+00 4.99360E-01 6.09081E+00 
3.65265E+00 5.24987E-01 1.20126E+01 
4.32662E+00 5.74379E-01 2.24661E+01 
5.42185E+00 6.63310E-01 3.70149E+01 
6.82229E+00 7.66938E-01 5.12870E+01 
8.10929E+00 8.35127E-01 6.11885E+01 
4.08513E-01 3.13590E-02 3.48566E-03 
4.32057E-01 4.36726E-02 4.16165E-03 
4.82878E-01 7.33332E-02 5.03312E-03 
5.33109E-01 9.52008E-02 6.17222E-03 
5.89401E-01 1.17710E-01 7.68111E-03 
6.52197E-01 1.40674E-01 9.71049E-03 
7.21982E-01 1.63895E-01 1.24852E-02 
7.81101E-01 1.81904E-01 1.53544E-02 
7.99272E-01 1.87160E-01 1.63467E-02 
8.91656E-01 2.12046E-01 2.23423E-02 
9.94138E-01 2.36455E-01 3.12944E-02 
1.10749E+00 2.60115E-01 4.50109E-02 
1.23249E+00 2.82764E-01 6.66213E-02 
1.38191E+00 3.28822E-01 1.01708E-01 
1.54692E+00 3.50560E-01 1.60582E-01 
1.72811E+00 3.70852E-01 2.62872E-01 
1.92647E+00 3.89492E-01 4.47226E-01 
2.14316E+00 4.06342E-01 7.92244E-01 
2.38009E+00 4.21417E-01 1.46200E+00 
2.64174E+00 4.35161E-01 2.80228E+00 
2.94229E+00 4.49391E-01 5.51926E+00 
3.32911E+00 4.70110E-01 1.08731E+01 
3.92928E+00 5.11828E-01 2.03118E+01 
4.90616E+00 5.88235E-01 3.34266E+01 
6.15120E+00 6.76923E-01 4.62592E+01 
7.28557E+00 7.33695E-01 5.51198E+01 
3.94596E-01 3.28340E-02 3.20878E-03 
4.17184E-01 4.47834E-02 3.82925E-03 
4.67165E-01 7.51032E-02 4.62872E-03 
5.14662E-01 9.58786E-02 5.67303E-03 
5.67577E-01 1.17053E-01 7.05576E-03 
6.26299E-01 1.38443E-01 8.91459E-03 
6.91252E-01 1.59858E-01 1.14549E-02 
7.46069E-01 1.76317E-01 1.40805E-02 
7.62884E-01 1.81096E-01 1.49883E-02 
8.48150E-01 2.03570E-01 2.04711E-02 
9.42355E-01 2.25358E-01 2.86525E-02 
1.04614E+00 2.46220E-01 4.11795E-02 
1.16017E+00 2.65930E-01 6.09019E-02 
1.29615E+00 3.07343E-01 9.28920E-02 
1.44591E+00 3.25735E-01 1.46524E-01 
1.60963E+00 3.42621E-01 2.39624E-01 
1.78808E+00 3.57838E-01 4.07259E-01 
1.98220E+00 3.71289E-01 7.20687E-01 
2.19354E+00 3.83015E-01 1.32851E+00 
2.42606E+00 3.93446E-01 2.54358E+00 
2.69248E+00 4.04235E-01 5.00404E+00 
3.03558E+00 4.20751E-01 9.84665E+00 
3.56995E+00 4.55830E-01 1.83727E+01 
4.44131E+00 5.21335E-01 3.01991E+01 
5.54822E+00 5.97080E-01 4.17405E+01 
6.54789E+00 6.44136E-01 4.96705E+01 
3.82061E-01 3.46812E-02 2.95103E-03 
4.03634E-01 4.62165E-02 3.52023E-03 
4.52661E-01 7.72624E-02 4.25322E-03 
4.97426E-01 9.68934E-02 5.21004E-03 
5.47021E-01 1.16698E-01 6.47636E-03 
6.01789E-01 1.36498E-01 8.17788E-03 
6.62097E-01 1.56113E-01 1.05020E-02 
7.12808E-01 1.71047E-01 1.29030E-02 
7.28334E-01 1.75359E-01 1.37329E-02 
8.06862E-01 1.95490E-01 1.87434E-02 
8.93278E-01 2.14763E-01 2.62149E-02 
9.88119E-01 2.32969E-01 3.76471E-02 
1.09192E+00 2.49921E-01 5.56322E-02 
1.21535E+00 2.86990E-01 8.47757E-02 
1.35095E+00 3.02309E-01 1.33591E-01 
1.49853E+00 3.16099E-01 2.18251E-01 
1.65867E+00 3.28237E-01 3.70544E-01 
1.83210E+00 3.38663E-01 6.55001E-01 
2.02011E+00 3.47442E-01 1.20606E+00 
2.22614E+00 3.54989E-01 2.30646E+00 
2.46164E+00 3.62807E-01 4.53213E+00 
2.76522E+00 3.75684E-01 8.90721E+00 
3.24002E+00 4.04944E-01 1.65993E+01 
4.01588E+00 4.60830E-01 2.72497E+01 
4.99818E+00 5.25207E-01 3.76145E+01 
5.87716E+00 5.63889E-01 4.46991E+01 
3.70852E-01 3.69132E-02 2.71144E-03 
3.91357E-01 4.79773E-02 3.23334E-03 
4.39290E-01 7.98081E-02 3.90502E-03 
4.81333E-01 9.82356E-02 4.78115E-03 
5.27674E-01 1.16628E-01 5.94016E-03 
5.78611E-01 1.34818E-01 7.49671E-03 
6.34466E-01 1.52639E-01 9.62168E-03 
6.81268E-01 1.66069E-01 1.18158E-02 
6.95569E-01 1.69925E-01 1.25741E-02 
7.67730E-01 1.87780E-01 1.71497E-02 
8.46830E-01 2.04639E-01 2.39680E-02 
9.33308E-01 2.20329E-01 3.43929E-02 
1.02759E+00 2.34696E-01 5.07807E-02 
1.13933E+00 2.67705E-01 7.73089E-02 
1.26180E+00 2.80210E-01 1.21702E-01 
1.39450E+00 2.91195E-01 1.98617E-01 
1.53782E+00 3.00576E-01 3.36839E-01 
1.69234E+00 3.08325E-01 5.94743E-01 
1.85910E+00 3.14528E-01 1.09382E+00 
2.04112E+00 3.19583E-01 2.08925E+00 
2.24867E+00 3.24854E-01 4.10018E+00 
2.51656E+00 3.34602E-01 8.04798E+00 
2.93756E+00 3.58785E-01 1.49785E+01 
3.62713E+00 4.06214E-01 2.45563E+01 
4.49721E+00 4.60641E-01 3.38498E+01 
5.26830E+00 4.92146E-01 4.01672E+01 
3.60909E-01 3.95359E-02 2.48909E-03 
3.80299E-01 5.00646E-02 2.96740E-03 
4.26975E-01 8.27268E-02 3.58256E-03 
4.66317E-01 9.98851E-02 4.38436E-03 
5.09477E-01 1.16820E-01 5.44452E-03 
5.56716E-01 1.33377E-01 6.86758E-03 
6.08310E-01 1.49406E-01 8.80920E-03 
6.51399E-01 1.61354E-01 1.08130E-02 
6.64542E-01 1.64762E-01 1.15052E-02 
7.30700E-01 1.80406E-01 1.56807E-02 
8.02942E-01 1.94952E-01 2.18983E-02 
8.81620E-01 2.08258E-01 3.13973E-02 
9.67068E-01 2.20208E-01 4.63174E-02 
1.06792E+00 2.49428E-01 7.04441E-02 
1.17826E+00 2.59364E-01 1.10778E-01 
1.29724E+00 2.67820E-01 1.80591E-01 
1.42516E+00 2.74745E-01 3.05916E-01 
1.56241E+00 2.80138E-01 5.39498E-01 
1.70986E+00 2.84106E-01 9.90984E-01 
1.87015E+00 2.87027E-01 1.89041E+00 
2.05249E+00 2.90137E-01 3.70506E+00 
2.28823E+00 2.97214E-01 7.26262E+00 
2.66072E+00 3.16991E-01 1.34983E+01 
3.27247E+00 3.57010E-01 2.20984E+01 
4.04168E+00 4.02763E-01 3.04173E+01 
4.71651E+00 4.28150E-01 3.60391E+01 
3.52156E-01 4.25502E-02 2.28277E-03 
3.70395E-01 5.24716E-02 2.72086E-03 
4.15614E-01 8.59946E-02 3.28392E-03 
4.52287E-01 1.01811E-01 4.01720E-03 
4.92349E-01 1.17236E-01 4.98625E-03 
5.36025E-01 1.32133E-01 6.28629E-03 
5.83551E-01 1.46369E-01 8.05900E-03 
6.23118E-01 1.56853E-01 9.88745E-03 
6.35166E-01 1.59822E-01 1.05189E-02 
6.95670E-01 1.73317E-01 1.43261E-02 
7.61489E-01 1.85644E-01 1.99907E-02 
8.32897E-01 1.96696E-01 2.86378E-02 
9.10145E-01 2.06388E-01 4.22081E-02 
1.00087E+00 2.32071E-01 6.41277E-02 
1.09999E+00 2.39669E-01 1.00734E-01 
1.20635E+00 2.45852E-01 1.64027E-01 
1.32015E+00 2.50598E-01 2.77521E-01 
1.44166E+00 2.53934E-01 4.88804E-01 
1.57158E+00 2.55976E-01 8.96692E-01 
1.71221E+00 2.57087E-01 1.70822E+00 
1.87182E+00 2.58381E-01 3.34332E+00 
2.07863E+00 2.63197E-01 6.54418E+00 
2.40740E+00 2.79166E-01 1.21452E+01 
2.94901E+00 3.12711E-01 1.98537E+01 
3.62760E+00 3.50922E-01 2.72853E+01 
4.21662E+00 3.71120E-01 3.22763E+01 
3.44542E-01 4.59331E-02 2.09204E-03 
3.61609E-01 5.51707E-02 2.49316E-03 
4.05147E-01 8.95564E-02 3.00829E-03 
4.39204E-01 1.03956E-01 3.67859E-03 
4.76268E-01 1.17823E-01 4.56391E-03 
5.16534E-01 1.31035E-01 5.75089E-03 
5.60200E-01 1.43483E-01 7.36841E-03 
5.96445E-01 1.52524E-01 9.03579E-03 
6.07462E-01 1.55064E-01 9.61143E-03 
6.62669E-01 1.66478E-01 1.30803E-02 
7.22500E-01 1.76686E-01 1.82373E-02 
7.87162E-01 1.85614E-01 2.61027E-02 
8.56830E-01 1.93210E-01 3.84347E-02 
9.38174E-01 2.15604E-01 5.83313E-02 
1.02695E+00 2.21089E-01 9.15223E-02 
1.12176E+00 2.25247E-01 1.48845E-01 
1.22268E+00 2.28081E-01 2.51514E-01 
1.32989E+00 2.29637E-01 4.42407E-01 
1.44395E+00 2.30045E-01 8.10456E-01 
1.56688E+00 2.29644E-01 1.54173E+00 
1.70608E+00 2.29438E-01 3.01301E+00 
1.88696E+00 2.32366E-01 5.88871E+00 
2.17651E+00 2.45071E-01 1.09119E+01 
2.65514E+00 2.72996E-01 1.78093E+01 
3.25265E+00 3.04695E-01 2.44356E+01 
3.76552E+00 3.20533E-01 2.88562E+01 
3.37996E-01 4.96463E-02 1.91608E-03 
3.53886E-01 5.81198E-02 2.28324E-03 
3.95489E-01 9.33355E-02 2.75437E-03 
4.27001E-01 1.06245E-01 3.36682E-03 
4.61186E-01 1.18504E-01 4.17525E-03 
4.98207E-01 1.30012E-01 5.25844E-03 
5.38227E-01 1.40679E-01 6.73350E-03 
5.71352E-01 1.48305E-01 8.25306E-03 
5.81404E-01 1.50426E-01 8.77748E-03 
6.31665E-01 1.59829E-01 1.19359E-02 
6.85932E-01 1.68022E-01 1.66274E-02 
7.44350E-01 1.74960E-01 2.37759E-02 
8.07030E-01 1.80618E-01 3.49730E-02 
8.79696E-01 1.99962E-01 5.30164E-02 
9.58986E-01 2.03551E-01 8.30811E-02 
1.04322E+00 2.05919E-01 1.34943E-01 
1.13241E+00 2.07092E-01 2.27713E-01 
1.22666E+00 2.07130E-01 3.99976E-01 
1.32642E+00 2.06169E-01 7.31650E-01 
1.43345E+00 2.04529E-01 1.38970E+00 
1.55440E+00 2.03106E-01 2.71165E+00 
1.71210E+00 2.04481E-01 5.29121E+00 
1.96653E+00 2.14410E-01 9.78861E+00 
2.38876E+00 2.37483E-01 1.59491E+01 
2.91393E+00 2.63587E-01 2.18454E+01 
3.35940E+00 2.75793E-01 2.57510E+01 
3.32445E-01 5.36254E-02 1.75421E-03 
3.47173E-01 6.12540E-02 2.09022E-03 
3.86557E-01 9.72219E-02 2.52098E-03 
4.15622E-01 1.08572E-01 3.08040E-03 
4.47065E-01 1.19182E-01 3.81833E-03 
4.81019E-01 1.28973E-01 4.80636E-03 
5.17618E-01 1.37875E-01 6.15082E-03 
5.47827E-01 1.44118E-01 7.53489E-03 
5.56981E-01 1.45833E-01 8.01236E-03 
6.02645E-01 1.53306E-01 1.08864E-02 
6.51762E-01 1.59594E-01 1.51513E-02 
7.04421E-01 1.64679E-01 2.16434E-02 
7.60680E-01 1.68560E-01 3.18014E-02 
8.25342E-01 1.85084E-01 4.81495E-02 
8.95941E-01 1.86990E-01 7.53558E-02 
9.70539E-01 1.87796E-01 1.22227E-01 
1.04909E+00 1.87543E-01 2.05958E-01 
1.13164E+00 1.86308E-01 3.61222E-01 
1.21853E+00 1.84226E-01 6.59728E-01 
1.31133E+00 1.81594E-01 1.25107E+00 
1.41599E+00 1.79210E-01 2.43708E+00 
1.55304E+00 1.79330E-01 4.74734E+00 
1.77614E+00 1.86922E-01 8.76714E+00 
2.14802E+00 2.05831E-01 1.42593E+01 
2.60882E+00 2.27160E-01 1.94948E+01 
2.99484E+00 2.36373E-01 2.29365E+01 
3.27807E-01 5.77829E-02 1.60551E-03 
3.41407E-01 6.44877E-02 1.91295E-03 
3.78266E-01 1.01076E-01 2.30670E-03 
4.04999E-01 1.10805E-01 2.81750E-03 
4.33852E-01 1.19735E-01 3.49079E-03 
4.64930E-01 1.27806E-01 4.39157E-03 
4.98335E-01 1.34971E-01 5.61631E-03 
5.25834E-01 1.39870E-01 6.87618E-03 
5.34153E-01 1.41195E-01 7.31062E-03 
5.75560E-01 1.46825E-01 9.92399E-03 
6.19924E-01 1.51324E-01 1.37981E-02 
6.67285E-01 1.54696E-01 1.96889E-02 
7.17653E-01 1.56963E-01 2.88956E-02 
7.74947E-01 1.70891E-01 4.36927E-02 
8.37603E-01 1.71319E-01 6.82853E-02 
9.03432E-01 1.70779E-01 1.10596E-01 
9.72350E-01 1.69327E-01 1.86074E-01 
1.04434E+00 1.67044E-01 3.25825E-01 
1.11969E+00 1.64066E-01 5.94091E-01 
1.19977E+00 1.60667E-01 1.12466E+00 
1.28993E+00 1.57552E-01 2.18696E+00 
1.40862E+00 1.56682E-01 4.25237E+00 
1.60383E+00 1.62325E-01 7.83847E+00 
1.93084E+00 1.77683E-01 1.27246E+01 
2.33449E+00 1.94959E-01 1.73626E+01 
2.66821E+00 2.01732E-01 2.03866E+01 
3.24009E-01 6.19940E-02 1.46932E-03 
3.36537E-01 6.77039E-02 1.75061E-03 
3.70548E-01 1.04717E-01 2.11046E-03 
3.95091E-01 1.12781E-01 2.57674E-03 
4.21525E-01 1.20016E-01 3.19084E-03 
4.49930E-01 1.26382E-01 4.01174E-03 
4.80377E-01 1.31853E-01 5.12687E-03 
5.05373E-01 1.35461E-01 6.27304E-03 
5.12922E-01 1.36413E-01 6.66809E-03 
5.50409E-01 1.40305E-01 9.04289E-03 
5.90405E-01 1.43143E-01 1.25594E-02 
6.32909E-01 1.44954E-01 1.79002E-02 
6.77891E-01 1.45774E-01 2.62370E-02 
7.28424E-01 1.57324E-01 3.96169E-02 
7.83843E-01 1.56478E-01 6.18230E-02 
8.41718E-01 1.54804E-01 9.99725E-02 
9.01933E-01 1.52365E-01 1.67924E-01 
9.64439E-01 1.49249E-01 2.93541E-01 
1.02946E+00 1.45585E-01 5.34277E-01 
1.09822E+00 1.41622E-01 1.00958E+00 
1.17553E+00 1.37980E-01 1.95947E+00 
1.27797E+00 1.36356E-01 3.80267E+00 
1.44843E+00 1.40397E-01 6.99566E+00 
1.73559E+00 1.52750E-01 1.13334E+01 
2.08869E+00 1.66616E-01 1.54322E+01 
2.37656E+00 1.71427E-01 1.80814E+01 
3.20979E-01 6.61040E-02 1.34492E-03 
3.32514E-01 7.07617E-02 1.60227E-03 
3.63352E-01 1.07934E-01 1.93110E-03 
3.85868E-01 1.14312E-01 2.35665E-03 
4.10071E-01 1.19860E-01 2.91661E-03 
4.36015E-01 1.24559E-01 3.66442E-03 
4.63744E-01 1.28401E-01 4.67927E-03 
4.86442E-01 1.30786E-01 5.72144E-03 
4.93285E-01 1.31386E-01 6.08045E-03 
5.27177E-01 1.33661E-01 8.23706E-03 
5.63176E-01 1.34982E-01 1.14266E-02 
6.01243E-01 1.35391E-01 1.62647E-02 
6.41314E-01 1.34938E-01 2.38067E-02 
6.85660E-01 1.44327E-01 3.58930E-02 
7.34505E-01 1.42409E-01 5.59218E-02 
7.85186E-01 1.39805E-01 9.02778E-02 
8.37566E-01 1.36584E-01 1.51373E-01 
8.91572E-01 1.32833E-01 2.64127E-01 
9.47388E-01 1.28675E-01 4.79831E-01 
1.00611E+00 1.24332E-01 9.04925E-01 
1.07206E+00 1.20346E-01 1.75283E+00 
1.16015E+00 1.18174E-01 3.39465E+00 
1.30873E+00 1.20919E-01 6.23189E+00 
1.56064E+00 1.30752E-01 1.00743E+01 
1.86916E+00 1.41773E-01 1.36875E+01 
2.11700E+00 1.45035E-01 1.60010E+01 
3.18659E-01 6.99316E-02 1.23158E-03 
3.29297E-01 7.34992E-02 1.46702E-03 
3.56651E-01 1.10494E-01 1.76748E-03 
3.77320E-01 1.15194E-01 2.15580E-03 
3.99491E-01 1.19095E-01 2.66625E-03 
4.23194E-01 1.22193E-01 3.34724E-03 
4.48446E-01 1.24496E-01 4.27041E-03 
4.69048E-01 1.25741E-01 5.21750E-03 
4.75246E-01 1.26018E-01 5.54359E-03 
5.05859E-01 1.26816E-01 7.50079E-03 
5.38211E-01 1.26778E-01 1.03916E-02 
5.72235E-01 1.25957E-01 1.47706E-02 
6.07840E-01 1.24412E-01 2.15872E-02 
6.46546E-01 1.31855E-01 3.24934E-02 
6.89434E-01 1.29064E-01 5.05380E-02 
7.33624E-01 1.25729E-01 8.14392E-02 
7.78969E-01 1.21920E-01 1.36297E-01 
8.25384E-01 1.17720E-01 2.37356E-01 
8.73021E-01 1.13243E-01 4.30329E-01 
9.22861E-01 1.08685E-01 8.09883E-01 
9.78819E-01 1.04514E-01 1.56539E+00 
1.05431E+00 1.01975E-01 3.02501E+00 
1.18361E+00 1.03691E-01 5.54091E+00 
1.40441E+00 1.11432E-01 8.93684E+00 
1.67378E+00 1.20104E-01 1.21137E+01 
1.88679E+00 1.22167E-01 1.41275E+01 
3.17005E-01 7.32791E-02 1.12855E-03 
3.26862E-01 7.57449E-02 1.34397E-03 
3.50455E-01 1.12160E-01 1.61849E-03 
3.69471E-01 1.15231E-01 1.97278E-03 
3.89817E-01 1.17558E-01 2.43800E-03 
4.11498E-01 1.19152E-01 3.05793E-03 
4.34507E-01 1.20033E-01 3.89733E-03 
4.53207E-01 1.20243E-01 4.75757E-03 
4.58820E-01 1.20229E-01 5.05357E-03 
4.86453E-01 1.19712E-01 6.82866E-03 
5.15489E-01 1.18490E-01 9.44677E-03 
5.45837E-01 1.16621E-01 1.34068E-02 
5.77389E-01 1.14170E-01 1.95618E-02 
6.10969E-01 1.19884E-01 2.93929E-02 
6.48473E-01 1.16416E-01 4.56311E-02 
6.86824E-01 1.12541E-01 7.33900E-02 
7.25871E-01 1.08325E-01 1.22579E-01 
7.65525E-01 1.03848E-01 2.13024E-01 
8.05919E-01 9.92089E-02 3.85387E-01 
8.47942E-01 9.45801E-02 7.23703E-01 
8.95138E-01 9.03618E-02 1.39565E+00 
9.59589E-01 8.76112E-02 2.69076E+00 
1.07197E+00 8.85320E-02 4.91699E+00 
1.26545E+00 9.45564E-02 7.91137E+00 
1.50054E+00 1.01308E-01 1.06973E+01 
1.68339E+00 1.02467E-01 1.24443E+01 
3.16000E-01 7.59504E-02 1.03506E-03 
3.25198E-01 7.73337E-02 1.23217E-03 
3.44815E-01 1.12717E-01 1.48298E-03 
3.62376E-01 1.14249E-01 1.80619E-03 
3.81101E-01 1.15114E-01 2.23007E-03 
4.00972E-01 1.15335E-01 2.79421E-03 
4.21962E-01 1.14942E-01 3.55710E-03 
4.38944E-01 1.14239E-01 4.33803E-03 
4.44028E-01 1.13970E-01 4.60656E-03 
4.68958E-01 1.12321E-01 6.21542E-03 
4.94981E-01 1.10104E-01 8.58473E-03 
5.21992E-01 1.07379E-01 1.21628E-02 
5.49866E-01 1.04210E-01 1.77149E-02 
5.78808E-01 1.08410E-01 2.65674E-02 
6.11454E-01 1.04455E-01 4.11628E-02 
6.44561E-01 1.00220E-01 6.60669E-02 
6.77983E-01 9.57669E-02 1.10112E-01 
7.11635E-01 9.11657E-02 1.90936E-01 
7.45636E-01 8.65041E-02 3.44642E-01 
7.80799E-01 8.19288E-02 6.45680E-01 
8.20344E-01 7.77790E-02 1.24221E+00 
8.75173E-01 7.49456E-02 2.38908E+00 
9.72767E-01 7.52704E-02 4.35480E+00 
1.14232E+00 7.99037E-02 6.98893E+00 
1.34751E+00 8.51062E-02 9.42549E+00 
1.50435E+00 8.56053E-02 1.09361E+01 
3.15652E-01 7.77719E-02 9.50365E-04 
3.24317E-01 7.81259E-02 1.13071E-03 
3.39831E-01 1.12002E-01 1.35984E-03 
3.56129E-01 1.12127E-01 1.65464E-03 
3.73426E-01 1.11679E-01 2.04075E-03 
3.91685E-01 1.10691E-01 2.55395E-03 
4.10861E-01 1.09198E-01 3.24698E-03 
4.26291E-01 1.07721E-01 3.95551E-03 
4.30894E-01 1.07239E-01 4.19898E-03 
4.53372E-01 1.04656E-01 5.65619E-03 
4.76659E-01 1.01642E-01 7.79867E-03 
5.00637E-01 9.82554E-02 1.10287E-02 
5.25176E-01 9.45582E-02 1.60320E-02 
5.49934E-01 9.74571E-02 2.39946E-02 
5.78203E-01 9.31948E-02 3.70980E-02 
6.06611E-01 8.87664E-02 5.94123E-02 
6.35021E-01 8.42274E-02 9.87965E-02 
6.63356E-01 7.96379E-02 1.70915E-01 
6.91732E-01 7.50720E-02 3.07765E-01 
7.20900E-01 7.06529E-02 5.75175E-01 
7.53792E-01 6.66648E-02 1.10379E+00 
8.00265E-01 6.38534E-02 2.11741E+00 
8.84976E-01 6.37497E-02 3.84947E+00 
1.03365E+00 6.72715E-02 6.16139E+00 
1.21288E+00 7.12409E-02 8.28688E+00 
1.34738E+00 7.12770E-02 9.58866E+00 
3.15999E-01 7.86170E-02 8.73556E-04 
3.24246E-01 7.80270E-02 1.03853E-03 
3.35638E-01 1.09926E-01 1.24779E-03 
3.50845E-01 1.08814E-01 1.51659E-03 
3.66883E-01 1.07236E-01 1.86815E-03 
3.83702E-01 1.05226E-01 2.33474E-03 
4.01240E-01 1.02825E-01 2.96390E-03 
4.15259E-01 1.00724E-01 3.60627E-03 
4.19427E-01 1.00073E-01 3.82684E-03 
4.39668E-01 9.67635E-02 5.14559E-03 
4.60456E-01 9.31529E-02 7.08111E-03 
4.81667E-01 8.92974E-02 9.99386E-03 
5.03172E-01 8.52522E-02 1.44974E-02 
5.24165E-01 8.70566E-02 2.16508E-02 
5.48485E-01 8.26515E-02 3.33989E-02 
5.72679E-01 7.81787E-02 5.33640E-02 
5.96624E-01 7.36854E-02 8.85267E-02 
6.20255E-01 6.92214E-02 1.52772E-01 
6.43690E-01 6.48476E-02 2.74403E-01 
6.67627E-01 6.06651E-02 5.11505E-01 
6.94746E-01 5.69096E-02 9.79019E-01 
7.33982E-01 5.42011E-02 1.87301E+00 
8.07496E-01 5.38055E-02 3.39581E+00 
9.37995E-01 5.64512E-02 5.42005E+00 
1.09471E+00 5.94512E-02 7.26915E+00 
1.21006E+00 5.91797E-02 8.38715E+00 
3.17092E-01 7.84228E-02 8.04171E-04 
3.25017E-01 7.70073E-02 9.55094E-04 
3.32416E-01 1.06514E-01 1.14621E-03 
3.46677E-01 1.04372E-01 1.39130E-03 
3.61600E-01 1.01873E-01 1.71136E-03 
3.77123E-01 9.90522E-02 2.13550E-03 
3.93175E-01 9.59504E-02 2.70653E-03 
4.05907E-01 9.33828E-02 3.28873E-03 
4.09675E-01 9.26075E-02 3.48848E-03 
4.27870E-01 8.87801E-02 4.68140E-03 
4.46371E-01 8.47711E-02 6.42904E-03 
4.65058E-01 8.06301E-02 9.05410E-03 
4.83804E-01 7.64050E-02 1.31049E-02 
5.01434E-01 7.73166E-02 1.95264E-02 
5.22205E-01 7.29129E-02 3.00508E-02 
5.42637E-01 6.85217E-02 4.78977E-02 
5.62624E-01 6.41818E-02 7.92601E-02 
5.82118E-01 5.99327E-02 1.36431E-01 
6.01240E-01 5.58227E-02 2.44410E-01 
6.20645E-01 5.19333E-02 4.54380E-01 
6.42795E-01 4.84579E-02 8.67312E-01 
6.75808E-01 4.59096E-02 1.65468E+00 
7.39662E-01 4.53316E-02 2.99144E+00 
8.54448E-01 4.73000E-02 4.76082E+00 
9.91781E-01 4.95516E-02 6.36636E+00 
1.09086E+00 4.90921E-02 7.32404E+00 
3.18993E-01 7.72055E-02 7.41107E-04 
3.26661E-01 7.51005E-02 8.79109E-04 
3.30313E-01 1.01872E-01 1.05357E-03 
3.43728E-01 9.89189E-02 1.27692E-03 
3.57635E-01 9.57142E-02 1.56813E-03 
3.71962E-01 9.22942E-02 1.95342E-03 
3.86633E-01 8.86955E-02 2.47129E-03 
3.98168E-01 8.58121E-02 2.99851E-03 
4.01565E-01 8.49555E-02 3.17925E-03 
4.17856E-01 8.08063E-02 4.25736E-03 
4.34237E-01 7.65796E-02 5.83378E-03 
4.50591E-01 7.23172E-02 8.19699E-03 
4.66804E-01 6.80584E-02 1.18364E-02 
4.81422E-01 6.82604E-02 1.75939E-02 
4.98984E-01 6.39768E-02 2.70097E-02 
5.16039E-01 5.97681E-02 4.29413E-02 
5.32503E-01 5.56642E-02 7.08738E-02 
5.48344E-01 5.16953E-02 1.21671E-01 
5.63690E-01 4.78983E-02 2.17378E-01 
5.79160E-01 4.43373E-02 4.03009E-01 
5.97021E-01 4.11699E-02 7.67090E-01 
6.24673E-01 3.88185E-02 1.45927E+00 
6.80170E-01 3.81403E-02 2.63042E+00 
7.81335E-01 3.95902E-02 4.17374E+00 
9.01943E-01 4.12690E-02 5.56450E+00 
9.87158E-01 4.07079E-02 6.38237E+00 
3.21741E-01 7.50525E-02 6.83705E-04 
3.29182E-01 7.24065E-02 8.09825E-04 
3.29462E-01 9.62069E-02 9.68996E-04 
3.42087E-01 9.26674E-02 1.17242E-03 
3.55034E-01 8.89733E-02 1.43722E-03 
3.68226E-01 8.51585E-02 1.78699E-03 
3.81586E-01 8.12558E-02 2.25630E-03 
3.91987E-01 7.81965E-02 2.73337E-03 
3.95032E-01 7.72978E-02 2.89677E-03 
4.09529E-01 7.30036E-02 3.87028E-03 
4.23923E-01 6.87177E-02 5.29095E-03 
4.38108E-01 6.44738E-02 7.41635E-03 
4.51983E-01 6.03023E-02 1.06827E-02 
4.63909E-01 5.99609E-02 1.58392E-02 
4.78563E-01 5.58885E-02 2.42536E-02 
4.92587E-01 5.19358E-02 3.84584E-02 
5.05914E-01 4.81246E-02 6.33046E-02 
5.18533E-01 4.44767E-02 1.08380E-01 
5.30579E-01 4.10191E-02 1.93092E-01 
5.42639E-01 3.78015E-02 3.56970E-01 
5.56809E-01 3.49512E-02 6.77497E-01 
5.79852E-01 3.28150E-02 1.28504E+00 
6.28136E-01 3.20965E-02 2.30939E+00 
7.17514E-01 3.31550E-02 3.65314E+00 
8.23717E-01 3.44005E-02 4.85544E+00 
8.97142E-01 3.37984E-02 5.55209E+00 
3.25342E-01 7.21113E-02 6.31266E-04 
3.32546E-01 6.90733E-02 7.46442E-04 
3.29925E-01 8.97885E-02 8.91557E-04 
3.41770E-01 8.58746E-02 1.07671E-03 
3.53769E-01 8.18911E-02 1.31732E-03 
3.65849E-01 7.78674E-02 1.63458E-03 
3.77933E-01 7.38316E-02 2.05954E-03 
3.87237E-01 7.07178E-02 2.49085E-03 
3.89944E-01 6.98107E-02 2.63845E-03 
4.02724E-01 6.55206E-02 3.51670E-03 
4.15234E-01 6.13056E-02 4.79576E-03 
4.27384E-01 5.71912E-02 6.70533E-03 
4.39085E-01 5.31996E-02 9.63370E-03 
4.48603E-01 5.24592E-02 1.42470E-02 
4.60613E-01 4.86611E-02 2.17579E-02 
4.71907E-01 4.50114E-02 3.44081E-02 
4.82439E-01 4.15252E-02 5.64820E-02 
4.92214E-01 3.82171E-02 9.64291E-02 
5.01373E-01 3.51059E-02 1.71312E-01 
5.10478E-01 3.22295E-02 3.15790E-01 
5.21469E-01 2.96903E-02 5.97580E-01 
5.40549E-01 2.77727E-02 1.13006E+00 
5.82600E-01 2.70545E-02 2.02465E+00 
6.61771E-01 2.78205E-02 3.19273E+00 
7.55554E-01 2.87409E-02 4.23024E+00 
8.18948E-01 2.81372E-02 4.82224E+00 
3.29746E-01 6.85675E-02 5.83171E-04 
3.36666E-01 6.52772E-02 6.88258E-04 
3.31678E-01 8.29135E-02 8.20444E-04 
3.42708E-01 7.88145E-02 9.88820E-04 
3.53737E-01 7.47154E-02 1.20726E-03 
3.64694E-01 7.06409E-02 1.49479E-03 
3.75508E-01 6.66140E-02 1.87924E-03 
3.83733E-01 6.35443E-02 2.26881E-03 
3.86109E-01 6.26559E-02 2.40201E-03 
3.97223E-01 5.84871E-02 3.19355E-03 
4.07929E-01 5.44417E-02 4.34396E-03 
4.18152E-01 5.05376E-02 6.05784E-03 
4.27821E-01 4.67900E-02 8.68042E-03 
4.35179E-01 4.57717E-02 1.28032E-02 
4.44778E-01 4.22843E-02 1.95003E-02 
4.53609E-01 3.89608E-02 3.07532E-02 
4.61643E-01 3.58105E-02 5.03413E-02 
4.68902E-01 3.28423E-02 8.57014E-02 
4.75534E-01 3.00687E-02 1.51815E-01 
4.82072E-01 2.75180E-02 2.79030E-01 
4.90324E-01 2.52725E-02 5.26447E-01 
5.05989E-01 2.35659E-02 9.92524E-01 
5.42640E-01 2.28734E-02 1.77272E+00 
6.12949E-01 2.34221E-02 2.78662E+00 
6.96000E-01 2.40995E-02 3.68052E+00 
7.50840E-01 2.35178E-02 4.18253E+00 
3.34835E-01 6.46205E-02 5.38889E-04 
3.41395E-01 6.12008E-02 6.34671E-04 
3.34595E-01 7.58743E-02 7.54962E-04 
3.44746E-01 7.17473E-02 9.07942E-04 
3.54753E-01 6.76741E-02 1.10607E-03 
3.64553E-01 6.36743E-02 1.36640E-03 
3.74082E-01 5.97657E-02 1.71387E-03 
3.81232E-01 5.68142E-02 2.06540E-03 
3.83281E-01 5.59642E-02 2.18548E-03 
3.92764E-01 5.20011E-02 2.89817E-03 
4.01729E-01 4.81929E-02 3.93183E-03 
4.10117E-01 4.45514E-02 5.46848E-03 
4.17876E-01 4.10855E-02 7.81475E-03 
4.23291E-01 3.98870E-02 1.14953E-02 
4.30686E-01 3.67241E-02 1.74605E-02 
4.37289E-01 3.37299E-02 2.74597E-02 
4.43087E-01 3.09093E-02 4.48231E-02 
4.48116E-01 2.82668E-02 7.60885E-02 
4.52530E-01 2.58102E-02 1.34395E-01 
4.56837E-01 2.35605E-02 2.46284E-01 
4.62720E-01 2.15840E-02 4.63273E-01 
4.75432E-01 2.00732E-02 8.70751E-01 
5.07390E-01 1.94203E-02 1.55036E+00 
5.69975E-01 1.98077E-02 2.42935E+00 
6.43715E-01 2.03035E-02 3.19845E+00 
6.91234E-01 1.97560E-02 3.62338E+00 
3.40432E-01 6.04620E-02 4.97990E-04 
3.46533E-01 5.70144E-02 5.85197E-04 
3.38456E-01 6.89303E-02 6.94551E-04 
3.47642E-01 6.48971E-02 8.33409E-04 
3.56562E-01 6.09562E-02 1.01294E-03 
3.65158E-01 5.71226E-02 1.24843E-03 
3.73380E-01 5.34094E-02 1.56217E-03 
3.79452E-01 5.06260E-02 1.87907E-03 
3.81176E-01 4.98277E-02 1.98723E-03 
3.89053E-01 4.61237E-02 2.62830E-03 
3.96332E-01 4.25924E-02 3.55616E-03 
4.02969E-01 3.92401E-02 4.93260E-03 
4.08929E-01 3.60710E-02 7.02964E-03 
4.12590E-01 3.47684E-02 1.03123E-02 
4.17967E-01 3.19257E-02 1.56204E-02 
4.22550E-01 2.92486E-02 2.44972E-02 
4.26344E-01 2.67390E-02 3.98739E-02 
4.29394E-01 2.43982E-02 6.74924E-02 
4.31857E-01 2.22307E-02 1.18864E-01 
4.34218E-01 2.02519E-02 2.17180E-01 
4.38047E-01 1.85157E-02 4.07300E-01 
4.48197E-01 1.71811E-02 7.63202E-01 
4.76054E-01 1.65737E-02 1.35461E+00 
5.31874E-01 1.68412E-02 2.11586E+00 
5.97498E-01 1.72005E-02 2.77687E+00 
6.38718E-01 1.66919E-02 3.13599E+00 
3.46308E-01 5.62565E-02 4.60115E-04 
3.51839E-01 5.28593E-02 5.39425E-04 
3.42966E-01 6.22857E-02 6.38732E-04 
3.51096E-01 5.84326E-02 7.64646E-04 
3.58857E-01 5.46966E-02 9.27168E-04 
3.66204E-01 5.10890E-02 1.13997E-03 
3.73092E-01 4.76186E-02 1.42300E-03 
3.78084E-01 4.50324E-02 1.70842E-03 
3.79485E-01 4.42929E-02 1.80574E-03 
3.85782E-01 4.08753E-02 2.38187E-03 
3.91428E-01 3.76369E-02 3.21401E-03 
3.96393E-01 3.45802E-02 4.44583E-03 
4.00655E-01 3.17060E-02 6.31844E-03 
4.02726E-01 3.03561E-02 9.24367E-03 
4.06254E-01 2.78163E-02 1.39631E-02 
4.09008E-01 2.54340E-02 2.18366E-02 
4.11002E-01 2.32088E-02 3.54424E-02 
4.12293E-01 2.11402E-02 5.98189E-02 
4.13036E-01 1.92302E-02 1.05043E-01 
4.13695E-01 1.74904E-02 1.91361E-01 
4.15735E-01 1.59646E-02 3.57804E-01 
4.23649E-01 1.47853E-02 6.68408E-01 
4.47903E-01 1.42242E-02 1.18265E+00 
4.97761E-01 1.44017E-02 1.84138E+00 
5.56266E-01 1.46577E-02 2.40899E+00 
5.92032E-01 1.41881E-02 2.71210E+00 
3.52171E-01 5.21535E-02 4.25149E-04 
3.57027E-01 4.88623E-02 4.97233E-04 
3.47757E-01 5.61139E-02 5.87368E-04 
3.54752E-01 5.24937E-02 7.01493E-04 
3.61299E-01 4.90045E-02 8.48556E-04 
3.67361E-01 4.56541E-02 1.04079E-03 
3.72906E-01 4.24481E-02 1.29601E-03 
3.76825E-01 4.00695E-02 1.55299E-03 
3.77908E-01 3.93911E-02 1.64054E-03 
3.82665E-01 3.62648E-02 2.15815E-03 
3.86740E-01 3.33163E-02 2.90424E-03 
3.90119E-01 3.05453E-02 4.00636E-03 
3.92792E-01 2.79502E-02 5.67820E-03 
3.93424E-01 2.65939E-02 8.28446E-03 
3.95267E-01 2.43305E-02 1.24798E-02 
3.96369E-01 2.22135E-02 1.94626E-02 
3.96755E-01 2.02413E-02 3.15003E-02 
3.96486E-01 1.84122E-02 5.30141E-02 
3.95719E-01 1.67266E-02 9.28252E-02 
3.94893E-01 1.51933E-02 1.68609E-01 
3.95378E-01 1.38486E-02 3.14327E-01 
4.01340E-01 1.28035E-02 5.85412E-01 
4.22421E-01 1.22861E-02 1.03259E+00 
4.67015E-01 1.23958E-02 1.60267E+00 
5.19263E-01 1.25731E-02 2.09012E+00 
5.50297E-01 1.21402E-02 2.34590E+00 
3.57822E-01 4.81932E-02 3.92444E-04 
3.61897E-01 4.50453E-02 4.57844E-04 
3.52535E-01 5.04234E-02 5.39517E-04 
3.58315E-01 4.70655E-02 6.42790E-04 
3.63589E-01 4.38439E-02 7.75651E-04 
3.68332E-01 4.07637E-02 9.49033E-04 
3.72520E-01 3.78283E-02 1.17882E-03 
3.75369E-01 3.56577E-02 1.40984E-03 
3.76137E-01 3.50397E-02 1.48847E-03 
3.79381E-01 3.21984E-02 1.95279E-03 
3.81936E-01 2.95280E-02 2.62070E-03 
3.83798E-01 2.70267E-02 3.60528E-03 
3.84969E-01 2.46910E-02 5.09562E-03 
3.84277E-01 2.33565E-02 7.41419E-03 
3.84569E-01 2.13426E-02 1.11381E-02 
3.84165E-01 1.94626E-02 1.73218E-02 
3.83097E-01 1.77144E-02 2.79563E-02 
3.81430E-01 1.60954E-02 4.69154E-02 
3.79317E-01 1.46054E-02 8.19094E-02 
3.77177E-01 1.32513E-02 1.48347E-01 
3.76289E-01 1.20630E-02 2.75732E-01 
3.80518E-01 1.11341E-02 5.11975E-01 
3.98756E-01 1.06573E-02 9.00255E-01 
4.38612E-01 1.07148E-02 1.39286E+00 
4.85252E-01 1.08306E-02 1.81080E+00 
5.12103E-01 1.04315E-02 2.02618E+00 
3.62947E-01 4.44665E-02 3.62123E-04 
3.66153E-01 4.14826E-02 4.21412E-04 
3.56913E-01 4.53005E-02 4.95362E-04 
3.61430E-01 4.22120E-02 5.88752E-04 
3.65404E-01 3.92589E-02 7.08708E-04 
3.68820E-01 3.64442E-02 8.64993E-04 
3.71664E-01 3.37698E-02 1.07177E-03 
3.73467E-01 3.17970E-02 1.27933E-03 
3.73927E-01 3.12361E-02 1.34993E-03 
3.75712E-01 2.86613E-02 1.76623E-03 
3.76818E-01 2.62475E-02 2.36389E-03 
3.77250E-01 2.39918E-02 3.24309E-03 
3.77020E-01 2.18900E-02 4.57109E-03 
3.75120E-01 2.05961E-02 6.63300E-03 
3.74003E-01 1.88016E-02 9.93731E-03 
3.72240E-01 1.71286E-02 1.54117E-02 
3.69870E-01 1.55745E-02 2.48040E-02 
3.66961E-01 1.41368E-02 4.15075E-02 
3.63662E-01 1.28148E-02 7.22606E-02 
3.60370E-01 1.16137E-02 1.30492E-01 
3.58279E-01 1.05589E-02 2.41833E-01 
3.60979E-01 9.72970E-03 4.47684E-01 
3.76676E-01 9.28952E-03 7.84785E-01 
4.12280E-01 9.30682E-03 1.21041E+00 
4.53909E-01 9.37485E-03 1.56872E+00 
4.77072E-01 9.00622E-03 1.74999E+00 
3.67325E-01 4.09850E-02 3.33924E-04 
3.69591E-01 3.81742E-02 3.87614E-04 
3.60599E-01 4.07188E-02 4.54504E-04 
3.63822E-01 3.78935E-02 5.38877E-04 
3.66487E-01 3.51984E-02 6.47084E-04 
3.68584E-01 3.26355E-02 7.87834E-04 
3.70108E-01 3.02054E-02 9.73749E-04 
3.70892E-01 2.84159E-02 1.16009E-03 
3.71057E-01 2.79075E-02 1.22341E-03 
3.71441E-01 2.55767E-02 1.59638E-03 
3.71170E-01 2.33957E-02 2.13076E-03 
3.70258E-01 2.13606E-02 2.91527E-03 
3.68723E-01 1.94673E-02 4.09778E-03 
3.65717E-01 1.82262E-02 5.93016E-03 
3.63318E-01 1.66233E-02 8.86023E-03 
3.60330E-01 1.51303E-02 1.37035E-02 
3.56795E-01 1.37443E-02 2.19935E-02 
3.52782E-01 1.24630E-02 3.67009E-02 
3.48436E-01 1.12854E-02 6.37110E-02 
3.44131E-01 1.02158E-02 1.14722E-01 
3.40984E-01 9.27557E-03 2.11984E-01 
3.42327E-01 8.53231E-03 3.91257E-01 
3.55736E-01 8.12522E-03 6.83774E-01 
3.87488E-01 8.11146E-03 1.05134E+00 
4.24594E-01 8.14204E-03 1.35836E+00 
4.44477E-01 7.80107E-03 1.51076E+00 
3.70754E-01 3.77497E-02 3.07699E-04 
3.72027E-01 3.51131E-02 3.56265E-04 
3.63331E-01 3.66419E-02 4.16706E-04 
3.65255E-01 3.40648E-02 4.92860E-04 
3.66619E-01 3.16105E-02 5.90376E-04 
3.67421E-01 2.92802E-02 7.17021E-04 
3.67662E-01 2.70737E-02 8.84032E-04 
3.67468E-01 2.54508E-02 1.05118E-03 
3.67349E-01 2.49901E-02 1.10793E-03 
3.66399E-01 2.28792E-02 1.44179E-03 
3.64830E-01 2.09064E-02 1.91921E-03 
3.62662E-01 1.90678E-02 2.61870E-03 
3.59919E-01 1.73591E-02 3.67085E-03 
3.55901E-01 1.61781E-02 5.29808E-03 
3.52342E-01 1.47422E-02 7.89444E-03 
3.48254E-01 1.34053E-02 1.21764E-02 
3.43680E-01 1.21650E-02 1.94885E-02 
3.38690E-01 1.10189E-02 3.24297E-02 
3.33424E-01 9.96611E-03 5.61372E-02 
3.28233E-01 9.00999E-03 1.00794E-01 
3.24161E-01 8.16874E-03 1.85707E-01 
3.24299E-01 7.50021E-03 3.41740E-01 
3.35640E-01 7.12324E-03 5.95420E-01 
3.63883E-01 7.08561E-03 9.12664E-01 
3.96885E-01 7.08690E-03 1.17556E+00 
4.13837E-01 6.77130E-03 1.30354E+00 
3.73064E-01 3.47474E-02 2.83312E-04 
3.73310E-01 3.22811E-02 3.27194E-04 
3.64900E-01 3.30186E-02 3.81750E-04 
3.65538E-01 3.06702E-02 4.50415E-04 
3.65628E-01 2.84361E-02 5.38212E-04 
3.65175E-01 2.63171E-02 6.52058E-04 
3.64185E-01 2.43125E-02 8.01949E-04 
3.63057E-01 2.28394E-02 9.51741E-04 
3.62669E-01 2.24214E-02 1.00256E-03 
3.60460E-01 2.05072E-02 1.30116E-03 
3.57677E-01 1.87198E-02 1.72733E-03 
3.54344E-01 1.70553E-02 2.35048E-03 
3.50489E-01 1.55098E-02 3.28588E-03 
3.45548E-01 1.43932E-02 4.72975E-03 
3.40947E-01 1.31029E-02 7.02862E-03 
3.35876E-01 1.19020E-02 1.08114E-02 
3.30382E-01 1.07885E-02 1.72560E-02 
3.24533E-01 9.76016E-03 2.86347E-02 
3.18463E-01 8.81592E-03 4.94279E-02 
3.12504E-01 7.95868E-03 8.84941E-02 
3.07626E-01 7.20388E-03 1.62572E-01 
3.06698E-01 6.60106E-03 2.98281E-01 
3.16165E-01 6.25188E-03 5.18127E-01 
3.41199E-01 6.19619E-03 7.91745E-01 
3.70459E-01 6.17482E-03 1.01670E+00 
3.84784E-01 5.88283E-03 1.12401E+00 
3.74123E-01 3.19576E-02 2.60645E-04 
3.73324E-01 2.96547E-02 3.00246E-04 
3.65147E-01 2.97917E-02 3.49435E-04 
3.64531E-01 2.76510E-02 4.11282E-04 
3.63391E-01 2.56161E-02 4.90247E-04 
3.61734E-01 2.36872E-02 5.92483E-04 
3.59574E-01 2.18639E-02 7.26876E-04 
3.57565E-01 2.05247E-02 8.60986E-04 
3.56923E-01 2.01448E-02 9.06444E-04 
3.53537E-01 1.84060E-02 1.17325E-03 
3.49628E-01 1.67835E-02 1.55332E-03 
3.45222E-01 1.52739E-02 2.10795E-03 
3.40352E-01 1.38731E-02 2.93879E-03 
3.34574E-01 1.28233E-02 4.21883E-03 
3.29043E-01 1.16605E-02 6.25248E-03 
3.23103E-01 1.05790E-02 9.59131E-03 
3.16801E-01 9.57680E-03 1.52664E-02 
3.10205E-01 8.65184E-03 2.52626E-02 
3.03443E-01 7.80311E-03 4.34842E-02 
2.96825E-01 7.03297E-03 7.76304E-02 
2.91256E-01 6.35453E-03 1.42201E-01 
2.89389E-01 5.81024E-03 2.60134E-01 
2.97159E-01 5.48708E-03 4.50498E-01 
3.19249E-01 5.41815E-03 6.86289E-01 
3.45086E-01 5.37959E-03 8.78589E-01 
3.57056E-01 5.10991E-03 9.68433E-01 
3.73840E-01 2.93810E-02 2.39780E-04 
3.72006E-01 2.72323E-02 2.75510E-04 
3.63980E-01 2.69310E-02 3.19851E-04 
3.62168E-01 2.49760E-02 3.75550E-04 
3.59863E-01 2.31186E-02 4.46565E-04 
3.57077E-01 2.13590E-02 5.38372E-04 
3.53826E-01 1.96965E-02 6.58867E-04 
3.51002E-01 1.84761E-02 7.78939E-04 
3.50127E-01 1.81300E-02 8.19606E-04 
3.45660E-01 1.65466E-02 1.05802E-03 
3.40724E-01 1.50702E-02 1.39699E-03 
3.35350E-01 1.36974E-02 1.89069E-03 
3.29570E-01 1.24248E-02 2.62876E-03 
3.23048E-01 1.14421E-02 3.76376E-03 
3.16704E-01 1.03913E-02 5.56313E-03 
3.10011E-01 9.41454E-03 8.51078E-03 
3.03017E-01 8.51008E-03 1.35095E-02 
2.95787E-01 7.67612E-03 2.22934E-02 
2.88443E-01 6.91159E-03 3.82660E-02 
2.81277E-01 6.21836E-03 6.81211E-02 
2.75129E-01 5.60758E-03 1.24424E-01 
2.72450E-01 5.11560E-03 2.26947E-01 
2.78699E-01 4.81688E-03 3.91848E-01 
2.98111E-01 4.73886E-03 5.95127E-01 
3.20843E-01 4.68779E-03 7.59582E-01 
3.30722E-01 4.43924E-03 8.34781E-01 
3.72141E-01 2.69448E-02 2.20204E-04 
3.69274E-01 2.49441E-02 2.52365E-04 
3.61307E-01 2.43288E-02 2.92244E-04 
3.58347E-01 2.25429E-02 3.42293E-04 
3.54932E-01 2.08470E-02 4.06014E-04 
3.51077E-01 1.92413E-02 4.88270E-04 
3.46801E-01 1.77250E-02 5.96062E-04 
3.43215E-01 1.66126E-02 7.03323E-04 
3.42123E-01 1.62972E-02 7.39622E-04 
3.36655E-01 1.48551E-02 9.52178E-04 
3.30777E-01 1.35114E-02 1.25381E-03 
3.24521E-01 1.22633E-02 1.69227E-03 
3.17920E-01 1.11073E-02 2.34643E-03 
3.10732E-01 1.01927E-02 3.35048E-03 
3.03673E-01 9.24293E-03 4.93886E-03 
2.96326E-01 8.36096E-03 7.53501E-03 
2.88738E-01 7.54514E-03 1.19274E-02 
2.80972E-01 6.79376E-03 1.96275E-02 
2.73144E-01 6.10577E-03 3.35945E-02 
2.65526E-01 5.48258E-03 5.96332E-02 
2.58895E-01 4.93358E-03 1.08603E-01 
2.55512E-01 4.48980E-03 1.97503E-01 
2.60377E-01 4.21475E-03 3.39978E-01 
2.77305E-01 4.13096E-03 5.14761E-01 
2.97165E-01 4.07113E-03 6.55000E-01 
3.05156E-01 3.84312E-03 7.17689E-01 
3.68997E-01 2.46649E-02 2.02104E-04 
3.65128E-01 2.28044E-02 2.31023E-04 
3.57123E-01 2.19792E-02 2.66855E-04 
3.53090E-01 2.03457E-02 3.11787E-04 
3.48643E-01 1.87954E-02 3.68913E-04 
3.43802E-01 1.73283E-02 4.42549E-04 
3.38586E-01 1.59440E-02 5.38897E-04 
3.34308E-01 1.49290E-02 6.34636E-04 
3.33019E-01 1.46414E-02 6.67010E-04 
3.26648E-01 1.33269E-02 8.56363E-04 
3.19928E-01 1.21034E-02 1.12457E-03 
3.12892E-01 1.09681E-02 1.51366E-03 
3.05573E-01 9.91797E-03 2.09299E-03 
2.97807E-01 9.07070E-03 2.98054E-03 
2.90142E-01 8.21190E-03 4.38161E-03 
2.82249E-01 7.41539E-03 6.66646E-03 
2.74172E-01 6.67958E-03 1.05233E-02 
2.65975E-01 6.00288E-03 1.72681E-02 
2.57765E-01 5.38415E-03 2.94722E-02 
2.49795E-01 4.82443E-03 5.21653E-02 
2.42785E-01 4.33156E-03 9.47257E-02 
2.38809E-01 3.93195E-03 1.71755E-01 
2.42440E-01 3.67964E-03 2.94759E-01 
2.57101E-01 3.59298E-03 4.44926E-01 
2.74346E-01 3.52765E-03 5.64410E-01 
2.80665E-01 3.31942E-03 6.16574E-01 
3.64388E-01 2.25156E-02 1.85305E-04 
3.59555E-01 2.07889E-02 2.11269E-04 
3.51425E-01 1.98346E-02 2.43416E-04 
3.46396E-01 1.83398E-02 2.83696E-04 
3.40999E-01 1.69222E-02 3.34838E-04 
3.35256E-01 1.55817E-02 4.00665E-04 
3.29189E-01 1.43180E-02 4.86664E-04 
3.24286E-01 1.33922E-02 5.72001E-04 
3.22820E-01 1.31300E-02 6.00834E-04 
3.15645E-01 1.19324E-02 7.69285E-04 
3.08182E-01 1.08191E-02 1.00743E-03 
3.00465E-01 9.78744E-03 1.35225E-03 
2.92527E-01 8.83448E-03 1.86460E-03 
2.84273E-01 8.05370E-03 2.64807E-03 
2.76106E-01 7.27796E-03 3.88220E-03 
2.67769E-01 6.55956E-03 5.89026E-03 
2.59305E-01 5.89696E-03 9.27194E-03 
2.50775E-01 5.28861E-03 1.51717E-02 
2.42281E-01 4.73333E-03 2.58199E-02 
2.34057E-01 4.23177E-03 4.55685E-02 
2.26764E-01 3.79045E-03 8.25037E-02 
2.22303E-01 3.43171E-03 1.49147E-01 
2.24836E-01 3.20138E-03 2.55183E-01 
2.37428E-01 3.11425E-03 3.83999E-01 
2.52288E-01 3.04612E-03 4.85626E-01 
2.57131E-01 2.85699E-03 5.28907E-01 
3.58325E-01 2.04861E-02 1.69724E-04 
3.52579E-01 1.88877E-02 1.92996E-04 
3.44250E-01 1.78663E-02 2.21792E-04 
3.38310E-01 1.64990E-02 2.57846E-04 
3.32051E-01 1.52033E-02 3.03562E-04 
3.25495E-01 1.39795E-02 3.62320E-04 
3.18667E-01 1.28269E-02 4.38968E-04 
3.13212E-01 1.19834E-02 5.14920E-04 
3.11590E-01 1.17447E-02 5.40562E-04 
3.03711E-01 1.06551E-02 6.90197E-04 
2.95607E-01 9.64367E-03 9.01345E-04 
2.87310E-01 8.70789E-03 1.20647E-03 
2.78856E-01 7.84491E-03 1.65892E-03 
2.70202E-01 7.12930E-03 2.34949E-03 
2.61637E-01 6.42999E-03 3.43495E-03 
2.52957E-01 5.78348E-03 5.19709E-03 
2.44207E-01 5.18829E-03 8.15767E-03 
2.35442E-01 4.64286E-03 1.33102E-02 
2.26760E-01 4.14598E-03 2.25865E-02 
2.18375E-01 3.69796E-03 3.97455E-02 
2.10894E-01 3.30413E-03 7.17479E-02 
2.06049E-01 2.98332E-03 1.29313E-01 
2.07618E-01 2.77420E-03 2.20570E-01 
2.18329E-01 2.68856E-03 3.30885E-01 
2.31026E-01 2.61983E-03 4.17162E-01 
2.34577E-01 2.44909E-03 4.52959E-01 
3.50816E-01 1.85630E-02 1.55232E-04 
3.44213E-01 1.70883E-02 1.76046E-04 
3.35630E-01 1.60465E-02 2.01787E-04 
3.28867E-01 1.47976E-02 2.33994E-04 
3.21836E-01 1.36156E-02 2.74776E-04 
3.14560E-01 1.25003E-02 3.27120E-04 
3.07063E-01 1.14513E-02 3.95298E-04 
3.01128E-01 1.06846E-02 4.62763E-04 
2.99372E-01 1.04678E-02 4.85522E-04 
2.90891E-01 9.47903E-03 6.18177E-04 
2.82246E-01 8.56276E-03 8.05013E-04 
2.73472E-01 7.71650E-03 1.07447E-03 
2.64602E-01 6.93752E-03 1.47321E-03 
2.55640E-01 6.28555E-03 2.08066E-03 
2.46776E-01 5.65717E-03 3.03339E-03 
2.37853E-01 5.07737E-03 4.57652E-03 
2.28913E-01 4.54469E-03 7.16298E-03 
2.20009E-01 4.05756E-03 1.16534E-02 
2.11230E-01 3.61473E-03 1.97171E-02 
2.02775E-01 3.21623E-03 3.45934E-02 
1.95196E-01 2.86636E-03 6.22603E-02 
1.90066E-01 2.58086E-03 1.11872E-01 
1.90796E-01 2.39219E-03 1.90230E-01 
1.99802E-01 2.30962E-03 2.84478E-01 
2.10541E-01 2.24207E-03 3.57535E-01 
2.12972E-01 2.08897E-03 3.87020E-01 
3.41903E-01 1.67434E-02 1.41762E-04 
3.34513E-01 1.53882E-02 1.60336E-04 
3.25642E-01 1.43607E-02 1.83295E-04 
3.18150E-01 1.32227E-02 2.12002E-04 
3.10442E-01 1.21470E-02 2.48306E-04 
3.02541E-01 1.11335E-02 2.94837E-04 
2.94473E-01 1.01817E-02 3.55352E-04 
2.88133E-01 9.48702E-03 4.15152E-04 
2.86264E-01 9.29068E-03 4.35309E-04 
2.77285E-01 8.39649E-03 5.52663E-04 
2.68205E-01 7.56939E-03 7.17634E-04 
2.59056E-01 6.80699E-03 9.55082E-04 
2.49872E-01 6.10664E-03 1.30573E-03 
2.40692E-01 5.51634E-03 1.83892E-03 
2.31630E-01 4.95396E-03 2.67333E-03 
2.22562E-01 4.43616E-03 4.02168E-03 
2.13527E-01 3.96150E-03 6.27626E-03 
2.04576E-01 3.52842E-03 1.01808E-02 
1.95791E-01 3.13562E-03 1.71743E-02 
1.87352E-01 2.78289E-03 3.00417E-02 
1.79760E-01 2.47363E-03 5.39041E-02 
1.74438E-01 2.22092E-03 9.65592E-02 
1.74451E-01 2.05183E-03 1.63678E-01 
1.81924E-01 1.97355E-03 2.43996E-01 
1.90903E-01 1.90856E-03 3.05690E-01 
1.92375E-01 1.77226E-03 3.29867E-01 
3.31640E-01 1.50246E-02 1.29235E-04 
3.23540E-01 1.37849E-02 1.45766E-04 
3.14370E-01 1.27964E-02 1.66191E-04 
3.06247E-01 1.17629E-02 1.91717E-04 
2.97960E-01 1.07875E-02 2.23955E-04 
2.89534E-01 9.86998E-03 2.65218E-04 
2.80994E-01 9.00975E-03 3.18802E-04 
2.74325E-01 8.38284E-03 3.71680E-04 
2.72366E-01 8.20583E-03 3.89489E-04 
2.62995E-01 7.40061E-03 4.93055E-04 
2.53584E-01 6.65734E-03 6.38366E-04 
2.44164E-01 5.97367E-03 8.47099E-04 
2.34766E-01 5.34702E-03 1.15470E-03 
2.25462E-01 4.81608E-03 1.62154E-03 
2.16299E-01 4.31518E-03 2.35050E-03 
2.07180E-01 3.85506E-03 3.52568E-03 
1.98142E-01 3.43426E-03 5.48594E-03 
1.89232E-01 3.05126E-03 8.87221E-03 
1.80525E-01 2.70472E-03 1.49217E-02 
1.72184E-01 2.39422E-03 2.60219E-02 
1.64662E-01 2.12242E-03 4.65474E-02 
1.59236E-01 1.90008E-03 8.31207E-02 
1.58646E-01 1.74963E-03 1.40452E-01 
1.64751E-01 1.67651E-03 2.08703E-01 
1.72160E-01 1.61515E-03 2.60637E-01 
1.72826E-01 1.49471E-03 2.80361E-01 
3.20086E-01 1.34044E-02 1.17568E-04 
3.11362E-01 1.22767E-02 1.32237E-04 
3.01903E-01 1.13443E-02 1.50355E-04 
2.93250E-01 1.04098E-02 1.72986E-04 
2.84486E-01 9.52925E-03 2.01532E-04 
2.75635E-01 8.70249E-03 2.38019E-04 
2.66724E-01 7.92879E-03 2.85332E-04 
2.59803E-01 7.36590E-03 3.31955E-04 
2.57778E-01 7.20712E-03 3.47645E-04 
2.48121E-01 6.48577E-03 4.38784E-04 
2.38483E-01 5.82138E-03 5.66412E-04 
2.28895E-01 5.21166E-03 7.49374E-04 
2.19385E-01 4.65410E-03 1.01843E-03 
2.10046E-01 4.17991E-03 1.42599E-03 
2.00877E-01 3.73630E-03 2.06095E-03 
1.91798E-01 3.32979E-03 3.08216E-03 
1.82845E-01 2.95895E-03 4.78139E-03 
1.74060E-01 2.62227E-03 7.70926E-03 
1.65511E-01 2.31841E-03 1.29260E-02 
1.57346E-01 2.04680E-03 2.24717E-02 
1.49969E-01 1.80944E-03 4.00709E-02 
1.44521E-01 1.61512E-03 7.13285E-02 
1.43436E-01 1.48227E-03 1.20139E-01 
1.48331E-01 1.41494E-03 1.77939E-01 
1.54349E-01 1.35794E-03 2.21496E-01 
1.54349E-01 1.25237E-03 2.37493E-01 
3.07344E-01 1.18860E-02 1.06716E-04 
2.98091E-01 1.08660E-02 1.19689E-04 
2.88373E-01 1.00008E-02 1.35711E-04 
2.79296E-01 9.16005E-03 1.55714E-04 
2.70159E-01 8.36935E-03 1.80915E-04 
2.60987E-01 7.62836E-03 2.13081E-04 
2.51807E-01 6.93629E-03 2.54731E-04 
2.44714E-01 6.43371E-03 2.95717E-04 
2.42643E-01 6.29209E-03 3.09499E-04 
2.32808E-01 5.64958E-03 3.89460E-04 
2.23049E-01 5.05919E-03 5.01220E-04 
2.13393E-01 4.51867E-03 6.61109E-04 
2.03869E-01 4.02560E-03 8.95730E-04 
1.94585E-01 3.60516E-03 1.25045E-03 
1.85499E-01 3.21469E-03 1.80183E-03 
1.76547E-01 2.85778E-03 2.68648E-03 
1.67761E-01 2.53304E-03 4.15479E-03 
1.59179E-01 2.23898E-03 6.67823E-03 
1.50863E-01 1.97428E-03 1.11623E-02 
1.42943E-01 1.73825E-03 1.93443E-02 
1.35780E-01 1.53236E-03 3.43844E-02 
1.30385E-01 1.36371E-03 6.10088E-02 
1.28908E-01 1.24733E-03 1.02422E-01 
1.32744E-01 1.18613E-03 1.51198E-01 
1.37545E-01 1.13398E-03 1.87590E-01 
1.37009E-01 1.04221E-03 2.00480E-01 
2.93473E-01 1.04659E-02 9.65865E-05 
2.83790E-01 9.54958E-03 1.08015E-04 
2.73862E-01 8.75814E-03 1.22126E-04 
2.64466E-01 8.00643E-03 1.39739E-04 
2.55061E-01 7.30088E-03 1.61902E-04 
2.45673E-01 6.64104E-03 1.90153E-04 
2.36327E-01 6.02606E-03 2.26678E-04 
2.29138E-01 5.58033E-03 2.62571E-04 
2.27045E-01 5.45486E-03 2.74631E-04 
2.17137E-01 4.88647E-03 3.44521E-04 
2.07359E-01 4.36546E-03 4.42013E-04 
1.97735E-01 3.88964E-03 5.81201E-04 
1.88291E-01 3.45669E-03 7.85007E-04 
1.79149E-01 3.08690E-03 1.09254E-03 
1.70232E-01 2.74566E-03 1.56946E-03 
1.61488E-01 2.43458E-03 2.33277E-03 
1.52946E-01 2.15229E-03 3.59645E-03 
1.44640E-01 1.89736E-03 5.76249E-03 
1.36624E-01 1.66850E-03 9.60095E-03 
1.29013E-01 1.46495E-03 1.65849E-02 
1.22125E-01 1.28774E-03 2.93836E-02 
1.16852E-01 1.14252E-03 5.19642E-02 
1.15077E-01 1.04146E-03 8.69470E-02 
1.17995E-01 9.86542E-04 1.27923E-01 
1.21738E-01 9.39510E-04 1.58179E-01 
1.20784E-01 8.60456E-04 1.68485E-01 
2.78744E-01 9.15911E-03 8.72296E-05 
2.68739E-01 8.34107E-03 9.72654E-05 
2.58666E-01 7.62564E-03 1.09657E-04 
2.49061E-01 6.95738E-03 1.25121E-04 
2.39497E-01 6.33146E-03 1.44556E-04 
2.29997E-01 5.74734E-03 1.69297E-04 
2.20587E-01 5.20413E-03 2.01239E-04 
2.13380E-01 4.81119E-03 2.32586E-04 
2.11287E-01 4.70071E-03 2.43110E-04 
2.01409E-01 4.20094E-03 3.04027E-04 
1.91710E-01 3.74399E-03 3.88837E-04 
1.82212E-01 3.32773E-03 5.09672E-04 
1.72937E-01 2.94996E-03 6.86218E-04 
1.64015E-01 2.62699E-03 9.52099E-04 
1.55344E-01 2.33066E-03 1.36347E-03 
1.46881E-01 2.06123E-03 2.02023E-03 
1.38650E-01 1.81741E-03 3.10473E-03 
1.30682E-01 1.59782E-03 4.95868E-03 
1.23022E-01 1.40123E-03 8.23499E-03 
1.15772E-01 1.22683E-03 1.41789E-02 
1.09210E-01 1.07531E-03 2.50381E-02 
1.04116E-01 9.51125E-04 4.41320E-02 
1.02133E-01 8.64022E-04 7.35936E-02 
1.04272E-01 8.15309E-04 1.07909E-01 
1.07117E-01 7.73428E-04 1.32979E-01 
1.05855E-01 7.05861E-04 1.41165E-01 
2.63028E-01 7.94382E-03 7.84379E-05 
2.52811E-01 7.21987E-03 8.71991E-05 
2.42668E-01 6.58134E-03 9.80190E-05 
2.32960E-01 5.99230E-03 1.11519E-04 
2.23340E-01 5.44178E-03 1.28467E-04 
2.13831E-01 4.92918E-03 1.50014E-04 
2.04455E-01 4.45356E-03 1.77792E-04 
1.97306E-01 4.11022E-03 2.05016E-04 
1.95234E-01 4.01380E-03 2.14148E-04 
1.85486E-01 3.57832E-03 2.66946E-04 
1.75962E-01 3.18117E-03 3.40309E-04 
1.66681E-01 2.82034E-03 4.44614E-04 
1.57661E-01 2.49376E-03 5.96673E-04 
1.49035E-01 2.21445E-03 8.25223E-04 
1.40686E-01 1.95950E-03 1.17799E-03 
1.32573E-01 1.72835E-03 1.73975E-03 
1.24717E-01 1.51974E-03 2.66493E-03 
1.17145E-01 1.33241E-03 4.24220E-03 
1.09896E-01 1.16517E-03 7.02163E-03 
1.03057E-01 1.01721E-03 1.20491E-02 
9.68684E-02 8.88920E-04 2.12049E-02 
9.20075E-02 7.83790E-04 3.72474E-02 
8.98920E-02 7.09517E-04 6.18977E-02 
9.13714E-02 6.66883E-04 9.04422E-02 
9.34496E-02 6.30122E-04 1.11065E-01 
9.19721E-02 5.73009E-04 1.17492E-01 
2.46600E-01 6.83236E-03 7.02595E-05 
2.36284E-01 6.19702E-03 7.78678E-05 
2.26156E-01 5.63358E-03 8.72667E-05 
2.16453E-01 5.11859E-03 9.89935E-05 
2.06882E-01 4.63837E-03 1.13700E-04 
1.97464E-01 4.19224E-03 1.32373E-04 
1.88221E-01 3.77928E-03 1.56412E-04 
1.81200E-01 3.48180E-03 1.79939E-04 
1.79170E-01 3.39837E-03 1.87825E-04 
1.69647E-01 3.02210E-03 2.33363E-04 
1.60387E-01 2.67986E-03 2.96513E-04 
1.51406E-01 2.36977E-03 3.86108E-04 
1.42719E-01 2.08987E-03 5.16427E-04 
1.34460E-01 1.85052E-03 7.11911E-04 
1.26496E-01 1.63309E-03 1.01291E-03 
1.18791E-01 1.43651E-03 1.49098E-03 
1.11364E-01 1.25961E-03 2.27622E-03 
1.04237E-01 1.10121E-03 3.61117E-03 
9.74404E-02 9.60207E-04 5.95675E-03 
9.10495E-02 8.35800E-04 1.01865E-02 
8.52705E-02 7.28174E-04 1.78648E-02 
8.06853E-02 6.39996E-04 3.12703E-02 
7.85075E-02 5.77287E-04 5.17808E-02 
7.94427E-02 5.40436E-04 7.53897E-02 
8.08850E-02 5.08596E-04 9.22491E-02 
7.92756E-02 4.60812E-04 9.72399E-02 
2.29610E-01 5.82356E-03 6.26572E-05 
2.19310E-01 5.27100E-03 6.92250E-05 
2.09288E-01 4.77939E-03 7.73427E-05 
1.99694E-01 4.33314E-03 8.74722E-05 
1.90272E-01 3.91798E-03 1.00162E-04 
1.81043E-01 3.53321E-03 1.16255E-04 
1.72023E-01 3.17790E-03 1.36944E-04 
1.65199E-01 2.92251E-03 1.57165E-04 
1.63231E-01 2.85097E-03 1.63937E-04 
1.54021E-01 2.52885E-03 2.02998E-04 
1.45108E-01 2.23666E-03 2.57057E-04 
1.36503E-01 1.97264E-03 3.33589E-04 
1.28219E-01 1.73499E-03 4.44656E-04 
1.20385E-01 1.53188E-03 6.10924E-04 
1.12862E-01 1.34819E-03 8.66300E-04 
1.05616E-01 1.18259E-03 1.27084E-03 
9.86626E-02 1.03400E-03 1.93348E-03 
9.20174E-02 9.01351E-04 3.05677E-03 
8.57071E-02 7.83610E-04 5.02460E-03 
7.97933E-02 6.80024E-04 8.56214E-03 
7.44510E-02 5.90617E-04 1.49625E-02 
7.01756E-02 5.17396E-04 2.60960E-02 
6.79963E-02 4.65005E-04 4.30558E-02 
6.84928E-02 4.33557E-04 6.24574E-02 
6.94172E-02 4.06349E-04 7.61449E-02 
6.77477E-02 3.66808E-04 7.99714E-02 
2.12218E-01 4.91545E-03 5.55996E-05 
2.02046E-01 4.43956E-03 6.12314E-05 
1.92223E-01 4.01548E-03 6.81971E-05 
1.82839E-01 3.63254E-03 7.68917E-05 
1.73663E-01 3.27713E-03 8.77732E-05 
1.64712E-01 2.94853E-03 1.01557E-04 
1.56003E-01 2.64583E-03 1.19252E-04 
1.49439E-01 2.42873E-03 1.36523E-04 
1.47549E-01 2.36799E-03 1.42303E-04 
1.38733E-01 2.09497E-03 1.75601E-04 
1.30241E-01 1.84800E-03 2.21592E-04 
1.22080E-01 1.62547E-03 2.86560E-04 
1.14259E-01 1.42572E-03 3.80628E-04 
1.06902E-01 1.25516E-03 5.21158E-04 
9.98668E-02 1.10155E-03 7.36460E-04 
9.31203E-02 9.63474E-04 1.07660E-03 
8.66740E-02 8.39958E-04 1.63217E-03 
8.05403E-02 7.30018E-04 2.57121E-03 
7.47398E-02 6.32730E-04 4.21125E-03 
6.93227E-02 5.47386E-04 7.15012E-03 
6.44354E-02 4.73902E-04 1.24493E-02 
6.04953E-02 4.13755E-04 2.16325E-02 
5.83665E-02 3.70478E-04 3.55584E-02 
5.85189E-02 3.43993E-04 5.13878E-02 
5.90314E-02 3.21065E-04 6.24138E-02 
5.73620E-02 2.88727E-04 6.53045E-02 
1.94594E-01 4.10536E-03 4.90609E-05 
1.84659E-01 3.69979E-03 5.38539E-05 
1.75128E-01 3.33826E-03 5.97879E-05 
1.66049E-01 3.01310E-03 6.71981E-05 
1.57208E-01 2.71204E-03 7.64636E-05 
1.48620E-01 2.43438E-03 8.81872E-05 
1.40299E-01 2.17924E-03 1.03217E-04 
1.34051E-01 1.99667E-03 1.17868E-04 
1.32256E-01 1.94566E-03 1.22767E-04 
1.23906E-01 1.71674E-03 1.50956E-04 
1.15898E-01 1.51024E-03 1.89812E-04 
1.08239E-01 1.32470E-03 2.44580E-04 
1.00932E-01 1.15865E-03 3.23694E-04 
9.40944E-02 1.01702E-03 4.41640E-04 
8.75829E-02 8.89981E-04 6.21874E-04 
8.13662E-02 7.76131E-04 9.05822E-04 
7.54523E-02 6.74595E-04 1.36827E-03 
6.98497E-02 5.84499E-04 2.14758E-03 
6.45735E-02 5.05018E-04 3.50439E-03 
5.96637E-02 4.35503E-04 5.92774E-03 
5.52411E-02 3.75799E-04 1.02821E-02 
5.16532E-02 3.26967E-04 1.77987E-02 
4.96176E-02 2.91651E-04 2.91444E-02 
4.95100E-02 2.69653E-04 4.19558E-02 
4.97044E-02 2.50608E-04 5.07608E-02 
4.80844E-02 2.24498E-04 5.29067E-02 
1.76910E-01 3.38955E-03 4.30177E-05 
1.67316E-01 3.04785E-03 4.70625E-05 
1.58165E-01 2.74343E-03 5.20763E-05 
1.49479E-01 2.47049E-03 5.83416E-05 
1.41054E-01 2.21841E-03 6.61691E-05 
1.32905E-01 1.98650E-03 7.60625E-05 
1.25042E-01 1.77394E-03 8.87296E-05 
1.19160E-01 1.62219E-03 1.01061E-04 
1.17474E-01 1.57985E-03 1.05181E-04 
1.09650E-01 1.39014E-03 1.28860E-04 
1.02182E-01 1.21951E-03 1.61432E-04 
9.50708E-02 1.06665E-03 2.07243E-04 
8.83178E-02 9.30244E-04 2.73258E-04 
8.20313E-02 8.14060E-04 3.71470E-04 
7.60700E-02 7.10251E-04 5.21151E-04 
7.04039E-02 6.17506E-04 7.56294E-04 
6.50377E-02 5.35051E-04 1.13813E-03 
5.99763E-02 4.62118E-04 1.77959E-03 
5.52299E-02 3.97983E-04 2.89281E-03 
5.08295E-02 3.42064E-04 4.87437E-03 
4.68731E-02 2.94164E-04 8.42204E-03 
4.36463E-02 2.55023E-04 1.45218E-02 
4.17378E-02 2.26581E-04 2.36844E-02 
4.14435E-02 2.08577E-04 3.39598E-02 
4.14017E-02 1.92997E-04 4.09227E-02 
3.98696E-02 1.72206E-04 4.24825E-02 
1.59346E-01 2.76368E-03 3.74513E-05 
1.50188E-01 2.47935E-03 4.08322E-05 
1.41500E-01 2.22639E-03 4.50296E-05 
1.33284E-01 2.00013E-03 5.02796E-05 
1.25349E-01 1.79169E-03 5.68339E-05 
1.17704E-01 1.60042E-03 6.51096E-05 
1.10358E-01 1.42557E-03 7.56922E-05 
1.04883E-01 1.30103E-03 8.59806E-05 
1.03317E-01 1.26633E-03 8.94154E-05 
9.60706E-02 1.11112E-03 1.09133E-04 
8.91844E-02 9.71930E-04 1.36201E-04 
8.26578E-02 8.47604E-04 1.74183E-04 
7.64882E-02 7.36997E-04 2.28785E-04 
7.07741E-02 6.42938E-04 3.09844E-04 
6.53792E-02 5.59216E-04 4.33048E-04 
6.02744E-02 4.84654E-04 6.26031E-04 
5.54614E-02 4.18578E-04 9.38444E-04 
5.09421E-02 3.60324E-04 1.46162E-03 
4.67224E-02 3.09266E-04 2.36654E-03 
4.28253E-02 2.64893E-04 3.97171E-03 
3.93287E-02 2.26989E-04 6.83479E-03 
3.64641E-02 1.96052E-04 1.17371E-02 
3.47085E-02 1.73474E-04 1.90644E-02 
3.42902E-02 1.58967E-04 2.72227E-02 
3.40824E-02 1.46428E-04 3.26686E-02 
3.26670E-02 1.30124E-04 3.37738E-02 
1.42075E-01 2.22251E-03 3.23436E-05 
1.33440E-01 1.98912E-03 3.51391E-05 
1.25289E-01 1.78190E-03 3.86166E-05 
1.17612E-01 1.59691E-03 4.29715E-05 
1.10226E-01 1.42691E-03 4.84048E-05 
1.03141E-01 1.27133E-03 5.52589E-05 
9.63605E-02 1.12949E-03 6.40130E-05 
9.13259E-02 1.02870E-03 7.25128E-05 
8.98888E-02 1.00065E-03 7.53484E-05 
8.32576E-02 8.75441E-04 9.16064E-05 
7.69850E-02 7.63486E-04 1.13878E-04 
7.10674E-02 6.63793E-04 1.45060E-04 
6.54993E-02 5.75374E-04 1.89775E-04 
6.03687E-02 5.00317E-04 2.56011E-04 
5.55462E-02 4.33762E-04 3.56406E-04 
5.10037E-02 3.74680E-04 5.13188E-04 
4.67406E-02 3.22498E-04 7.66197E-04 
4.27557E-02 2.76649E-04 1.18850E-03 
3.90514E-02 2.36603E-04 1.91643E-03 
3.56438E-02 2.01918E-04 3.20300E-03 
3.25937E-02 1.72378E-04 5.48893E-03 
3.00858E-02 1.48299E-04 9.38621E-03 
2.85005E-02 1.30657E-04 1.51811E-02 
2.80108E-02 1.19165E-04 2.15848E-02 
2.76958E-02 1.09250E-04 2.57917E-02 
2.64168E-02 9.66811E-05 2.65499E-02 
1.25238E-01 1.75942E-03 2.76702E-05 
1.17201E-01 1.57079E-03 2.99523E-05 
1.09652E-01 1.40376E-03 3.27982E-05 
1.02569E-01 1.25484E-03 3.63677E-05 
9.57848E-02 1.11836E-03 4.08192E-05 
8.93030E-02 9.93782E-04 4.64299E-05 
8.31264E-02 8.80514E-04 5.35877E-05 
7.85573E-02 8.00231E-04 6.05291E-05 
7.72558E-02 7.77921E-04 6.28430E-05 
7.12672E-02 6.78502E-04 7.60940E-05 
6.56288E-02 5.89885E-04 9.42090E-05 
6.03344E-02 5.11221E-04 1.19512E-04 
5.53762E-02 4.41677E-04 1.55704E-04 
5.08310E-02 3.82755E-04 2.09197E-04 
4.65783E-02 3.30706E-04 2.90044E-04 
4.25911E-02 2.84658E-04 4.15905E-04 
3.88666E-02 2.44129E-04 6.18351E-04 
3.54014E-02 2.08646E-04 9.55103E-04 
3.21949E-02 1.77766E-04 1.53350E-03 
2.92574E-02 1.51116E-04 2.55192E-03 
2.66349E-02 1.28492E-04 4.35414E-03 
2.44723E-02 1.10081E-04 7.41297E-03 
2.30678E-02 9.65437E-05 1.19364E-02 
2.25495E-02 8.76121E-05 1.68957E-02 
2.21753E-02 7.99263E-05 2.00983E-02 
2.10447E-02 7.04260E-05 2.05965E-02 
1.09145E-01 1.37175E-03 2.34548E-05 
1.01763E-01 1.22158E-03 2.52943E-05 
9.48609E-02 1.08905E-03 2.75954E-05 
8.84135E-02 9.70981E-04 3.04872E-05 
8.22622E-02 8.63063E-04 3.40925E-05 
7.64099E-02 7.64827E-04 3.86335E-05 
7.08568E-02 6.75755E-04 4.44205E-05 
6.67645E-02 6.12780E-04 5.00259E-05 
6.56014E-02 5.95305E-04 5.18930E-05 
6.02643E-02 5.17576E-04 6.25730E-05 
5.52629E-02 4.48511E-04 7.71429E-05 
5.05889E-02 3.87400E-04 9.74462E-05 
4.62327E-02 3.33550E-04 1.26412E-04 
4.22599E-02 2.88018E-04 1.69129E-04 
3.85600E-02 2.47951E-04 2.33499E-04 
3.51076E-02 2.12628E-04 3.33387E-04 
3.18980E-02 1.81652E-04 4.93515E-04 
2.89260E-02 1.54633E-04 7.58934E-04 
2.61888E-02 1.31210E-04 1.21313E-03 
2.36919E-02 1.11074E-04 2.00975E-03 
2.14693E-02 9.40390E-05 3.41357E-03 
1.96321E-02 8.02027E-05 5.78513E-03 
1.84108E-02 6.99964E-05 9.27239E-03 
1.78973E-02 6.31828E-05 1.30640E-02 
1.75022E-02 5.73404E-05 1.54680E-02 
1.65235E-02 5.03013E-05 1.57776E-02 
9.37396E-02 1.04773E-03 1.96274E-05 
8.70630E-02 9.30555E-04 2.10842E-05 
8.08489E-02 8.27586E-04 2.29135E-05 
7.50697E-02 7.35846E-04 2.52182E-05 
6.95791E-02 6.52226E-04 2.80913E-05 
6.43778E-02 5.76323E-04 3.17081E-05 
5.94637E-02 5.07696E-04 3.63130E-05 
5.58564E-02 4.59302E-04 4.07683E-05 
5.48334E-02 4.45893E-04 4.22511E-05 
5.01528E-02 3.86364E-04 5.07236E-05 
4.57879E-02 3.33642E-04 6.22575E-05 
4.17286E-02 2.87148E-04 7.82916E-05 
3.79639E-02 2.46318E-04 1.01106E-04 
3.45488E-02 2.11868E-04 1.34674E-04 
3.13836E-02 1.81673E-04 1.85101E-04 
2.84446E-02 1.55153E-04 2.63091E-04 
2.57258E-02 1.31986E-04 3.87672E-04 
2.32208E-02 1.11860E-04 5.93407E-04 
2.09249E-02 9.44862E-05 9.44098E-04 
1.88400E-02 7.96128E-05 1.55666E-03 
1.69900E-02 6.70802E-05 2.63138E-03 
1.54584E-02 5.69243E-05 4.43804E-03 
1.44189E-02 4.94116E-05 7.07870E-03 
1.39354E-02 4.43399E-05 9.92445E-03 
1.35481E-02 4.00128E-05 1.16930E-02 
1.27207E-02 3.49393E-05 1.18684E-02 
7.92727E-02 7.83281E-04 1.62032E-05 
7.33317E-02 6.93746E-04 1.73351E-05 
6.78282E-02 6.15502E-04 1.87633E-05 
6.27324E-02 5.45708E-04 2.05684E-05 
5.79120E-02 4.82270E-04 2.28192E-05 
5.33655E-02 4.24850E-04 2.56516E-05 
4.90892E-02 3.73088E-04 2.92548E-05 
4.59625E-02 3.36682E-04 3.27372E-05 
4.50779E-02 3.26610E-04 3.38954E-05 
4.10423E-02 2.81985E-04 4.05056E-05 
3.72975E-02 2.42595E-04 4.94852E-05 
3.38325E-02 2.07977E-04 6.19380E-05 
3.06353E-02 1.77684E-04 7.96084E-05 
2.77507E-02 1.52179E-04 1.05546E-04 
2.50906E-02 1.29917E-04 1.44387E-04 
2.26332E-02 1.10442E-04 2.04247E-04 
2.03715E-02 9.34999E-05 2.99513E-04 
1.82984E-02 7.88475E-05 4.56228E-04 
1.64079E-02 6.62564E-05 7.22270E-04 
1.46994E-02 5.55291E-05 1.18497E-03 
1.31887E-02 4.65307E-05 1.99300E-03 
1.19367E-02 3.92603E-05 3.34430E-03 
1.10714E-02 3.38685E-05 5.30685E-03 
1.06352E-02 3.01899E-05 7.40187E-03 
1.02766E-02 2.70733E-05 8.67567E-03 
9.59383E-03 2.35283E-05 8.76015E-03 
6.58632E-02 5.71341E-04 1.31659E-05 
6.06724E-02 5.04556E-04 1.40258E-05 
5.58866E-02 4.46624E-04 1.51173E-05 
5.14754E-02 3.94788E-04 1.65024E-05 
4.73211E-02 3.47806E-04 1.82305E-05 
4.34206E-02 3.05406E-04 2.04050E-05 
3.97686E-02 2.67297E-04 2.31695E-05 
3.71096E-02 2.40566E-04 2.58387E-05 
3.63590E-02 2.33182E-04 2.67259E-05 
3.29455E-02 2.00532E-04 3.17833E-05 
2.97943E-02 1.71812E-04 3.86392E-05 
2.68938E-02 1.46660E-04 4.81233E-05 
2.42315E-02 1.24732E-04 6.15434E-05 
2.18430E-02 1.06306E-04 8.11948E-05 
1.96519E-02 9.02951E-05 1.10524E-04 
1.76385E-02 7.63488E-05 1.55558E-04 
1.57953E-02 6.42725E-05 2.26952E-04 
1.41150E-02 5.38795E-05 3.43915E-04 
1.25909E-02 4.49958E-05 5.41620E-04 
1.12203E-02 3.74690E-05 8.83902E-04 
1.00131E-02 3.11897E-05 1.47871E-03 
9.01224E-03 2.61352E-05 2.46794E-03 
8.30947E-03 2.23788E-05 3.89494E-03 
7.93125E-03 1.97896E-05 5.40283E-03 
7.61471E-03 1.76184E-05 6.29778E-03 
7.06596E-03 1.52369E-05 6.32408E-03 
5.36157E-02 4.05059E-04 1.05004E-05 
4.91728E-02 3.56611E-04 1.11360E-05 
4.50968E-02 3.15020E-04 1.19492E-05 
4.13573E-02 2.77571E-04 1.29866E-05 
3.78517E-02 2.43726E-04 1.42821E-05 
3.45757E-02 2.13270E-04 1.59128E-05 
3.15232E-02 1.85977E-04 1.79849E-05 
2.93101E-02 1.66885E-04 1.99841E-05 
2.86870E-02 1.61619E-04 2.06482E-05 
2.58621E-02 1.38383E-04 2.44296E-05 
2.32684E-02 1.18014E-04 2.95449E-05 
2.08939E-02 1.00242E-04 3.66034E-05 
1.87267E-02 8.48053E-05 4.65623E-05 
1.67935E-02 7.18558E-05 6.11096E-05 
1.50299E-02 6.06597E-05 8.27448E-05 
1.34183E-02 5.09536E-05 1.15836E-04 
1.19513E-02 4.25926E-05 1.68082E-04 
1.06215E-02 3.54384E-05 2.53304E-04 
9.42209E-03 2.93617E-05 3.96699E-04 
8.34931E-03 2.42484E-05 6.43752E-04 
7.40842E-03 2.00119E-05 1.07083E-03 
6.62857E-03 1.66192E-05 1.77693E-03 
6.07333E-03 1.40936E-05 2.78811E-03 
5.75789E-03 1.23347E-05 3.84488E-03 
5.49068E-03 1.08832E-05 4.45544E-03 
5.06245E-03 9.36618E-06 4.44769E-03 
4.26098E-02 2.77750E-04 8.18993E-06 
3.88968E-02 2.43734E-04 8.64434E-06 
3.55079E-02 2.14984E-04 9.23167E-06 
3.24136E-02 1.88785E-04 9.98603E-06 
2.95269E-02 1.65172E-04 1.09298E-05 
2.68425E-02 1.43983E-04 1.21184E-05 
2.43538E-02 1.25049E-04 1.36289E-05 
2.25577E-02 1.11838E-04 1.50852E-05 
2.20533E-02 1.08200E-04 1.55687E-05 
1.97743E-02 9.21788E-05 1.83189E-05 
1.76936E-02 7.81829E-05 2.20317E-05 
1.57998E-02 6.60152E-05 2.71418E-05 
1.40813E-02 5.54885E-05 3.43301E-05 
1.25579E-02 4.66645E-05 4.48037E-05 
1.11761E-02 3.90798E-05 6.03230E-05 
9.92086E-03 3.25402E-05 8.39623E-05 
8.78513E-03 2.69417E-05 1.21121E-04 
7.76179E-03 2.21850E-05 1.81455E-04 
6.84437E-03 1.81771E-05 2.82476E-04 
6.02851E-03 1.48351E-05 4.55620E-04 
5.31634E-03 1.20923E-05 7.53249E-04 
4.72663E-03 9.91211E-06 1.24222E-03 
4.30167E-03 8.28729E-06 1.93694E-03 
4.04906E-03 7.14340E-06 2.65429E-03 
3.83335E-03 6.22431E-06 3.05633E-03 
3.51027E-03 5.33218E-06 3.03166E-03 
3.29091E-02 1.83120E-04 6.21822E-06 
2.98916E-02 1.60145E-04 6.52980E-06 
2.71527E-02 1.41204E-04 6.93810E-06 
2.46642E-02 1.23547E-04 7.46724E-06 
2.23546E-02 1.07672E-04 8.13098E-06 
2.02181E-02 9.34610E-05 8.96819E-06 
1.82478E-02 8.07943E-05 1.00324E-05 
1.68328E-02 7.19773E-05 1.10581E-05 
1.64364E-02 6.95526E-05 1.13985E-05 
1.46522E-02 5.88931E-05 1.33329E-05 
1.30331E-02 4.96112E-05 1.59392E-05 
1.15684E-02 4.15701E-05 1.95170E-05 
1.02476E-02 3.46408E-05 2.45344E-05 
9.08436E-03 2.88263E-05 3.18260E-05 
8.03581E-03 2.38652E-05 4.25880E-05 
7.08932E-03 1.96154E-05 5.89089E-05 
6.23842E-03 1.60054E-05 8.44438E-05 
5.47670E-03 1.29668E-05 1.25697E-04 
4.79824E-03 1.04349E-05 1.94408E-04 
4.19866E-03 8.35126E-06 3.11513E-04 
3.67803E-03 6.66568E-06 5.11588E-04 
3.24766E-03 5.34187E-06 8.38024E-04 
2.93432E-03 4.35501E-06 1.29785E-03 
2.74079E-03 3.65154E-06 1.76635E-03 
2.57473E-03 3.11341E-06 2.01992E-03 
2.34040E-03 2.65881E-06 1.98979E-03 
2.45212E-02 1.15032E-04 4.56193E-06 
2.21524E-02 1.00242E-04 4.76401E-06 
2.00152E-02 8.85700E-05 5.03399E-06 
1.80833E-02 7.71955E-05 5.38822E-06 
1.63002E-02 6.69844E-05 5.83437E-06 
1.46600E-02 5.78584E-05 6.39847E-06 
1.31562E-02 4.97375E-05 7.11629E-06 
1.20817E-02 4.40938E-05 7.80815E-06 
1.17816E-02 4.25432E-05 8.03768E-06 
1.04360E-02 3.57356E-05 9.34112E-06 
9.22291E-03 2.98226E-05 1.10940E-05 
8.13282E-03 2.47157E-05 1.34941E-05 
7.15638E-03 2.03314E-05 1.68492E-05 
6.30246E-03 1.66348E-05 2.17119E-05 
5.53793E-03 1.35127E-05 2.88590E-05 
4.85255E-03 1.08605E-05 3.96462E-05 
4.24071E-03 8.63145E-06 5.64375E-05 
3.69687E-03 6.78057E-06 8.34183E-05 
3.21590E-03 5.26482E-06 1.28098E-04 
2.79379E-03 4.04382E-06 2.03778E-04 
2.42944E-03 3.08038E-06 3.32215E-04 
2.12902E-03 2.34034E-06 5.40176E-04 
1.90840E-03 1.78950E-06 8.30328E-04 
1.76762E-03 1.39034E-06 1.12155E-03 
1.64655E-03 1.11557E-06 1.27283E-03 
1.48467E-03 9.57360E-07 1.24430E-03 
1.75036E-02 6.84252E-05 3.21122E-06 
1.57193E-02 5.94195E-05 3.33318E-06 
1.41201E-02 5.28894E-05 3.50082E-06 
1.26823E-02 4.59116E-05 3.72465E-06 
1.13632E-02 3.96449E-05 4.00832E-06 
1.01572E-02 3.40416E-05 4.36838E-06 
9.05827E-03 2.90535E-05 4.82754E-06 
8.27754E-03 2.55864E-05 5.27038E-06 
8.06025E-03 2.46339E-05 5.41729E-06 
7.08979E-03 2.04525E-05 6.25113E-06 
6.22110E-03 1.68237E-05 7.37067E-06 
5.44612E-03 1.36950E-05 8.89970E-06 
4.75705E-03 1.10171E-05 1.10301E-05 
4.15905E-03 8.73174E-06 1.41095E-05 
3.62759E-03 6.83072E-06 1.86151E-05 
3.15475E-03 5.23423E-06 2.53803E-05 
2.73587E-03 3.91380E-06 3.58526E-05 
2.36646E-03 2.84117E-06 5.25799E-05 
2.04233E-03 1.98854E-06 8.01045E-05 
1.76003E-03 1.32854E-06 1.26411E-04 
1.51803E-03 8.33295E-07 2.04415E-04 
1.31920E-03 4.71138E-07 3.29650E-04 
1.17216E-03 2.03388E-07 5.02519E-04 
1.07570E-03 4.08409E-09 6.73087E-04 
9.92756E-04 -9.71411E-08 7.57431E-04 
8.87233E-04 -6.35707E-08 7.34173E-04 
1.17997E-02 3.81134E-05 2.13770E-06 
1.05269E-02 3.30008E-05 2.20389E-06 
9.39500E-03 2.99455E-05 2.29911E-06 
8.38290E-03 2.58924E-05 2.42965E-06 
7.46047E-03 2.22340E-05 2.59672E-06 
6.62286E-03 1.89463E-05 2.81015E-06 
5.86491E-03 1.60053E-05 3.08334E-06 
5.32978E-03 1.39527E-05 3.34727E-06 
5.18138E-03 1.33876E-05 3.43486E-06 
4.52169E-03 1.09013E-05 3.93197E-06 
3.93583E-03 8.73738E-06 4.59858E-06 
3.41737E-03 6.86954E-06 5.50685E-06 
2.96016E-03 5.27294E-06 6.76807E-06 
2.56677E-03 3.87411E-06 8.58621E-06 
2.22001E-03 2.73886E-06 1.12333E-05 
1.91412E-03 1.80163E-06 1.51854E-05 
1.64548E-03 1.04642E-06 2.12652E-05 
1.41066E-03 4.56380E-07 3.09119E-05 
1.20645E-03 1.38744E-08 4.66727E-05 
1.03016E-03 -2.99863E-07 7.29850E-05 
8.80236E-04 -5.06543E-07 1.16937E-04 
7.57647E-04 -6.35809E-07 1.86824E-04 
6.66512E-04 -7.28353E-07 2.82111E-04 
6.05309E-04 -8.02236E-07 3.74267E-04 
5.52809E-04 -7.93568E-07 4.17117E-04 
4.89122E-04 -6.40282E-07 4.00395E-04 
7.36172E-03 1.98237E-05 1.31858E-06 
6.51815E-03 1.71508E-05 1.34890E-06 
5.77508E-03 1.62967E-05 1.39631E-06 
5.11421E-03 1.40479E-05 1.46422E-06 
4.51642E-03 1.19871E-05 1.55258E-06 
3.97775E-03 1.01072E-05 1.66667E-06 
3.49413E-03 8.40154E-06 1.81371E-06 
3.15511E-03 7.19706E-06 1.95625E-06 
3.06148E-03 6.86339E-06 2.00361E-06 
2.64743E-03 5.38503E-06 2.27257E-06 
2.28301E-03 4.08558E-06 2.63307E-06 
1.96347E-03 2.95666E-06 3.12326E-06 
1.68429E-03 1.98969E-06 3.80165E-06 
1.44645E-03 1.10068E-06 4.77703E-06 
1.23874E-03 4.06805E-07 6.18946E-06 
1.05730E-03 -1.51539E-07 8.28465E-06 
8.99561E-04 -5.82419E-07 1.14853E-05 
7.63088E-04 -8.95628E-07 1.65252E-05 
6.45646E-04 -1.10266E-06 2.46921E-05 
5.45316E-04 -1.21721E-06 3.82060E-05 
4.60812E-04 -1.25743E-06 6.05597E-05 
3.92163E-04 -1.25184E-06 9.57039E-05 
3.40958E-04 -1.24214E-06 1.42927E-04 
3.05877E-04 -1.24135E-06 1.87503E-04 
2.75948E-04 -1.16588E-06 2.06613E-04 
2.41343E-04 -9.40327E-07 1.96071E-04 
4.10830E-03 9.89385E-06 7.28084E-07 
3.60526E-03 8.60393E-06 7.38031E-07 
3.16792E-03 9.03197E-06 7.56993E-07 
2.78055E-03 7.78233E-06 7.86566E-07 
2.43322E-03 6.59722E-06 8.26252E-07 
2.12303E-03 5.48136E-06 8.78523E-07 
1.84707E-03 4.43927E-06 9.46736E-07 
1.65521E-03 3.68632E-06 1.01333E-06 
1.60247E-03 3.47526E-06 1.03551E-06 
1.37068E-03 2.52767E-06 1.16174E-06 
1.16880E-03 1.67920E-06 1.33114E-06 
9.93659E-04 9.32593E-07 1.56118E-06 
8.42309E-04 2.89249E-07 1.87854E-06 
7.14883E-04 -3.43569E-07 2.33377E-06 
6.04791E-04 -8.12409E-07 2.98900E-06 
5.09743E-04 -1.17716E-06 3.95381E-06 
4.28112E-04 -1.44146E-06 5.41562E-06 
3.58371E-04 -1.61132E-06 7.69691E-06 
2.99128E-04 -1.69512E-06 1.13577E-05 
2.49176E-04 -1.70410E-06 1.73511E-05 
2.07624E-04 -1.65491E-06 2.71481E-05 
1.74178E-04 -1.57588E-06 4.23389E-05 
1.49205E-04 -1.50957E-06 6.23833E-05 
1.31804E-04 -1.46602E-06 8.07219E-05 
1.17109E-04 -1.35058E-06 8.77121E-05 
1.01006E-04 -1.08152E-06 8.20595E-05 
1.92459E-03 5.31864E-06 3.37350E-07 
1.67051E-03 4.70056E-06 3.38086E-07 
1.45441E-03 5.79786E-06 3.42839E-07 
1.26273E-03 5.01226E-06 3.52192E-07 
1.09266E-03 4.22699E-06 3.65671E-07 
9.42391E-04 3.45388E-06 3.84200E-07 
8.10138E-04 2.70432E-06 4.09028E-07 
7.19088E-04 2.14742E-06 4.33630E-07 
6.94200E-04 1.98915E-06 4.41874E-07 
5.85605E-04 1.26791E-06 4.89039E-07 
4.92181E-04 6.09032E-07 5.52633E-07 
4.12155E-04 2.14894E-08 6.39056E-07 
3.43900E-04 -4.87881E-07 7.58015E-07 
2.87297E-04 -1.02053E-06 9.28408E-07 
2.38995E-04 -1.39583E-06 1.17198E-06 
1.97911E-04 -1.67838E-06 1.52749E-06 
1.63181E-04 -1.86987E-06 2.06077E-06 
1.34004E-04 -1.97482E-06 2.88378E-06 
1.09656E-04 -2.00053E-06 4.18830E-06 
8.95037E-05 -1.95766E-06 6.29500E-06 
7.30440E-05 -1.86274E-06 9.68576E-06 
5.99887E-05 -1.74478E-06 1.48469E-05 
5.02629E-05 -1.64738E-06 2.14887E-05 
4.33843E-05 -1.57892E-06 2.72948E-05 
3.77011E-05 -1.43832E-06 2.90918E-05 
3.19385E-05 -1.14119E-06 2.66767E-05 
6.56739E-04 3.76557E-06 1.13185E-07 
5.62015E-04 3.39410E-06 1.11693E-07 
4.85762E-04 4.79920E-06 1.11525E-07 
4.16002E-04 4.16260E-06 1.12812E-07 
3.54867E-04 3.49951E-06 1.15299E-07 
3.01510E-04 2.82568E-06 1.19212E-07 
2.55121E-04 2.15627E-06 1.24860E-07 
2.23529E-04 1.65047E-06 1.30683E-07 
2.14947E-04 1.50560E-06 1.32665E-07 
1.77794E-04 8.40058E-07 1.44179E-07 
1.46260E-04 2.25950E-07 1.59946E-07 
1.19624E-04 -3.24716E-07 1.81522E-07 
9.72434E-05 -8.02602E-07 2.11248E-07 
7.90850E-05 -1.31868E-06 2.53888E-07 
6.37706E-05 -1.66970E-06 3.14375E-07 
5.10149E-05 -1.92785E-06 4.01693E-07 
4.04878E-05 -2.09444E-06 5.30952E-07 
3.18856E-05 -2.17388E-06 7.27371E-07 
2.49321E-05 -2.17372E-06 1.03317E-06 
1.93808E-05 -2.10508E-06 1.51682E-06 
1.50194E-05 -1.98532E-06 2.27604E-06 
1.16767E-05 -1.84468E-06 3.39541E-06 
9.21179E-06 -1.72808E-06 4.76974E-06 
7.43534E-06 -1.64295E-06 5.85937E-06 
6.07761E-06 -1.48384E-06 6.01334E-06 
4.99780E-06 -1.16541E-06 5.28248E-06 
1.04099E-04 3.58243E-06 1.63886E-08 
8.79476E-05 3.25051E-06 1.57897E-08 
7.95499E-05 4.79183E-06 1.54027E-08 
6.76357E-05 4.15351E-06 1.52327E-08 
5.71854E-05 3.48129E-06 1.52270E-08 
4.80224E-05 2.79298E-06 1.54067E-08 
3.99925E-05 2.10570E-06 1.58018E-08 
3.44727E-05 1.58489E-06 1.62814E-08 
3.29642E-05 1.43557E-06 1.64543E-08 
2.63811E-05 7.49083E-07 1.75149E-08 
2.07175E-05 1.15730E-07 1.90510E-08 
1.58770E-05 -4.51153E-07 2.12198E-08 
1.17784E-05 -9.41273E-07 2.42548E-08 
8.57679E-06 -1.47617E-06 2.86532E-08 
5.79362E-06 -1.83127E-06 3.48638E-08 
3.54484E-06 -2.08814E-06 4.37136E-08 
1.78140E-06 -2.24845E-06 5.65375E-08 
4.51370E-07 -2.31729E-06 7.54102E-08 
-5.00193E-07 -2.30304E-06 1.03449E-07 
-1.13160E-06 -2.21789E-06 1.44831E-07 
-1.50738E-06 -2.08044E-06 2.03197E-07 
-1.70780E-06 -1.92250E-06 2.74630E-07 
-1.83574E-06 -1.79053E-06 3.31226E-07 
-1.94653E-06 -1.69122E-06 3.15360E-07 
-1.91251E-06 -1.51548E-06 1.97114E-07 
-1.58375E-06 -1.17761E-06 2.73307E-08 
9.67846E-06 3.78220E-06 -1.35425E-10 
1.06773E-05 3.42582E-06 1.64371E-10 
1.67323E-05 5.05444E-06 4.61615E-10 
1.62910E-05 4.36836E-06 7.66808E-10 
1.54032E-05 3.64744E-06 1.09491E-09 
1.41562E-05 2.91086E-06 1.45742E-09 
1.26373E-05 2.17707E-06 1.86934E-09 
1.13295E-05 1.62224E-06 2.23433E-09 
1.09315E-05 1.46338E-06 2.35050E-09 
8.97597E-06 7.34425E-07 2.97774E-09 
6.99151E-06 6.43020E-08 3.76297E-09 
5.06150E-06 -5.32892E-07 4.77209E-09 
3.25659E-06 -1.04642E-06 6.10002E-09 
1.82045E-06 -1.60929E-06 7.91220E-09 
4.35639E-07 -1.97502E-06 1.04099E-08 
-6.99573E-07 -2.23556E-06 1.38944E-08 
-1.57583E-06 -2.39324E-06 1.87977E-08 
-2.19773E-06 -2.45406E-06 2.56819E-08 
-2.58269E-06 -2.42748E-06 3.51104E-08 
-2.76008E-06 -2.32695E-06 4.70515E-08 
-2.77325E-06 -2.17249E-06 5.89258E-08 
-2.68865E-06 -1.99764E-06 6.07504E-08 
-2.59993E-06 -1.85039E-06 2.89189E-08 
-2.54564E-06 -1.73677E-06 -6.37254E-08 
-2.36800E-06 -1.54411E-06 -2.06398E-07 
-1.90458E-06 -1.18659E-06 -3.46357E-07 
---
