PdfType: central
Format: lhagrid1
---
 1.000000E-6 1.700000E-6 3.200000E-6 6.000000E-6 1.000000E-5 1.700000E-5 3.200000E-5 6.000000E-5 1.000000E-4 1.700000E-4 3.200000E-4 6.000000E-4 1.000000E-3 1.700000E-3 3.200000E-3 6.000000E-3 1.000000E-2 1.700000E-2 3.200000E-2 6.000000E-2 1.000000E-1
 3.162278E-1 3.981068E-1 5.011876E-1 6.309572E-1 7.943280E-1 1.000000E+0 1.258924E+0 1.584894E+0 1.995262E+0 2.511886E+0 3.162278E+0 3.981068E+0 5.011876E+0 6.309572E+0 7.943280E+0 1.000000E+1 1.258924E+1 1.584894E+1 1.995262E+1 2.511886E+1 3.162278E+1
900 901 917 918 920 921
 1.272090E-1 1.297000E-2 2.255170E-3 6.327200E-6 4.464180E-5 1.439110E-8
 1.980140E-1 2.623200E-2 4.376060E-3 1.932530E-5 8.155820E-5 4.163710E-8
 3.023280E-1 4.923290E-2 8.618580E-3 5.969240E-5 1.545110E-4 1.248680E-7
 4.533630E-1 8.591900E-2 1.710120E-2 1.847850E-4 3.011720E-4 3.850410E-7
 6.703970E-1 1.406880E-1 3.392770E-2 5.674030E-4 6.001230E-4 1.212530E-6
 9.797090E-1 2.188970E-1 6.673550E-2 1.707220E-3 1.215710E-3 3.875780E-6
 1.417010E+0 3.273290E-1 1.289060E-1 4.956580E-3 2.491070E-3 1.250040E-5
 2.033050E+0 4.765560E-1 2.422030E-1 1.365690E-2 5.136660E-3 4.041720E-5
 2.887850E+0 6.806900E-1 4.377890E-1 3.502280E-2 1.059900E-2 1.300040E-4
 4.057020E+0 9.596420E-1 7.552460E-1 8.211840E-2 2.173860E-2 4.119500E-4
 5.628370E+0 1.338140E+0 1.238880E+0 1.738890E-1 4.396370E-2 1.269860E-3
 7.700360E+0 1.841910E+0 1.933400E+0 3.312570E-1 8.682660E-2 3.748080E-3
 1.039980E+1 2.493270E+0 2.886810E+0 5.707280E-1 1.656590E-1 1.039330E-2
 1.387110E+1 3.307410E+0 4.154400E+0 9.002030E-1 3.022430E-1 2.653910E-2
 1.828940E+1 4.295200E+0 5.801990E+0 1.320060E+0 5.229250E-1 6.129300E-2
 2.387430E+1 5.465520E+0 7.913700E+0 1.826980E+0 8.555770E-1 1.266310E-1
 3.092720E+1 6.837610E+0 1.060090E+1 2.421230E+0 1.327870E+0 2.339970E-1
 3.975720E+1 8.430780E+0 1.399090E+1 3.105250E+0 1.968410E+0 3.900770E-1
 5.078520E+1 1.028460E+1 1.824930E+1 3.890900E+0 2.811590E+0 5.959960E-1
 6.446730E+1 1.242960E+1 2.356530E+1 4.788620E+0 3.899450E+0 8.485190E-1
 8.140200E+1 1.492760E+1 3.017770E+1 5.822250E+0 5.287690E+0 1.145480E+0
 1.169790E-1 1.212260E-2 2.020020E-3 5.671100E-6 4.195290E-5 1.352490E-8
 1.813810E-1 2.442280E-2 3.866370E-3 1.708850E-5 7.472930E-5 3.815320E-8
 2.756470E-1 4.560940E-2 7.534380E-3 5.223800E-5 1.387400E-4 1.121320E-7
 4.112690E-1 7.912210E-2 1.483140E-2 1.604650E-4 2.661140E-4 3.402560E-7
 6.047640E-1 1.286400E-1 2.925460E-2 4.899820E-4 5.234840E-4 1.057820E-6
 8.787190E-1 1.985240E-1 5.731450E-2 1.468580E-3 1.049590E-3 3.346750E-6
 1.263600E+0 2.944690E-1 1.104130E-1 4.254250E-3 2.133030E-3 1.070600E-5
 1.801550E+0 4.244400E-1 2.070490E-1 1.169760E-2 4.369770E-3 3.439240E-5
 2.544770E+0 6.006500E-1 3.738450E-1 2.995820E-2 8.970890E-3 1.100710E-4
 3.555250E+0 8.391330E-1 6.443170E-1 7.014730E-2 1.832820E-2 3.474640E-4
 4.908540E+0 1.160530E+0 1.055970E+0 1.482860E-1 3.696040E-2 1.068070E-3
 6.686880E+0 1.585570E+0 1.646380E+0 2.818270E-1 7.284460E-2 3.146080E-3
 8.991620E+0 2.131820E+0 2.454610E+0 4.841590E-1 1.387800E-1 8.711070E-3
 1.195130E+1 2.811970E+0 3.527580E+0 7.613370E-1 2.529460E-1 2.221930E-2
 1.571420E+1 3.633790E+0 4.920870E+0 1.112840E+0 4.372740E-1 5.125900E-2
 2.045760E+1 4.604670E+0 6.703830E+0 1.535560E+0 7.149960E-1 1.057920E-1
 2.641250E+1 5.740440E+0 8.966490E+0 2.029510E+0 1.109050E+0 1.952750E-1
 3.387310E+1 7.057550E+0 1.182000E+1 2.596700E+0 1.643160E+0 3.251600E-1
 4.318930E+1 8.587200E+0 1.540460E+1 3.246370E+0 2.346080E+0 4.961250E-1
 5.473460E+1 1.035970E+1 1.987300E+1 3.989250E+0 3.252190E+0 7.057210E-1
 6.900570E+1 1.242090E+1 2.543220E+1 4.842970E+0 4.408720E+0 9.517040E-1
 1.060610E-1 1.118870E-2 1.794410E-3 5.040910E-6 3.985230E-5 1.284830E-8
 1.635590E-1 2.242080E-2 3.369030E-3 1.490190E-5 6.857580E-5 3.501360E-8
 2.471930E-1 4.161300E-2 6.468090E-3 4.489310E-5 1.238260E-4 1.000870E-7
 3.665320E-1 7.163220E-2 1.258870E-2 1.363700E-4 2.323050E-4 2.970600E-7
 5.349790E-1 1.154340E-1 2.462100E-2 4.129920E-4 4.489790E-4 9.073910E-7
 7.716970E-1 1.763600E-1 4.793780E-2 1.230430E-3 8.875800E-4 2.830630E-6
 1.101920E+0 2.588220E-1 9.195440E-2 3.549670E-3 1.783510E-3 8.953760E-6
 1.558960E+0 3.688100E-1 1.718680E-1 9.730100E-3 3.620960E-3 2.850660E-5
 2.186990E+0 5.161290E-1 3.097230E-1 2.486210E-2 7.380900E-3 9.059280E-5
 3.034980E+0 7.133990E-1 5.329900E-1 5.809200E-2 1.499740E-2 2.844300E-4
 4.165420E+0 9.768690E-1 8.720010E-1 1.224890E-1 3.011730E-2 8.707320E-4
 5.644760E+0 1.323160E+0 1.357530E+0 2.321300E-1 5.917440E-2 2.556990E-3
 7.553270E+0 1.765500E+0 2.020870E+0 3.974240E-1 1.124840E-1 7.063810E-3
 9.994310E+0 2.313420E+0 2.898660E+0 6.226710E-1 2.046810E-1 1.798580E-2
 1.308940E+1 2.972370E+0 4.036290E+0 9.067030E-1 3.533750E-1 4.142590E-2
 1.699660E+1 3.749690E+0 5.491890E+0 1.247130E+0 5.772600E-1 8.538770E-2
 2.188450E+1 4.655730E+0 7.336320E+0 1.643060E+0 8.946030E-1 1.573700E-1
 2.797670E+1 5.705580E+0 9.657040E+0 2.096730E+0 1.324500E+0 2.616860E-1
 3.556610E+1 6.922560E+0 1.256870E+1 2.614930E+0 1.889840E+0 3.986840E-1
 4.498940E+1 8.334540E+0 1.620010E+1 3.207640E+0 2.618350E+0 5.664780E-1
 5.663560E+1 9.975820E+0 2.071640E+1 3.888160E+0 3.548060E+0 7.631230E-1
 9.645660E-2 1.034320E-2 1.620920E-3 4.556140E-6 3.892940E-5 1.255120E-8
 1.479250E-1 2.060730E-2 2.975600E-3 1.317130E-5 6.441250E-5 3.288970E-8
 2.221810E-1 3.798530E-2 5.612920E-3 3.899150E-5 1.126300E-4 9.104370E-8
 3.272120E-1 6.485300E-2 1.077640E-2 1.168680E-4 2.059350E-4 2.633610E-7
 4.740720E-1 1.035300E-1 2.085880E-2 3.503510E-4 3.899470E-4 7.881740E-7
 6.785250E-1 1.565350E-1 4.030030E-2 1.035960E-3 7.583880E-4 2.418960E-6
 9.615870E-1 2.271900E-1 7.687490E-2 2.972120E-3 1.504120E-3 7.552420E-6
 1.350470E+0 3.202640E-1 1.430840E-1 8.116330E-3 3.021970E-3 2.379680E-5
 1.880640E+0 4.429210E-1 2.570710E-1 2.066560E-2 6.109010E-3 7.500260E-5
 2.593430E+0 6.058380E-1 4.414050E-1 4.815420E-2 1.233250E-2 2.339680E-4
 3.534800E+0 8.213820E-1 7.205810E-1 1.012350E-1 2.464160E-2 7.127120E-4
 4.765950E+0 1.103210E+0 1.119730E+0 1.912380E-1 4.823070E-2 2.084940E-3
 6.347850E+0 1.461490E+0 1.663990E+0 3.263300E-1 9.142590E-2 5.743740E-3
 8.362130E+0 1.903120E+0 2.382730E+0 5.094470E-1 1.660070E-1 1.459180E-2
 1.090700E+1 2.432030E+0 3.311710E+0 7.391710E-1 2.861330E-1 3.354320E-2
 1.411130E+1 3.054780E+0 4.498010E+0 1.013540E+0 4.668360E-1 6.903490E-2
 1.812520E+1 3.777730E+0 6.000570E+0 1.330990E+0 7.226580E-1 1.269930E-1
 2.313100E+1 4.617390E+0 7.892590E+0 1.694920E+0 1.069130E+0 2.109380E-1
 2.933240E+1 5.586780E+0 1.025990E+1 2.108730E+0 1.524120E+0 3.208570E-1
 3.699330E+1 6.714360E+0 1.320780E+1 2.582770E+0 2.110640E+0 4.554460E-1
 4.647760E+1 8.021830E+0 1.687180E+1 3.125490E+0 2.857470E+0 6.127890E-1
 8.950550E-2 9.714470E-3 1.513230E-3 4.254870E-6 3.906330E-5 1.259400E-8
 1.366100E-1 1.925720E-2 2.719350E-3 1.204170E-5 6.239130E-5 3.185850E-8
 2.040200E-1 3.527320E-2 5.044800E-3 3.506580E-5 1.059050E-4 8.561090E-8
 2.987660E-1 5.980900E-2 9.560470E-3 1.037610E-4 1.890460E-4 2.417760E-7
 4.301840E-1 9.470890E-2 1.832160E-2 3.080110E-4 3.511770E-4 7.098670E-7
 6.114800E-1 1.419540E-1 3.512940E-2 9.039810E-4 6.726610E-4 2.145740E-6
 8.610260E-1 2.041250E-1 6.663700E-2 2.579200E-3 1.317960E-3 6.618500E-6
 1.201790E+0 2.851060E-1 1.235130E-1 7.014210E-3 2.622290E-3 2.065270E-5
 1.663340E+0 3.906650E-1 2.211150E-1 1.779940E-2 5.259940E-3 6.459200E-5
 2.281490E+0 5.297410E-1 3.788490E-1 4.135510E-2 1.055350E-2 2.002650E-4
 3.094850E+0 7.128090E-1 6.173130E-1 8.671710E-2 2.098620E-2 6.071470E-4
 4.151110E+0 9.506890E-1 9.572340E-1 1.633410E-1 4.092530E-2 1.769660E-3
 5.508410E+0 1.252300E+0 1.420300E+0 2.779360E-1 7.736010E-2 4.861540E-3
 7.232590E+0 1.622720E+0 2.030590E+0 4.326200E-1 1.401690E-1 1.232310E-2
 9.405720E+0 2.065230E+0 2.818450E+0 6.259640E-1 2.412040E-1 2.827710E-2
 1.213110E+1 2.585100E+0 3.823030E+0 8.561200E-1 3.930280E-1 5.810750E-2
 1.554140E+1 3.187610E+0 5.093090E+0 1.121680E+0 6.077650E-1 1.067410E-1
 1.979210E+1 3.886970E+0 6.691640E+0 1.425590E+0 8.983830E-1 1.770760E-1
 2.507290E+1 4.693850E+0 8.694030E+0 1.770660E+0 1.279850E+0 2.690330E-1
 3.158050E+1 5.631690E+0 1.118460E+1 2.165430E+0 1.771120E+0 3.814580E-1
 3.956710E+1 6.720060E+0 1.427060E+1 2.617590E+0 2.396700E+0 5.128250E-1
 8.303890E-2 9.117240E-3 1.430240E-3 4.023220E-6 4.011260E-5 1.293260E-8
 1.260510E-1 1.797060E-2 2.506200E-3 1.110290E-5 6.158630E-5 3.144840E-8
 1.871190E-1 3.269400E-2 4.557840E-3 3.169860E-5 1.010180E-4 8.166420E-8
 2.722610E-1 5.500430E-2 8.504910E-3 9.237110E-5 1.753070E-4 2.242180E-7
 3.893740E-1 8.634210E-2 1.610340E-2 2.709460E-4 3.183720E-4 6.435990E-7
 5.494910E-1 1.281920E-1 3.059280E-2 7.880090E-4 5.989530E-4 1.910770E-6
 7.681460E-1 1.825420E-1 5.762720E-2 2.232780E-3 1.156840E-3 5.810040E-6
 1.065200E+0 2.524480E-1 1.062580E-1 6.040310E-3 2.275540E-3 1.792420E-5
 1.464840E+0 3.426800E-1 1.894540E-1 1.526580E-2 4.522770E-3 5.554890E-5
 1.998170E+0 4.604850E-1 3.235690E-1 3.533930E-2 9.008630E-3 1.709850E-4
 2.696390E+0 6.147510E-1 5.259180E-1 7.386940E-2 1.781210E-2 5.154410E-4
 3.598580E+0 8.141920E-1 8.136670E-1 1.386950E-1 3.458060E-2 1.495690E-3
 4.753210E+0 1.066070E+0 1.204620E+0 2.352430E-1 6.514400E-2 4.094840E-3
 6.219180E+0 1.374580E+0 1.719420E+0 3.650390E-1 1.177220E-1 1.035120E-2
 8.062030E+0 1.742390E+0 2.382910E+0 5.267290E-1 2.021850E-1 2.370320E-2
 1.037040E+1 2.173440E+0 3.227730E+0 7.185030E-1 3.289170E-1 4.861950E-2
 1.324790E+1 2.672130E+0 4.294760E+0 9.391460E-1 5.079640E-1 8.916450E-2
 1.683270E+1 3.250750E+0 5.635780E+0 1.191270E+0 7.500970E-1 1.477150E-1
 2.127730E+1 3.918120E+0 7.313990E+0 1.477190E+0 1.067750E+0 2.241530E-1
 2.677220E+1 4.692820E+0 9.403800E+0 1.803730E+0 1.476450E+0 3.174430E-1
 3.350240E+1 5.592310E+0 1.199300E+1 2.177730E+0 1.996820E+0 4.263540E-1
 7.630200E-2 8.479560E-3 1.368330E-3 3.850360E-6 4.275750E-5 1.378570E-8
 1.149440E-1 1.658750E-2 2.315930E-3 1.026540E-5 6.244990E-5 3.188880E-8
 1.693540E-1 2.991260E-2 4.097440E-3 2.850970E-5 9.791190E-5 7.915540E-8
 2.443120E-1 4.981880E-2 7.482000E-3 8.131470E-5 1.635410E-4 2.091800E-7
 3.464990E-1 7.736680E-2 1.393010E-2 2.345930E-4 2.879200E-4 5.820780E-7
 4.847480E-1 1.135210E-1 2.612220E-2 6.735200E-4 5.284070E-4 1.685870E-6
 6.714970E-1 1.597150E-1 4.871350E-2 1.889480E-3 1.000690E-3 5.026370E-6
 9.232790E-1 2.182600E-1 8.914790E-2 5.072760E-3 1.937720E-3 1.526530E-5
 1.260100E+0 2.929430E-1 1.580230E-1 1.274530E-2 3.803390E-3 4.672160E-5
 1.705680E+0 3.893860E-1 2.685300E-1 2.935150E-2 7.500130E-3 1.423840E-4
 2.289040E+0 5.150600E-1 4.350120E-1 6.108780E-2 1.471270E-2 4.258540E-4
 3.038060E+0 6.767180E-1 6.709390E-1 1.142280E-1 2.838670E-2 1.228110E-3
 3.991290E+0 8.799790E-1 9.905920E-1 1.929730E-1 5.321870E-2 3.346060E-3
 5.195210E+0 1.127970E+0 1.410200E+0 2.982990E-1 9.581430E-2 8.426260E-3
 6.708460E+0 1.423000E+0 1.950320E+0 4.289610E-1 1.640840E-1 1.923770E-2
 8.602150E+0 1.767830E+0 2.637420E+0 5.832860E-1 2.663280E-1 3.935910E-2
 1.095700E+1 2.166320E+0 3.504040E+0 7.603610E-1 4.105900E-1 7.203110E-2
 1.388220E+1 2.627810E+0 4.592390E+0 9.621080E-1 6.054360E-1 1.191020E-1
 1.750440E+1 3.160020E+0 5.951930E+0 1.190640E+0 8.607290E-1 1.804430E-1
 2.196060E+1 3.777580E+0 7.640560E+0 1.451330E+0 1.188980E+0 2.551830E-1
 2.745840E+1 4.494910E+0 9.738830E+0 1.749880E+0 1.606840E+0 3.423520E-1
 7.059030E-2 7.928800E-3 1.346510E-3 3.789990E-6 4.724110E-5 1.523120E-8
 1.054640E-1 1.537380E-2 2.191070E-3 9.715430E-6 6.552680E-5 3.346080E-8
 1.540490E-1 2.746500E-2 3.753980E-3 2.613280E-5 9.783770E-5 7.909800E-8
 2.202640E-1 4.525400E-2 6.683010E-3 7.266770E-5 1.565380E-4 2.002290E-7
 3.095020E-1 6.945530E-2 1.219800E-2 2.055650E-4 2.659170E-4 5.376250E-7
 4.292310E-1 1.007130E-1 2.252510E-2 5.812610E-4 4.741880E-4 1.512990E-6
 5.891330E-1 1.399410E-1 4.150910E-2 1.611530E-3 8.777120E-4 4.409060E-6
 8.027210E-1 1.889550E-1 7.527120E-2 4.286820E-3 1.668990E-3 1.314980E-5
 1.086520E+0 2.507090E-1 1.324790E-1 1.069290E-2 3.228820E-3 3.966920E-5
 1.459960E+0 3.297910E-1 2.238600E-1 2.448020E-2 6.293940E-3 1.195060E-4
 1.945700E+0 4.320700E-1 3.609300E-1 5.067620E-2 1.223340E-2 3.541620E-4
 2.569370E+0 5.633400E-1 5.547950E-1 9.434260E-2 2.343280E-2 1.014000E-3
 3.358430E+0 7.275960E-1 8.164730E-1 1.586980E-1 4.368240E-2 2.747040E-3
 4.351830E+0 9.273640E-1 1.159140E+0 2.443440E-1 7.829230E-2 6.886780E-3
 5.594650E+0 1.164390E+0 1.599320E+0 3.501200E-1 1.336260E-1 1.566700E-2
 7.144300E+0 1.440640E+0 2.157950E+0 4.745190E-1 2.163060E-1 3.195870E-2
 9.072780E+0 1.759770E+0 2.862070E+0 6.169430E-1 3.327540E-1 5.835040E-2
 1.146700E+1 2.128720E+0 3.746340E+0 7.787330E-1 4.898260E-1 9.627830E-2
 1.441630E+1 2.554050E+0 4.848270E+0 9.617720E-1 6.952400E-1 1.456170E-1
 1.806060E+1 3.047040E+0 6.219380E+0 1.170200E+0 9.594800E-1 2.055970E-1
 2.251320E+1 3.620360E+0 7.915190E+0 1.409040E+0 1.295620E+0 2.755120E-1
 6.662960E-2 7.540600E-3 1.359440E-3 3.827110E-6 5.267480E-5 1.698330E-8
 9.880610E-2 1.450540E-2 2.135260E-3 9.470280E-6 6.999390E-5 3.574250E-8
 1.431820E-1 2.569710E-2 3.550960E-3 2.472980E-5 1.002040E-4 8.101310E-8
 2.031890E-1 4.194660E-2 6.172910E-3 6.714670E-5 1.542850E-4 1.973530E-7
 2.832330E-1 6.374490E-2 1.105790E-2 1.864430E-4 2.536220E-4 5.127860E-7
 3.896940E-1 9.148850E-2 2.012330E-2 5.196210E-4 4.402960E-4 1.404920E-6
 5.309480E-1 1.258370E-1 3.666530E-2 1.424400E-3 7.977270E-4 4.007490E-6
 7.180410E-1 1.682010E-1 6.590680E-2 3.755930E-3 1.491370E-3 1.175130E-5
 9.651210E-1 2.210970E-1 1.152210E-1 9.304380E-3 2.846590E-3 3.497650E-5
 1.288530E+0 2.883690E-1 1.936420E-1 2.118230E-2 5.489470E-3 1.042430E-4
 1.707420E+0 3.749180E-1 3.108210E-1 4.363580E-2 1.057860E-2 3.062960E-4
 2.243170E+0 4.856630E-1 4.761210E-1 8.088960E-2 2.012620E-2 8.710490E-4
 2.920850E+0 6.239620E-1 6.987350E-1 1.355750E-1 3.731870E-2 2.347180E-3
 3.771020E+0 7.916430E-1 9.894360E-1 2.080390E-1 6.660720E-2 5.859560E-3
 4.831920E+0 9.901040E-1 1.362190E+0 2.971790E-1 1.133100E-1 1.328520E-2
 6.152300E+0 1.221070E+0 1.834690E+0 4.016910E-1 1.829530E-1 2.702670E-2
 7.788330E+0 1.487530E+0 2.429420E+0 5.210410E-1 2.808740E-1 4.923540E-2
 9.817880E+0 1.795300E+0 3.175000E+0 6.563700E-1 4.127790E-1 8.108740E-2
 1.232230E+1 2.149870E+0 4.105070E+0 8.092290E-1 5.850960E-1 1.224450E-1
 1.540060E+1 2.560270E+0 5.261230E+0 9.829680E-1 8.067150E-1 1.726110E-1
 1.917570E+1 3.038490E+0 6.690270E+0 1.182340E+0 1.088200E+0 2.310940E-1
 6.314360E-2 7.195450E-3 1.405060E-3 3.956250E-6 6.071810E-5 1.957690E-8
 9.284730E-2 1.372020E-2 2.121540E-3 9.411570E-6 7.703330E-5 3.933780E-8
 1.333920E-1 2.406740E-2 3.409200E-3 2.374920E-5 1.053570E-4 8.518060E-8
 1.876220E-1 3.889300E-2 5.761900E-3 6.270000E-5 1.554040E-4 1.987890E-7
 2.592340E-1 5.845420E-2 1.009380E-2 1.702480E-4 2.459880E-4 4.973620E-7
 3.535490E-1 8.295340E-2 1.805110E-2 4.663580E-4 4.138280E-4 1.320520E-6
 4.778020E-1 1.128690E-1 3.244760E-2 1.261310E-3 7.310510E-4 3.672720E-6
 6.412240E-1 1.492890E-1 5.771720E-2 3.291120E-3 1.339570E-3 1.055590E-5
 8.553840E-1 1.943070E-1 1.000920E-1 8.085530E-3 2.516520E-3 3.092360E-5
 1.134150E+0 2.511680E-1 1.671220E-1 1.828530E-2 4.792100E-3 9.100960E-5
 1.493460E+0 3.239980E-1 2.668470E-1 3.745780E-2 9.142240E-3 2.647390E-4
 1.951550E+0 4.168500E-1 4.070140E-1 6.909980E-2 1.725500E-2 7.468940E-4
 2.528960E+0 5.325220E-1 5.952950E-1 1.153170E-1 3.179350E-2 1.999890E-3
 3.251880E+0 6.724760E-1 8.405960E-1 1.763040E-1 5.646440E-2 4.967820E-3
 4.153250E+0 8.376660E-1 1.154420E+0 2.510110E-1 9.568260E-2 1.121850E-2
 5.271000E+0 1.029570E+0 1.551490E+0 3.383010E-1 1.540240E-1 2.275020E-2
 6.654600E+0 1.250600E+0 2.050590E+0 4.376950E-1 2.358860E-1 4.133590E-2
 8.364100E+0 1.505660E+0 2.675560E+0 5.501630E-1 3.459820E-1 6.792930E-2
 1.046990E+1 1.799280E+0 3.453930E+0 6.770050E-1 4.896310E-1 1.023880E-1
 1.306370E+1 2.139050E+0 4.422580E+0 8.210220E-1 6.742130E-1 1.441150E-1
 1.623680E+1 2.534750E+0 5.619850E+0 9.861320E-1 9.084840E-1 1.926820E-1
 5.984210E-2 6.866550E-3 1.509600E-3 4.251380E-6 7.548910E-5 2.433970E-8
 8.697450E-2 1.293520E-2 2.168710E-3 9.622870E-6 8.997780E-5 4.594760E-8
 1.235210E-1 2.240120E-2 3.331260E-3 2.321240E-5 1.160730E-4 9.384140E-8
 1.717120E-1 3.572160E-2 5.418700E-3 5.899270E-5 1.620030E-4 2.072350E-7
 2.346680E-1 5.296060E-2 9.205300E-3 1.553260E-4 2.439440E-4 4.932450E-7
 3.165130E-1 7.410940E-2 1.606830E-2 4.153080E-4 3.932700E-4 1.254960E-6
 4.232620E-1 9.946640E-2 2.834200E-2 1.102450E-3 6.709940E-4 3.371190E-6
 5.625340E-1 1.298910E-1 4.968200E-2 2.834670E-3 1.195960E-3 9.424840E-6
 7.437340E-1 1.670660E-1 8.518310E-2 6.884360E-3 2.198140E-3 2.701330E-5
 9.779850E-1 2.136480E-1 1.410000E-1 1.542700E-2 4.113960E-3 7.813840E-5
 1.277740E+0 2.730100E-1 2.235140E-1 3.136620E-2 7.741390E-3 2.242000E-4
 1.657430E+0 3.482940E-1 3.388170E-1 5.747810E-2 1.445230E-2 6.256560E-4
 2.135100E+0 4.419040E-1 4.932200E-1 9.538790E-2 2.640210E-2 1.660970E-3
 2.731370E+0 5.548370E-1 6.937270E-1 1.451270E-1 4.656730E-2 4.097410E-3
 3.472110E+0 6.877140E-1 9.495870E-1 2.057340E-1 7.848690E-2 9.202110E-3
 4.390230E+0 8.417590E-1 1.272580E+0 2.762650E-1 1.258100E-1 1.858020E-2
 5.524070E+0 1.018800E+0 1.677830E+0 3.562700E-1 1.920220E-1 3.363940E-2
 6.919360E+0 1.222930E+0 2.184230E+0 4.465830E-1 2.808920E-1 5.512130E-2
 8.633970E+0 1.457590E+0 2.814370E+0 5.482040E-1 3.966430E-1 8.287870E-2
 1.074210E+1 1.728950E+0 3.597390E+0 6.634200E-1 5.451820E-1 1.164120E-1
 1.332370E+1 2.044960E+0 4.566000E+0 7.954190E-1 7.334960E-1 1.553730E-1
 5.748800E-2 6.633920E-3 1.680870E-3 4.734110E-6 1.024320E-4 3.302740E-8
 8.245640E-2 1.232600E-2 2.294620E-3 1.018350E-5 1.113310E-4 5.685230E-8
 1.156120E-1 2.105070E-2 3.357070E-3 2.339790E-5 1.339620E-4 1.083060E-7
 1.586910E-1 3.307640E-2 5.231390E-3 5.697040E-5 1.758180E-4 2.249120E-7
 2.141540E-1 4.832110E-2 8.575950E-3 1.447740E-4 2.504440E-4 5.064010E-7
 2.854940E-1 6.662530E-2 1.455250E-2 3.762930E-4 3.846860E-4 1.227600E-6
 3.775140E-1 8.816470E-2 2.510830E-2 9.770810E-4 6.305090E-4 3.167890E-6
 4.965460E-1 1.135970E-1 4.325630E-2 2.469380E-3 1.088110E-3 8.575460E-6
 6.502840E-1 1.443550E-1 7.318330E-2 5.916830E-3 1.949640E-3 2.396100E-5
 8.477140E-1 1.826170E-1 1.198740E-1 1.311800E-2 3.576390E-3 6.793390E-5
 1.099020E+0 2.311090E-1 1.884680E-1 2.643920E-2 6.623790E-3 1.918490E-4
 1.415510E+0 2.924280E-1 2.837830E-1 4.810320E-2 1.221140E-2 5.287140E-4
 1.810960E+0 3.683340E-1 4.107330E-1 7.932310E-2 2.208690E-2 1.389640E-3
 2.303280E+0 4.597340E-1 5.750550E-1 1.200430E-1 3.865120E-2 3.401200E-3
 2.913220E+0 5.669310E-1 7.840910E-1 1.693840E-1 6.474080E-2 7.590550E-3
 3.667070E+0 6.909350E-1 1.047390E+0 2.265500E-1 1.032700E-1 1.524970E-2
 4.596170E+0 8.330860E-1 1.377170E+0 2.911240E-1 1.570130E-1 2.749650E-2
 5.742120E+0 9.967950E-1 1.788900E+0 3.638210E-1 2.289630E-1 4.490570E-2
 7.141400E+0 1.184810E+0 2.299530E+0 4.454450E-1 3.224540E-1 6.733360E-2
 8.855240E+0 1.401980E+0 2.932960E+0 5.378180E-1 4.421550E-1 9.435550E-2
 1.095200E+1 1.654870E+0 3.716680E+0 6.435690E-1 5.939750E-1 1.256870E-1
 5.630820E-2 6.522090E-3 1.886750E-3 5.314640E-6 1.589670E-4 5.125660E-8
 7.978320E-2 1.196530E-2 2.468170E-3 1.095530E-5 1.428910E-4 7.296990E-8
 1.105560E-1 2.017560E-2 3.463160E-3 2.414130E-5 1.578220E-4 1.275980E-7
 1.500270E-1 3.129230E-2 5.194260E-3 5.657800E-5 1.948260E-4 2.492320E-7
 2.002170E-1 4.512260E-2 8.241090E-3 1.391610E-4 2.635610E-4 5.329320E-7
 2.641840E-1 6.144000E-2 1.361850E-2 3.522570E-4 3.871760E-4 1.235580E-6
 3.459030E-1 8.031200E-2 2.301140E-2 8.957600E-4 6.112820E-4 3.071370E-6
 4.508710E-1 1.023340E-1 3.900950E-2 2.227890E-3 1.023450E-3 8.066140E-6
 5.856910E-1 1.286990E-1 6.516230E-2 5.269900E-3 1.790350E-3 2.200450E-5
 7.579030E-1 1.613410E-1 1.056950E-1 1.156720E-2 3.223040E-3 6.122580E-5
 9.758580E-1 2.025680E-1 1.648890E-1 2.312690E-2 5.881940E-3 1.703730E-4
 1.249460E+0 2.545650E-1 2.467660E-1 4.179920E-2 1.071790E-2 4.640810E-4
 1.590020E+0 3.187180E-1 3.553170E-1 6.854160E-2 1.920740E-2 1.208570E-3
 2.011830E+0 3.957100E-1 4.952740E-1 1.032210E-1 3.336730E-2 2.936390E-3
 2.532620E+0 4.858090E-1 6.728510E-1 1.450350E-1 5.556840E-2 6.514990E-3
 3.175470E+0 5.899170E-1 8.961230E-1 1.933090E-1 8.823950E-2 1.302870E-2
 3.966590E+0 7.090060E-1 1.175230E+0 2.476500E-1 1.336850E-1 2.340440E-2
 4.938830E+0 8.459370E-1 1.523070E+0 3.086540E-1 1.943540E-1 3.810510E-2
 6.130220E+0 1.003030E+0 1.954410E+0 3.770070E-1 2.730540E-1 5.699060E-2
 7.581850E+0 1.184380E+0 2.488120E+0 4.542570E-1 3.736620E-1 7.969080E-2
 9.353780E+0 1.395360E+0 3.148580E+0 5.425740E-1 5.012210E-1 1.059500E-1
 5.583200E-2 6.488930E-3 2.191420E-3 6.176540E-6 0.000000E+6 0.000000E+6
 7.799810E-2 1.172810E-2 2.736990E-3 1.214910E-5 2.335560E-4 1.192720E-7
 1.066170E-1 1.948890E-2 3.670270E-3 2.558860E-5 2.031920E-4 1.642770E-7
 1.428110E-1 2.978720E-2 5.274510E-3 5.746200E-5 2.274590E-4 2.909810E-7
 1.882280E-1 4.232980E-2 8.060200E-3 1.361340E-4 2.878160E-4 5.819860E-7
 2.454240E-1 5.683500E-2 1.291080E-2 3.340460E-4 4.006340E-4 1.278550E-6
 3.179010E-1 7.331670E-2 2.128210E-2 8.286770E-4 6.049420E-4 3.039590E-6
 4.101370E-1 9.227890E-2 3.538770E-2 2.021530E-3 9.769290E-4 7.699680E-6
 5.278630E-1 1.147870E-1 5.823310E-2 4.711470E-3 1.660800E-3 2.041300E-5
 6.775220E-1 1.424840E-1 9.335370E-2 1.021790E-2 2.923710E-3 5.554200E-5
 8.661510E-1 1.773730E-1 1.443100E-1 2.023640E-2 5.243340E-3 1.518860E-4
 1.101450E+0 2.212370E-1 2.143960E-1 3.629320E-2 9.424430E-3 4.081000E-4
 1.393560E+0 2.752110E-1 3.068800E-1 5.913070E-2 1.670810E-2 1.051350E-3
 1.753990E+0 3.398050E-1 4.256610E-1 8.856720E-2 2.877940E-2 2.532720E-3
 2.197320E+0 4.151550E-1 5.758280E-1 1.238610E-1 4.760420E-2 5.581410E-3
 2.742400E+0 5.019650E-1 7.641160E-1 1.644060E-1 7.518920E-2 1.110090E-2
 3.410790E+0 6.011000E-1 9.989430E-1 2.098750E-1 1.134140E-1 1.985320E-2
 4.232140E+0 7.149350E-1 1.291070E+0 2.607780E-1 1.643390E-1 3.220990E-2
 5.236370E+0 8.454140E-1 1.652910E+0 3.176960E-1 2.302360E-1 4.803280E-2
 6.462470E+0 9.958530E-1 2.100620E+0 3.818880E-1 3.143230E-1 6.699680E-2
 7.951750E+0 1.170760E+0 2.652610E+0 4.551860E-1 4.207100E-1 8.888340E-2
 5.641840E-2 6.576580E-3 2.760120E-3 7.780410E-6 0.000000E+6 0.000000E+6
 7.732630E-2 1.165560E-2 3.230660E-3 1.434930E-5 0.000000E+6 0.000000E+6
 1.037860E-1 1.898940E-2 4.084870E-3 2.848150E-5 4.702500E-4 3.801990E-7
 1.366090E-1 2.846990E-2 5.556540E-3 6.054350E-5 3.119780E-4 3.990890E-7
 1.771020E-1 3.969590E-2 8.079720E-3 1.364960E-4 3.426830E-4 6.929450E-7
 2.273410E-1 5.234580E-2 1.240700E-2 3.211050E-4 4.374890E-4 1.396200E-6
 2.903200E-1 6.639560E-2 1.976500E-2 7.698560E-4 6.189360E-4 3.109980E-6
 3.697240E-1 8.227150E-2 3.199580E-2 1.828190E-3 9.494800E-4 7.483570E-6
 4.700260E-1 1.009160E-1 5.156650E-2 4.173030E-3 1.550440E-3 1.905730E-5
 5.967540E-1 1.237330E-1 8.133170E-2 8.904710E-3 2.645520E-3 5.026060E-5
 7.555860E-1 1.523610E-1 1.241450E-1 1.740680E-2 4.631130E-3 1.341620E-4
 9.529950E-1 1.882830E-1 1.825960E-1 3.089310E-2 8.169010E-3 3.537610E-4
 1.196580E+0 2.323220E-1 2.592560E-1 4.990130E-2 1.427080E-2 8.980450E-4
 1.495820E+0 2.848070E-1 3.571960E-1 7.419670E-2 2.429720E-2 2.138340E-3
 1.862830E+0 3.458200E-1 4.804930E-1 1.031230E-1 3.982440E-2 4.669220E-3
 2.312110E+0 4.158590E-1 6.345460E-1 1.361420E-1 6.244690E-2 9.218600E-3
 2.860870E+0 4.956620E-1 8.260210E-1 1.729950E-1 9.364660E-2 1.639040E-2
 3.531840E+0 5.870750E-1 1.063690E+0 2.140740E-1 1.350590E-1 2.646300E-2
 4.350750E+0 6.917240E-1 1.357470E+0 2.598800E-1 1.885140E-1 3.930650E-2
 5.350370E+0 8.121610E-1 1.719870E+0 3.113960E-1 2.564860E-1 5.463820E-2
 6.564570E+0 9.519930E-1 2.166960E+0 3.700850E-1 3.422670E-1 7.226770E-2
 5.847410E-2 6.829550E-3 3.851800E-3 1.085910E-5 0.000000E+6 0.000000E+6
 7.843880E-2 1.184010E-2 4.062440E-3 1.804610E-5 0.000000E+6 0.000000E+6
 1.031590E-1 1.888170E-2 4.774110E-3 3.330720E-5 0.000000E+6 0.000000E+6
 1.331680E-1 2.771240E-2 6.101490E-3 6.651640E-5 0.000000E+6 0.000000E+6
 1.694910E-1 3.783750E-2 8.395140E-3 1.418460E-4 4.923910E-4 9.956930E-7
 2.137810E-1 4.890550E-2 1.228710E-2 3.180740E-4 5.195970E-4 1.658270E-6
 2.687240E-1 6.091290E-2 1.881400E-2 7.330100E-4 6.672440E-4 3.352790E-6
 3.373510E-1 7.424540E-2 2.951450E-2 1.686880E-3 9.576180E-4 7.547880E-6
 4.233700E-1 8.972000E-2 4.642120E-2 3.757350E-3 1.487940E-3 1.828960E-5
 5.310910E-1 1.085560E-1 7.184870E-2 7.866780E-3 2.445090E-3 4.645460E-5
 6.651660E-1 1.321150E-1 1.080540E-1 1.514880E-2 4.159400E-3 1.205020E-4
 8.308150E-1 1.616180E-1 1.570790E-1 2.656410E-2 7.177560E-3 3.108440E-4
 1.034580E+0 1.976970E-1 2.209500E-1 4.249000E-2 1.232950E-2 7.758760E-4
 1.283490E+0 2.404980E-1 3.020380E-1 6.265740E-2 2.071080E-2 1.822750E-3
 1.587770E+0 2.900740E-1 4.036580E-1 8.648420E-2 3.359450E-2 3.938680E-3
 1.959180E+0 3.467400E-1 5.300610E-1 1.134830E-1 5.223610E-2 7.710170E-3
 2.412480E+0 4.111390E-1 6.868510E-1 1.434580E-1 7.782710E-2 1.361940E-2
 2.963480E+0 4.847310E-1 8.807780E-1 1.767150E-1 1.116400E-1 2.186850E-2
 3.632410E+0 5.688150E-1 1.119870E+0 2.136630E-1 1.551320E-1 3.233410E-2
 4.445620E+0 6.655710E-1 1.414090E+0 2.551540E-1 2.103040E-1 4.478200E-2
 5.435110E+0 7.775680E-1 1.776410E+0 3.022460E-1 2.797100E-1 5.902640E-2
 6.145150E-2 7.185650E-3 6.677460E-3 1.882740E-5 0.000000E+6 0.000000E+6
 8.091560E-2 1.222040E-2 5.366830E-3 2.384320E-5 0.000000E+6 0.000000E+6
 1.044860E-1 1.911600E-2 5.714710E-3 3.987420E-5 0.000000E+6 0.000000E+6
 1.325400E-1 2.753020E-2 6.844540E-3 7.462490E-5 0.000000E+6 0.000000E+6
 1.658620E-1 3.690840E-2 8.934470E-3 1.510280E-4 0.000000E+6 0.000000E+6
 2.061160E-1 4.687330E-2 1.250770E-2 3.238110E-4 7.132190E-4 2.276270E-6
 2.552660E-1 5.743550E-2 1.845660E-2 7.192060E-4 7.592910E-4 3.815390E-6
 3.163100E-1 6.898620E-2 2.810790E-2 1.606800E-3 1.002390E-3 7.900980E-6
 3.924240E-1 8.228200E-2 4.320020E-2 3.496850E-3 1.476520E-3 1.814960E-5
 4.871300E-1 9.840690E-2 6.567800E-2 7.191290E-3 2.335900E-3 4.438180E-5
 6.043500E-1 1.185520E-1 9.741310E-2 1.365550E-2 3.864250E-3 1.119550E-4
 7.484660E-1 1.437250E-1 1.400710E-1 2.367940E-2 6.530680E-3 2.828400E-4
 9.246640E-1 1.744350E-1 1.953020E-1 3.753400E-2 1.104000E-2 6.947560E-4
 1.139090E+0 2.107420E-1 2.650570E-1 5.493230E-2 1.831780E-2 1.612170E-3
 1.400100E+0 2.526660E-1 3.520920E-1 7.534230E-2 2.942830E-2 3.450220E-3
 1.717590E+0 3.004230E-1 4.599740E-1 9.832200E-2 4.541160E-2 6.702450E-3
 2.105840E+0 3.545690E-1 5.933090E-1 1.237060E-1 6.724790E-2 1.176670E-2
 2.576130E+0 4.162920E-1 7.578360E-1 1.517460E-1 9.598550E-2 1.879820E-2
 3.147540E+0 4.867380E-1 9.604980E-1 1.828110E-1 1.328450E-1 2.768110E-2
 3.834870E+0 5.675140E-1 1.208890E+0 2.175420E-1 1.794070E-1 3.819090E-2
 4.672200E+0 6.612210E-1 1.514600E+0 2.570010E-1 2.379830E-1 5.019590E-2
 6.463750E-2 7.736440E-3 0.000000E+6 0.000000E+6 0.000000E+6 0.000000E+6
 8.528220E-2 1.288190E-2 1.046850E-2 4.651540E-5 0.000000E+6 0.000000E+6
 1.079210E-1 1.972800E-2 7.636270E-3 5.328830E-5 0.000000E+6 0.000000E+6
 1.342280E-1 2.781810E-2 8.151870E-3 8.889310E-5 0.000000E+6 0.000000E+6
 1.648470E-1 3.653110E-2 9.906420E-3 1.674800E-4 0.000000E+6 0.000000E+6
 2.011340E-1 4.549830E-2 1.312510E-2 3.399490E-4 0.000000E+6 0.000000E+6
 2.451850E-1 5.472620E-2 1.852270E-2 7.218660E-4 1.072510E-3 5.389430E-6
 2.991860E-1 6.463720E-2 2.722000E-2 1.556180E-3 1.125890E-3 8.874630E-6
 3.660890E-1 7.595970E-2 4.068780E-2 3.294190E-3 1.518240E-3 1.866320E-5
 4.490890E-1 8.967080E-2 6.055050E-2 6.630460E-3 2.278520E-3 4.329280E-5
 5.512370E-1 1.068000E-1 8.833660E-2 1.238280E-2 3.636280E-3 1.053540E-4
 6.763870E-1 1.281670E-1 1.253840E-1 2.119010E-2 5.988740E-3 2.593770E-4
 8.282210E-1 1.541650E-1 1.730140E-1 3.323210E-2 9.931810E-3 6.250460E-4
 1.012370E+0 1.848050E-1 2.328320E-1 4.821140E-2 1.624150E-2 1.429460E-3
 1.235710E+0 2.200440E-1 3.071020E-1 6.563570E-2 2.580090E-2 3.024870E-3
 1.506420E+0 2.600280E-1 3.987870E-1 8.510690E-2 3.946250E-2 5.823760E-3
 1.834440E+0 3.052690E-1 5.116830E-1 1.065020E-1 5.802950E-2 1.015250E-2
 2.232840E+0 3.566780E-1 6.505460E-1 1.300050E-1 8.234870E-2 1.612450E-2
 2.716690E+0 4.152530E-1 8.210400E-1 1.559500E-1 1.134260E-1 2.362880E-2
 3.299150E+0 4.823540E-1 1.029870E+0 1.848820E-1 1.525720E-1 3.246680E-2
 4.000610E+0 5.600680E-1 1.286110E+0 2.176710E-1 2.016580E-1 4.251990E-2
 7.267550E-2 8.696880E-3 0.000000E+6 0.000000E+6 0.000000E+6 0.000000E+6
 9.117790E-2 1.412160E-2 0.000000E+6 0.000000E+6 0.000000E+6 0.000000E+6
 1.118970E-1 2.105250E-2 0.000000E+6 0.000000E+6 0.000000E+6 0.000000E+6
 1.399560E-1 2.891250E-2 1.200250E-2 1.309020E-4 0.000000E+6 0.000000E+6
 1.677240E-1 3.697810E-2 1.218660E-2 2.060700E-4 0.000000E+6 0.000000E+6
 1.998960E-1 4.488740E-2 1.467520E-2 3.801630E-4 0.000000E+6 0.000000E+6
 2.383520E-1 5.273090E-2 1.935710E-2 7.546810E-4 0.000000E+6 0.000000E+6
 2.851790E-1 6.091460E-2 2.701090E-2 1.544480E-3 2.238890E-3 1.764840E-5
 3.426470E-1 7.017830E-2 3.879620E-2 3.140990E-3 1.741980E-3 2.141420E-5
 4.134010E-1 8.139180E-2 5.600160E-2 6.131300E-3 2.319320E-3 4.406920E-5
 4.999880E-1 9.546370E-2 7.982040E-2 1.118610E-2 3.477150E-3 1.007450E-4
 6.052000E-1 1.130380E-1 1.112590E-1 1.879720E-2 5.502210E-3 2.383130E-4
 7.324480E-1 1.343650E-1 1.513220E-1 2.905100E-2 8.873980E-3 5.585020E-4
 8.861060E-1 1.593850E-1 2.012790E-1 4.164030E-2 1.421930E-2 1.251490E-3
 1.071690E+0 1.880140E-1 2.629040E-1 5.611700E-2 2.224280E-2 2.607630E-3
 1.295780E+0 2.203700E-1 3.385660E-1 7.214150E-2 3.361530E-2 4.960540E-3
 1.566550E+0 2.568250E-1 4.312900E-1 8.960150E-2 4.896080E-2 8.564850E-3
 1.892680E+0 2.980890E-1 5.448690E-1 1.086420E-1 6.894120E-2 1.349450E-2
 2.286250E+0 3.450660E-1 6.837020E-1 1.295810E-1 9.434060E-2 1.964800E-2
 2.763550E+0 3.987450E-1 8.533930E-1 1.528230E-1 1.262050E-1 2.684630E-2
 3.334660E+0 4.608640E-1 1.060950E+0 1.791030E-1 1.660000E-1 3.499060E-2
 8.448190E-2 1.010440E-2 0.000000E+6 0.000000E+6 0.000000E+6 0.000000E+6
 1.034830E-1 1.600620E-2 0.000000E+6 0.000000E+6 0.000000E+6 0.000000E+6
 1.238480E-1 2.323880E-2 0.000000E+6 0.000000E+6 0.000000E+6 0.000000E+6
 1.451920E-1 3.099230E-2 0.000000E+6 0.000000E+6 0.000000E+6 0.000000E+6
 1.760360E-1 3.859730E-2 2.048380E-2 3.464260E-4 0.000000E+6 0.000000E+6
 2.045040E-1 4.557550E-2 1.835960E-2 4.757060E-4 0.000000E+6 0.000000E+6
 2.379400E-1 5.214810E-2 2.158260E-2 8.415750E-4 0.000000E+6 0.000000E+6
 2.783790E-1 5.882510E-2 2.802950E-2 1.603150E-3 0.000000E+6 0.000000E+6
 3.277240E-1 6.631620E-2 3.824810E-2 3.096890E-3 0.000000E+6 0.000000E+6
 3.878230E-1 7.532100E-2 5.313680E-2 5.817650E-3 2.749960E-3 5.225390E-5
 4.610960E-1 8.679240E-2 7.360160E-2 1.031280E-2 3.510640E-3 1.017190E-4
 5.498400E-1 1.011820E-1 1.003720E-1 1.695100E-2 5.201670E-3 2.253030E-4
 6.564910E-1 1.186200E-1 1.341820E-1 2.574430E-2 8.074520E-3 5.082250E-4
 7.846270E-1 1.389980E-1 1.760240E-1 3.638060E-2 1.261350E-2 1.110150E-3
 9.385900E-1 1.622200E-1 2.272930E-1 4.845670E-2 1.937340E-2 2.271120E-3
 1.123390E+0 1.883320E-1 2.898300E-1 6.167070E-2 2.887420E-2 4.260710E-3
 1.345600E+0 2.176250E-1 3.660800E-1 7.592750E-2 4.159770E-2 7.275920E-3
 1.613780E+0 2.506850E-1 4.590060E-1 9.135880E-2 5.805390E-2 1.136150E-2
 1.936200E+0 2.882380E-1 5.722520E-1 1.082290E-1 7.885560E-2 1.641900E-2
 2.321090E+0 3.311380E-1 7.101310E-1 1.269010E-1 1.048480E-1 2.229630E-2
 2.788880E+0 3.805720E-1 8.783070E-1 1.478870E-1 1.371350E-1 2.889180E-2
 9.811970E-2 1.172790E-2 0.000000E+6 0.000000E+6 0.000000E+6 0.000000E+6
 1.179700E-1 1.822460E-2 0.000000E+6 0.000000E+6 0.000000E+6 0.000000E+6
 1.383620E-1 2.590230E-2 0.000000E+6 0.000000E+6 0.000000E+6 0.000000E+6
 1.587670E-1 3.376090E-2 0.000000E+6 0.000000E+6 0.000000E+6 0.000000E+6
 1.794300E-1 4.092580E-2 0.000000E+6 0.000000E+6 0.000000E+6 0.000000E+6
 2.137730E-1 4.734020E-2 3.297020E-2 8.543920E-4 0.000000E+6 0.000000E+6
 2.432760E-1 5.290930E-2 2.623650E-2 1.023230E-3 0.000000E+6 0.000000E+6
 2.786790E-1 5.837420E-2 3.050930E-2 1.745210E-3 0.000000E+6 0.000000E+6
 3.218680E-1 6.447060E-2 3.914190E-2 3.169490E-3 0.000000E+6 0.000000E+6
 3.743630E-1 7.196380E-2 5.219660E-2 5.714400E-3 0.000000E+6 0.000000E+6
 4.379800E-1 8.148220E-2 7.017250E-2 9.830710E-3 4.152060E-3 1.203080E-4
 5.146970E-1 9.357820E-2 9.360300E-2 1.580250E-2 5.184170E-3 2.245500E-4
 6.065350E-1 1.082690E-1 1.230210E-1 2.359090E-2 7.620500E-3 4.796550E-4
 7.165240E-1 1.254020E-1 1.592050E-1 3.288190E-2 1.156460E-2 1.017840E-3
 8.481880E-1 1.448580E-1 2.032950E-1 4.330160E-2 1.743460E-2 2.043770E-3
 1.005920E+0 1.666360E-1 2.567720E-1 5.457720E-2 2.563920E-2 3.783150E-3
 1.194670E+0 1.909870E-1 3.216080E-1 6.663290E-2 3.655640E-2 6.394390E-3
 1.421030E+0 2.184090E-1 4.004090E-1 7.958810E-2 5.060300E-2 9.901980E-3
 1.693230E+0 2.494950E-1 4.959690E-1 9.367070E-2 6.825860E-2 1.421050E-2
 2.019450E+0 2.849730E-1 6.121140E-1 1.091970E-1 9.022220E-2 1.918220E-2
 2.406840E+0 3.257780E-1 7.527980E-1 1.265850E-1 1.173480E-1 2.472570E-2
---