PdfType: central
Format: lhagrid1
---
 1.000000E-6 1.700000E-6 3.200000E-6 6.000000E-6 1.000000E-5 1.700000E-5 3.200000E-5 6.000000E-5 1.000000E-4 1.700000E-4 3.200000E-4 6.000000E-4 1.000000E-3 1.700000E-3 3.200000E-3 6.000000E-3 1.000000E-2 1.700000E-2 3.200000E-2 6.000000E-2 1.000000E-1
 3.162278E-1 3.981068E-1 5.011876E-1 6.309572E-1 7.943280E-1 1.000000E+0 1.258924E+0 1.584894E+0 1.995262E+0 2.511886E+0 3.162278E+0 3.981068E+0 5.011876E+0 6.309572E+0 7.943280E+0 1.000000E+1 1.258924E+1 1.584894E+1 1.995262E+1 2.511886E+1 3.162278E+1
900 901 917 918 920 921
 7.465060E+0 7.271240E-1 2.921080E-1 8.073460E-4 7.527130E-3 2.422550E-6
 1.159660E+1 1.448150E+0 5.350520E-1 2.329010E-3 1.309080E-2 6.670870E-6
 1.774700E+1 2.748150E+0 9.952910E-1 6.801390E-3 2.362000E-2 1.904580E-5
 2.659130E+1 4.751140E+0 1.862460E+0 1.984530E-2 4.388690E-2 5.594650E-5
 3.952010E+1 7.810430E+0 3.477450E+0 5.732270E-2 8.323540E-2 1.673970E-4
 5.794570E+1 1.229970E+1 6.453340E+0 1.626660E-1 1.607890E-1 5.099730E-4
 8.471950E+1 1.881030E+1 1.170960E+1 4.431730E-1 3.134010E-1 1.564700E-3
 1.331940E+2 3.012930E+1 2.207170E+1 1.227630E+0 6.421260E-1 5.026710E-3
 2.186900E+2 4.941880E+1 4.275550E+1 3.359350E+0 1.389600E+0 1.693820E-2
 3.375550E+2 7.791100E+1 7.671300E+1 8.194710E+0 2.929040E+0 5.514580E-2
 5.012370E+2 1.173270E+2 1.293640E+2 1.786290E+1 6.054440E+0 1.734860E-1
 7.252420E+2 1.754230E+2 2.077030E+2 3.532390E+1 1.208020E+1 5.162800E-1
 1.033690E+3 2.559680E+2 3.191670E+2 6.335900E+1 2.332000E+1 1.448830E+0
 1.441190E+3 3.686360E+2 4.730420E+2 1.058190E+2 4.287230E+1 3.737270E+0
 1.994670E+3 5.073310E+2 6.822310E+2 1.617530E+2 7.491210E+1 8.718410E+0
 2.739000E+3 6.899580E+2 9.607720E+2 2.364330E+2 1.237600E+2 1.833960E+1
 3.662150E+3 9.078630E+2 1.317960E+3 3.271930E+2 1.937280E+2 3.451220E+1
 4.840750E+3 1.190000E+3 1.786490E+3 4.440070E+2 2.925770E+2 5.947170E+1
 6.984060E+3 1.548720E+3 2.561540E+3 5.895090E+2 4.290870E+2 9.373620E+1
 8.484330E+3 1.909380E+3 3.210140E+3 7.398120E+2 5.952560E+2 1.354280E+2
 1.274660E+4 2.557590E+3 4.807230E+3 9.995680E+2 8.891110E+2 1.989430E+2
 7.406310E+0 7.299210E-1 2.778000E-1 7.680360E-4 7.451360E-3 2.398590E-6
 1.157700E+1 1.484660E+0 5.015610E-1 2.184360E-3 1.269090E-2 6.468540E-6
 1.765230E+1 2.790940E+0 9.222820E-1 6.307890E-3 2.243580E-2 1.809630E-5
 2.622200E+1 4.775320E+0 1.715580E+0 1.832030E-2 4.098590E-2 5.227830E-5
 3.884410E+1 7.819690E+0 3.192180E+0 5.266300E-2 7.675150E-2 1.545220E-4
 5.700370E+1 1.223650E+1 5.922430E+0 1.497190E-1 1.462590E-1 4.640750E-4
 8.210320E+1 1.818440E+1 1.077200E+1 4.088260E-1 2.836530E-1 1.416570E-3
 1.273170E+2 2.875690E+1 2.020410E+1 1.124380E+0 5.746470E-1 4.498650E-3
 2.053280E+2 4.708160E+1 3.881720E+1 3.061490E+0 1.223910E+0 1.492480E-2
 3.102350E+2 7.183950E+1 6.908710E+1 7.409180E+0 2.563440E+0 4.826650E-2
 4.580320E+2 1.083060E+2 1.165590E+2 1.616320E+1 5.261330E+0 1.509370E-1
 6.625700E+2 1.600620E+2 1.862180E+2 3.178590E+1 1.051110E+1 4.506800E-1
 9.314260E+2 2.313210E+2 2.852360E+2 5.679430E+1 2.021750E+1 1.258420E+0
 1.304490E+3 3.313590E+2 4.230790E+2 9.444970E+1 3.715720E+1 3.246920E+0
 1.791520E+3 4.480300E+2 6.048530E+2 1.425600E+2 6.490010E+1 7.572720E+0
 2.414750E+3 5.997920E+2 8.434840E+2 2.053370E+2 1.068790E+2 1.581290E+1
 3.216020E+3 7.967380E+2 1.156670E+3 2.867700E+2 1.675090E+2 2.987740E+1
 4.248450E+3 1.031840E+3 1.561890E+3 3.844480E+2 2.517980E+2 5.105610E+1
 5.898420E+3 1.330390E+3 2.167140E+3 5.067390E+2 3.676710E+2 8.065990E+1
 7.451260E+3 1.654270E+3 2.810610E+3 6.403980E+2 5.148130E+2 1.166420E+2
 1.027580E+4 2.073080E+3 3.859420E+3 8.106580E+2 7.227500E+2 1.620320E+2
 7.327700E+0 7.299150E-1 2.657190E-1 7.380860E-4 7.474860E-3 2.406390E-6
 1.124960E+1 1.441580E+0 4.687290E-1 2.038700E-3 1.239330E-2 6.317920E-6
 1.715780E+1 2.736750E+0 8.484530E-1 5.802770E-3 2.141510E-2 1.728090E-5
 2.550250E+1 4.698640E+0 1.562610E+0 1.669200E-2 3.825380E-2 4.881590E-5
 3.746330E+1 7.614290E+0 2.891090E+0 4.791580E-2 7.031810E-2 1.417480E-4
 5.458240E+1 1.183490E+1 5.339090E+0 1.349700E-1 1.321160E-1 4.196090E-4
 7.868860E+1 1.775450E+1 9.695440E+0 3.690650E-1 2.527570E-1 1.262260E-3
 1.194480E+2 2.735010E+1 1.801610E+1 1.004970E+0 5.042890E-1 3.949070E-3
 1.892120E+2 4.344380E+1 3.433050E+1 2.719700E+0 1.055480E+0 1.288470E-2
 2.812670E+2 6.500420E+1 6.062510E+1 6.498080E+0 2.185310E+0 4.121850E-2
 4.122040E+2 9.859140E+1 1.021460E+2 1.423910E+1 4.452450E+0 1.279160E-1
 5.904490E+2 1.437000E+2 1.630790E+2 2.794480E+1 8.856060E+0 3.800020E-1
 8.226390E+2 2.038490E+2 2.482730E+2 4.950990E+1 1.701460E+1 1.061430E+0
 1.138160E+3 2.853740E+2 3.655650E+2 8.084290E+1 3.125340E+1 2.730790E+0
 1.555050E+3 3.856210E+2 5.203980E+2 1.218190E+2 5.422560E+1 6.307410E+0
 2.089470E+3 5.159560E+2 7.262260E+2 1.757380E+2 8.957410E+1 1.323300E+1
 2.782070E+3 6.715040E+2 9.901290E+2 2.411950E+2 1.403150E+2 2.491790E+1
 4.287980E+3 9.333240E+2 1.518540E+3 3.450010E+2 2.224280E+2 4.428550E+1
 4.913970E+3 1.096510E+3 1.803390E+3 4.172910E+2 3.035770E+2 6.597410E+1
 6.439260E+3 1.367010E+3 2.390470E+3 5.287440E+2 4.263600E+2 9.592320E+1
 9.168780E+3 1.767520E+3 3.417610E+3 6.903050E+2 6.192670E+2 1.368740E+2
 7.167690E+0 7.273210E-1 2.587850E-1 7.223830E-4 7.542680E-3 2.428200E-6
 1.104360E+1 1.455630E+0 4.466610E-1 1.950360E-3 1.221160E-2 6.226250E-6
 1.649040E+1 2.679580E+0 7.904060E-1 5.395120E-3 2.066080E-2 1.667580E-5
 2.455180E+1 4.583100E+0 1.427280E+0 1.520860E-2 3.618880E-2 4.619650E-5
 3.602630E+1 7.410850E+0 2.627020E+0 4.355700E-2 6.536510E-2 1.318300E-4
 5.192170E+1 1.138390E+1 4.807200E+0 1.218930E-1 1.208610E-1 3.843000E-4
 7.466390E+1 1.697200E+1 8.712300E+0 3.325960E-1 2.275290E-1 1.137230E-3
 1.118000E+2 2.561770E+1 1.609620E+1 9.003720E-1 4.451290E-1 3.486460E-3
 1.726860E+2 4.000260E+1 3.026420E+1 2.404500E+0 9.119010E-1 1.113570E-2
 2.546060E+2 5.903870E+1 5.312830E+1 5.721400E+0 1.868730E+0 3.525370E-2
 3.705910E+2 8.783640E+1 8.921020E+1 1.245080E+1 3.779550E+0 1.085320E-1
 5.229610E+2 1.255970E+2 1.413690E+2 2.416690E+1 7.476330E+0 3.212680E-1
 7.264710E+2 1.775350E+2 2.151360E+2 4.258700E+1 1.428980E+1 8.914590E-1
 9.996940E+2 2.474970E+2 3.150110E+2 6.960490E+1 2.615690E+1 2.291440E+0
 1.364810E+3 3.312930E+2 4.497520E+2 1.040110E+2 4.535160E+1 5.290040E+0
 1.798760E+3 4.412500E+2 6.193080E+2 1.498930E+2 7.490440E+1 1.111200E+1
 2.414710E+3 5.690150E+2 8.502070E+2 2.036600E+2 1.172180E+2 2.076480E+1
 3.163230E+3 7.261980E+2 1.141040E+3 2.695160E+2 1.752150E+2 3.516740E+1
 4.096660E+3 9.154640E+2 1.500290E+3 3.483030E+2 2.523130E+2 5.488130E+1
 5.420850E+3 1.133780E+3 2.007600E+3 4.382800E+2 3.542060E+2 7.916770E+1
 7.687710E+3 1.448130E+3 2.849860E+3 5.652940E+2 5.092800E+2 1.118340E+2
 7.005370E+0 7.142420E-1 2.559800E-1 7.158390E-4 7.648320E-3 2.462410E-6
 1.069050E+1 1.413920E+0 4.345710E-1 1.906070E-3 1.210410E-2 6.171750E-6
 1.597880E+1 2.599180E+0 7.536200E-1 5.152790E-3 2.015180E-2 1.626700E-5
 2.375370E+1 4.577740E+0 1.343710E+0 1.433540E-2 3.483060E-2 4.447460E-5
 3.449270E+1 7.180820E+0 2.431840E+0 4.025690E-2 6.197730E-2 1.250390E-4
 4.957070E+1 1.089730E+1 4.430010E+0 1.123880E-1 1.133380E-1 3.607170E-4
 7.072360E+1 1.620400E+1 8.009870E+0 3.062310E-1 2.108900E-1 1.054920E-3
 1.045190E+2 2.407070E+1 1.463750E+1 8.187300E-1 4.051730E-1 3.173840E-3
 1.598560E+2 3.686830E+1 2.722640E+1 2.165260E+0 8.138730E-1 9.939890E-3
 2.350950E+2 5.465920E+1 4.761960E+1 5.143280E+0 1.644650E+0 3.102110E-2
 3.347710E+2 7.852870E+1 7.940850E+1 1.104900E+1 3.313070E+0 9.533970E-2
 4.751350E+2 1.138070E+2 1.258260E+2 2.159230E+1 6.513950E+0 2.801380E-1
 6.529120E+2 1.592460E+2 1.907650E+2 3.786170E+1 1.242790E+1 7.767250E-1
 8.940510E+2 2.176040E+2 2.785380E+2 6.082010E+1 2.262590E+1 1.976460E+0
 1.208160E+3 2.930360E+2 3.958400E+2 9.164850E+1 3.930500E+1 4.593420E+0
 1.603610E+3 3.851150E+2 5.476340E+2 1.303610E+2 6.471260E+1 9.581970E+0
 2.147810E+3 4.938520E+2 7.508000E+2 1.762700E+2 1.008850E+2 1.775940E+1
 2.897530E+3 6.328000E+2 1.022730E+3 2.341890E+2 1.517790E+2 3.023220E+1
 3.725130E+3 7.907910E+2 1.348760E+3 3.001310E+2 2.185630E+2 4.684890E+1
 4.696820E+3 9.705390E+2 1.734120E+3 3.748830E+2 3.034790E+2 6.741390E+1
 6.645820E+3 1.224870E+3 2.446490E+3 4.779550E+2 4.322570E+2 9.439820E+1
 6.770650E+0 6.962540E-1 2.549780E-1 7.135100E-4 7.875890E-3 2.536080E-6
 1.040670E+1 1.391750E+0 4.261000E-1 1.875960E-3 1.206710E-2 6.153440E-6
 1.539670E+1 2.539100E+0 7.280420E-1 4.990320E-3 1.963720E-2 1.585330E-5
 2.268130E+1 4.321290E+0 1.271530E+0 1.357350E-2 3.351950E-2 4.281060E-5
 3.295190E+1 6.984020E+0 2.272070E+0 3.765620E-2 5.904250E-2 1.191560E-4
 4.707990E+1 1.052150E+1 4.087040E+0 1.038620E-1 1.063760E-1 3.386400E-4
 6.677880E+1 1.536580E+1 7.347120E+0 2.813460E-1 1.962970E-1 9.831130E-4
 9.772060E+1 2.248500E+1 1.330380E+1 7.456110E-1 3.704970E-1 2.905440E-3
 1.468230E+2 3.392230E+1 2.436980E+1 1.942560E+0 7.271230E-1 8.882340E-3
 2.140940E+2 4.957050E+1 4.251900E+1 4.591800E+0 1.449540E+0 2.735720E-2
 3.046800E+2 7.198390E+1 7.039000E+1 9.864310E+0 2.884990E+0 8.307910E-2
 4.253270E+2 1.009700E+2 1.110460E+2 1.895960E+1 5.653750E+0 2.435420E-1
 5.858050E+2 1.413270E+2 1.681640E+2 3.332700E+1 1.074660E+1 6.728130E-1
 7.980360E+2 1.919070E+2 2.445540E+2 5.334370E+1 1.946430E+1 1.705190E+0
 1.065530E+3 2.555790E+2 3.462210E+2 7.970750E+1 3.376430E+1 3.949770E+0
 1.432430E+3 3.342190E+2 4.797930E+2 1.127640E+2 5.541900E+1 8.192180E+0
 1.866580E+3 4.280120E+2 6.470180E+2 1.526450E+2 8.628010E+1 1.528100E+1
 2.519950E+3 5.393410E+2 8.843860E+2 1.992540E+2 1.291040E+2 2.563550E+1
 3.152470E+3 6.698270E+2 1.138070E+3 2.543530E+2 1.848100E+2 3.970460E+1
 4.042430E+3 8.216770E+2 1.490020E+3 3.172720E+2 2.579650E+2 5.693550E+1
 5.694130E+3 1.033550E+3 2.088010E+3 4.031680E+2 3.655100E+2 7.950610E+1
 6.574540E+0 6.862980E-1 2.569650E-1 7.196480E-4 8.394370E-3 2.703290E-6
 1.002240E+1 1.349970E+0 4.195360E-1 1.848770E-3 1.226200E-2 6.253130E-6
 1.490020E+1 2.496550E+0 7.072070E-1 4.882860E-3 1.921420E-2 1.551200E-5
 2.154570E+1 4.184400E+0 1.212470E+0 1.296690E-2 3.190740E-2 4.075630E-5
 3.113000E+1 6.600750E+0 2.114150E+0 3.492590E-2 5.543220E-2 1.119000E-4
 4.428280E+1 9.905320E+0 3.746480E+0 9.516530E-2 9.911950E-2 3.156840E-4
 6.203820E+1 1.435160E+1 6.630970E+0 2.537230E-1 1.809470E-1 9.069130E-4
 9.021940E+1 2.096360E+1 1.187210E+1 6.674200E-1 3.360810E-1 2.639110E-3
 1.330240E+2 3.098960E+1 2.144700E+1 1.710800E+0 6.423470E-1 7.850630E-3
 1.905530E+2 4.396370E+1 3.696580E+1 3.997280E+0 1.253970E+0 2.366640E-2
 2.702020E+2 6.311630E+1 6.104710E+1 8.555510E+0 2.460050E+0 7.084460E-2
 3.764400E+2 8.894250E+1 9.603900E+1 1.643850E+1 4.773010E+0 2.056590E-1
 5.126550E+2 1.218130E+2 1.442820E+2 2.847390E+1 8.993570E+0 5.623250E-1
 6.890290E+2 1.651030E+2 2.090550E+2 4.566770E+1 1.637290E+1 1.438830E+0
 9.237710E+2 2.178890E+2 2.948030E+2 6.761680E+1 2.815220E+1 3.294670E+0
 1.216970E+3 2.815990E+2 4.056110E+2 9.475890E+1 4.604210E+1 6.826710E+0
 1.576340E+3 3.570940E+2 5.459470E+2 1.270890E+2 7.149930E+1 1.263320E+1
 2.092140E+3 4.468330E+2 7.310990E+2 1.649930E+2 1.061200E+2 2.111570E+1
 2.947670E+3 5.718090E+2 1.032530E+3 2.161770E+2 1.570860E+2 3.318690E+1
 3.411430E+3 6.778340E+2 1.243310E+3 2.615650E+2 2.121180E+2 4.678110E+1
 4.734800E+3 8.399180E+2 1.721720E+3 3.275130E+2 2.978700E+2 6.448790E+1
 6.433150E+0 6.816040E-1 2.603190E-1 7.290820E-4 9.271430E-3 2.985960E-6
 9.712780E+0 1.323600E+0 4.160500E-1 1.834800E-3 1.286530E-2 6.561970E-6
 1.420420E+1 2.375150E+0 6.897740E-1 4.776150E-3 1.921090E-2 1.551120E-5
 2.069450E+1 4.027940E+0 1.166820E+0 1.255630E-2 3.073290E-2 3.925960E-5
 2.928960E+1 6.304360E+0 2.002970E+0 3.310580E-2 5.202530E-2 1.050420E-4
 4.150350E+1 9.481050E+0 3.479190E+0 8.822840E-2 9.186400E-2 2.926700E-4
 5.866370E+1 1.372730E+1 6.078930E+0 2.328580E-1 1.664860E-1 8.347800E-4
 8.292190E+1 1.922650E+1 1.069370E+1 6.025570E-1 3.061180E-1 2.406500E-3
 1.206640E+2 2.809350E+1 1.893800E+1 1.513080E+0 5.726090E-1 7.009610E-3
 1.708010E+2 3.941870E+1 3.221070E+1 3.498120E+0 1.096440E+0 2.070850E-2
 2.399170E+2 5.562420E+1 5.281840E+1 7.392060E+0 2.116840E+0 6.093860E-2
 3.292770E+2 7.700610E+1 8.242890E+1 1.410090E+1 4.050990E+0 1.744950E-1
 4.461290E+2 1.045290E+2 1.234740E+2 2.423870E+1 7.576860E+0 4.744990E-1
 6.002280E+2 1.405710E+2 1.784110E+2 3.853820E+1 1.364220E+1 1.194200E+0
 7.957790E+2 1.839280E+2 2.503680E+2 5.686070E+1 2.344780E+1 2.743370E+0
 1.040600E+3 2.358960E+2 3.418600E+2 7.918080E+1 3.821410E+1 5.648030E+0
 1.388840E+3 3.008140E+2 4.675140E+2 1.066380E+2 5.944690E+1 1.047350E+1
 1.862740E+3 3.744060E+2 6.365430E+2 1.377360E+2 8.839250E+1 1.742260E+1
 2.470680E+3 4.703030E+2 8.572080E+2 1.776770E+2 1.289110E+2 2.721640E+1
 2.925730E+3 5.556790E+2 1.045720E+3 2.141850E+2 1.740350E+2 3.817750E+1
 3.945550E+3 6.834140E+2 1.424980E+3 2.663730E+2 2.432820E+2 5.237080E+1
 6.245520E+0 6.609770E-1 2.651930E-1 7.429770E-4 1.033410E-2 3.327930E-6
 9.391380E+0 1.306980E+0 4.132980E-1 1.824050E-3 1.374100E-2 7.008650E-6
 1.371560E+1 2.319500E+0 6.752010E-1 4.675810E-3 1.967420E-2 1.588470E-5
 1.989120E+1 3.927750E+0 1.136860E+0 1.228350E-2 3.029410E-2 3.870080E-5
 2.815600E+1 6.124510E+0 1.930820E+0 3.211410E-2 4.979600E-2 1.005550E-4
 3.931140E+1 8.959170E+0 3.311350E+0 8.398340E-2 8.619740E-2 2.747000E-4
 5.514880E+1 1.297580E+1 5.707160E+0 2.182120E-1 1.547580E-1 7.762490E-4
 7.754100E+1 1.807870E+1 9.865150E+0 5.542960E-1 2.836680E-1 2.230580E-3
 1.108970E+2 2.580520E+1 1.713520E+1 1.366850E+0 5.248110E-1 6.432030E-3
 1.569620E+2 3.623540E+1 2.895050E+1 3.139070E+0 9.869230E-1 1.864660E-2
 2.162080E+2 4.994140E+1 4.695380E+1 6.568790E+0 1.883140E+0 5.423800E-2
 2.958220E+2 6.876610E+1 7.289280E+1 1.245000E+1 3.568640E+0 1.537460E-1
 4.002440E+2 9.270060E+1 1.086780E+2 2.131820E+1 6.614390E+0 4.140930E-1
 5.357470E+2 1.237080E+2 1.564280E+2 3.375540E+1 1.182930E+1 1.037740E+0
 7.080230E+2 1.605100E+2 2.189950E+2 4.938870E+1 2.023450E+1 2.365300E+0
 9.366920E+2 2.053830E+2 3.006800E+2 6.864740E+1 3.284120E+1 4.854170E+0
 1.239750E+3 2.587740E+2 4.075060E+2 9.150390E+1 5.083200E+1 8.944300E+0
 1.576130E+3 3.194830E+2 5.397720E+2 1.175930E+2 7.543210E+1 1.487330E+1
 2.069660E+3 3.968340E+2 7.210780E+2 1.499510E+2 1.087340E+2 2.297730E+1
 2.703030E+3 4.825530E+2 9.503710E+2 1.856490E+2 1.518730E+2 3.283360E+1
 3.387920E+3 5.786600E+2 1.215700E+3 2.254790E+2 2.060710E+2 4.428010E+1
 6.195550E+0 6.629660E-1 2.743160E-1 7.686430E-4 1.190580E-2 3.833520E-6
 9.098160E+0 1.243820E+0 4.140210E-1 1.827770E-3 1.511720E-2 7.711460E-6
 1.335380E+1 2.317220E+0 6.602400E-1 4.575030E-3 2.068340E-2 1.670170E-5
 1.908560E+1 3.760900E+0 1.097760E+0 1.188060E-2 3.051370E-2 3.898180E-5
 2.707680E+1 5.867220E+0 1.861200E+0 3.112100E-2 4.830040E-2 9.753660E-5
 3.771730E+1 8.597230E+0 3.160860E+0 8.026750E-2 8.123750E-2 2.589220E-4
 5.198440E+1 1.226320E+1 5.377900E+0 2.054170E-1 1.432100E-1 7.185760E-4
 7.228680E+1 1.674730E+1 9.159350E+0 5.127990E-1 2.603780E-1 2.048530E-3
 1.024790E+2 2.360580E+1 1.560830E+1 1.247460E+0 4.798080E-1 5.884540E-3
 1.430030E+2 3.284840E+1 2.602170E+1 2.825830E+0 8.921530E-1 1.689220E-2
 1.967010E+2 4.492150E+1 4.178710E+1 5.849060E+0 1.671520E+0 4.818580E-2
 2.657130E+2 6.108340E+1 6.442060E+1 1.097670E+1 3.135180E+0 1.350170E-1
 3.556800E+2 8.189620E+1 9.552130E+1 1.873380E+1 5.763730E+0 3.607900E-1
 4.728800E+2 1.080780E+2 1.368280E+2 2.937340E+1 1.022270E+1 8.966690E-1
 6.250790E+2 1.392060E+2 1.904700E+2 4.273160E+1 1.736950E+1 2.031660E+0
 8.048260E+2 1.760360E+2 2.582660E+2 5.885220E+1 2.808260E+1 4.149700E+0
 1.110730E+3 2.237420E+2 3.564650E+2 7.887690E+1 4.345210E+1 7.631040E+0
 1.354340E+3 2.720490E+2 4.601660E+2 1.001170E+2 6.390810E+1 1.264820E+1
 1.686870E+3 3.314670E+2 5.929000E+2 1.253770E+2 9.090970E+1 1.927010E+1
 2.208230E+3 3.998350E+2 7.754400E+2 1.539390E+2 1.256030E+2 2.733170E+1
 2.894110E+3 4.859460E+2 1.030610E+3 1.893040E+2 1.732860E+2 3.714480E+1
 6.107330E+0 6.617730E-1 2.942650E-1 8.242970E-4 1.478940E-2 4.761170E-6
 9.062720E+0 1.279390E+0 4.234890E-1 1.870070E-3 1.764670E-2 8.999980E-6
 1.295690E+1 2.199400E+0 6.506780E-1 4.513060E-3 2.278160E-2 1.839800E-5
 1.853020E+1 3.644990E+0 1.052070E+0 1.139130E-2 3.180350E-2 4.063070E-5
 2.597380E+1 5.584630E+0 1.764580E+0 2.960350E-2 4.789410E-2 9.672480E-5
 3.597740E+1 8.344030E+0 2.991780E+0 7.648990E-2 7.720860E-2 2.460970E-4
 4.890210E+1 1.138030E+1 5.045770E+0 1.925970E-1 1.317210E-1 6.610550E-4
 6.715740E+1 1.565890E+1 8.416240E+0 4.713850E-1 2.345750E-1 1.846350E-3
 9.329860E+1 2.156080E+1 1.407820E+1 1.122720E+0 4.289070E-1 5.262410E-3
 1.279650E+2 2.942580E+1 2.302870E+1 2.500780E+0 7.917760E-1 1.500830E-2
 1.740600E+2 3.945220E+1 3.651670E+1 5.100970E+0 1.462840E+0 4.222860E-2
 2.348010E+2 5.300460E+1 5.563710E+1 9.459070E+0 2.696870E+0 1.161970E-1
 3.109600E+2 7.063390E+1 8.196170E+1 1.606560E+1 4.900840E+0 3.069690E-1
 4.102570E+2 9.227320E+1 1.167080E+2 2.497090E+1 8.636420E+0 7.572580E-1
 5.381580E+2 1.176260E+2 1.614850E+2 3.599040E+1 1.456030E+1 1.702910E+0
 6.871280E+2 1.479910E+2 2.184450E+2 4.931440E+1 2.339660E+1 3.452560E+0
 9.015760E+2 1.840740E+2 2.920480E+2 6.498140E+1 3.589550E+1 6.310150E+0
 1.225610E+3 2.297010E+2 4.006930E+2 8.417900E+1 5.342140E+1 1.051080E+1
 1.537780E+3 2.768120E+2 5.186470E+2 1.043730E+2 7.574920E+1 1.590490E+1
 1.791000E+3 3.264930E+2 6.341810E+2 1.256810E+2 1.028350E+2 2.226900E+1
 2.406690E+3 3.944450E+2 8.477980E+2 1.536080E+2 1.409690E+2 3.011290E+1
 6.140260E+0 6.587240E-1 3.270200E-1 9.162020E-4 2.002500E-2 6.445900E-6
 8.979490E+0 1.278990E+0 4.479670E-1 1.978440E-3 2.181660E-2 1.112670E-5
 1.282140E+1 2.221470E+0 6.559670E-1 4.551460E-3 2.628280E-2 2.122450E-5
 1.800650E+1 3.577400E+0 1.021250E+0 1.106640E-2 3.450850E-2 4.409420E-5
 2.492180E+1 5.425200E+0 1.667560E+0 2.799060E-2 4.916160E-2 9.928460E-5
 3.432510E+1 7.830540E+0 2.798580E+0 7.193740E-2 7.552560E-2 2.407400E-4
 4.602730E+1 1.073990E+1 4.706450E+0 1.806970E-1 1.237720E-1 6.212390E-4
 6.287880E+1 1.455580E+1 7.806870E+0 4.383680E-1 2.135680E-1 1.681390E-3
 8.586320E+1 1.963010E+1 1.276420E+1 1.018380E+0 3.824940E-1 4.695130E-3
 1.168370E+2 2.643450E+1 2.048710E+1 2.220380E+0 6.996380E-1 1.326650E-2
 1.560630E+2 3.512720E+1 3.211850E+1 4.488340E+0 1.284680E+0 3.713330E-2
 2.077550E+2 4.671000E+1 4.861640E+1 8.267720E+0 2.338180E+0 1.008720E-1
 2.728740E+2 6.090270E+1 7.066440E+1 1.376480E+1 4.189780E+0 2.623610E-1
 3.557140E+2 7.830260E+1 9.968780E+1 2.113270E+1 7.300000E+0 6.398260E-1
 4.603400E+2 9.979420E+1 1.370940E+2 3.046160E+1 1.221430E+1 1.429370E+0
 6.163610E+2 1.247530E+2 1.865420E+2 4.138460E+1 1.951590E+1 2.880070E+0
 7.756750E+2 1.534830E+2 2.472230E+2 5.405500E+1 2.976290E+1 5.224560E+0
 9.653370E+2 1.860340E+2 3.207710E+2 6.829460E+1 4.345120E+1 8.570910E+0
 1.220470E+3 2.240960E+2 4.143710E+2 8.459120E+1 6.141050E+1 1.293160E+1
 1.514490E+3 2.672320E+2 5.300790E+2 1.027930E+2 8.440780E+1 1.817450E+1
 1.998320E+3 3.210800E+2 6.970960E+2 1.249990E+2 1.148390E+2 2.448340E+1
 6.293800E+0 6.654720E-1 3.657130E-1 1.023440E-3 3.094960E-2 9.953930E-6
 9.118540E+0 1.283130E+0 4.811530E-1 2.125440E-3 2.796440E-2 1.426090E-5
 1.279200E+1 2.191480E+0 6.763140E-1 4.693400E-3 3.094150E-2 2.498350E-5
 1.784440E+1 3.628180E+0 1.015170E+0 1.101580E-2 3.823260E-2 4.884890E-5
 2.459820E+1 5.353580E+0 1.607770E+0 2.700650E-2 5.173520E-2 1.044940E-4
 3.342580E+1 7.702440E+0 2.645450E+0 6.796850E-2 7.599580E-2 2.422910E-4
 4.457260E+1 1.034220E+1 4.423670E+0 1.709110E-1 1.199940E-1 6.022940E-4
 5.963180E+1 1.381710E+1 7.329010E+0 4.130360E-1 2.008770E-1 1.581660E-3
 8.016960E+1 1.840370E+1 1.186970E+1 9.444160E-1 3.513340E-1 4.313940E-3
 1.077460E+2 2.408810E+1 1.878660E+1 2.030220E+0 6.321830E-1 1.199310E-2
 1.428230E+2 3.170210E+1 2.896110E+1 4.011150E+0 1.151320E+0 3.329870E-2
 1.881870E+2 4.156890E+1 4.328520E+1 7.322320E+0 2.084790E+0 9.007680E-2
 2.488730E+2 5.415630E+1 6.270490E+1 1.215850E+1 3.702980E+0 2.321020E-1
 3.208160E+2 6.933270E+1 8.786670E+1 1.858660E+1 6.384540E+0 5.593990E-1
 4.106370E+2 8.694650E+1 1.201670E+2 2.642900E+1 1.060200E+1 1.237970E+0
 5.322640E+2 1.082490E+2 1.619880E+2 3.585950E+1 1.683790E+1 2.482690E+0
 6.611050E+2 1.317090E+2 2.118680E+2 4.639500E+1 2.553050E+1 4.476220E+0
 8.946610E+2 1.619610E+2 2.865310E+2 5.926420E+1 3.756320E+1 7.369100E+0
 1.108100E+3 1.921990E+2 3.663610E+2 7.239200E+1 5.255270E+1 1.100130E+1
 1.334010E+3 2.269280E+2 4.564670E+2 8.724310E+1 7.165770E+1 1.541120E+1
 1.720650E+3 2.711370E+2 5.953830E+2 1.055280E+2 9.722220E+1 2.065170E+1
 6.416230E+0 6.741780E-1 4.225960E-1 1.182690E-3 0.000000E+6 0.000000E+6
 9.082580E+0 1.253340E+0 5.318970E-1 2.348010E-3 4.554270E-2 2.320990E-5
 1.274780E+1 2.169370E+0 7.161170E-1 4.968340E-3 3.979780E-2 3.213490E-5
 1.774870E+1 3.602140E+0 1.030480E+0 1.117720E-2 4.460890E-2 5.699030E-5
 2.415490E+1 5.275030E+0 1.574720E+0 2.647610E-2 5.648000E-2 1.140870E-4
 3.259180E+1 7.510960E+0 2.517190E+0 6.477740E-2 7.863100E-2 2.506340E-4
 4.334600E+1 9.987550E+0 4.134110E+0 1.600940E-1 1.187400E-1 5.960430E-4
 5.733080E+1 1.311460E+1 6.802950E+0 3.854810E-1 1.917380E-1 1.509760E-3
 7.570690E+1 1.711650E+1 1.097880E+1 8.758450E-1 3.259050E-1 4.002310E-3
 9.981960E+1 2.219180E+1 1.722000E+1 1.859330E+0 5.736410E-1 1.088720E-2
 1.316000E+2 2.885090E+1 2.625400E+1 3.655620E+0 1.028270E+0 2.975640E-2
 1.709220E+2 3.740460E+1 3.878560E+1 6.561790E+0 1.845390E+0 7.980260E-2
 2.209330E+2 4.791980E+1 5.555540E+1 1.074200E+1 3.256880E+0 2.044070E-1
 2.820800E+2 6.040070E+1 7.720690E+1 1.618510E+1 5.573230E+0 4.882110E-1
 3.644310E+2 7.551980E+1 1.048650E+2 2.293310E+1 9.179080E+0 1.072540E+0
 4.642140E+2 9.305560E+1 1.399620E+2 3.082510E+1 1.449830E+1 2.137010E+0
 5.993010E+2 1.129780E+2 1.856100E+2 3.967640E+1 2.185460E+1 3.821140E+0
 7.706290E+2 1.375740E+2 2.441430E+2 5.032370E+1 3.189330E+1 6.261960E+0
 9.253200E+2 1.618880E+2 3.065670E+2 6.102580E+1 4.442260E+1 9.298960E+0
 1.185760E+3 1.935930E+2 3.986350E+2 7.434160E+1 6.114660E+1 1.308400E+1
 1.470060E+3 2.281260E+2 5.045440E+2 8.877040E+1 8.189850E+1 1.736530E+1
 6.891320E+0 7.194260E-1 5.271930E-1 1.473480E-3 0.000000E+6 0.000000E+6
 9.494510E+0 1.291110E+0 6.238130E-1 2.748320E-3 0.000000E+6 0.000000E+6
 1.316850E+1 2.222160E+0 7.951250E-1 5.514920E-3 9.158420E-2 7.392290E-5
 1.758210E+1 3.450720E+0 1.085030E+0 1.176910E-2 6.112360E-2 7.809430E-5
 2.360690E+1 5.139280E+0 1.578810E+0 2.654010E-2 6.722360E-2 1.357780E-4
 3.133040E+1 7.040330E+0 2.423480E+0 6.242440E-2 8.584890E-2 2.737230E-4
 4.156690E+1 9.535470E+0 3.853830E+0 1.493720E-1 1.214740E-1 6.097970E-4
 5.418660E+1 1.223860E+1 6.212400E+0 3.531890E-1 1.863320E-1 1.467350E-3
 7.108510E+1 1.596600E+1 9.944090E+0 7.992620E-1 3.042860E-1 3.737300E-3
 9.175580E+1 2.025030E+1 1.549870E+1 1.680560E+0 5.191120E-1 9.856120E-3
 1.192890E+2 2.579600E+1 2.336730E+1 3.245860E+0 9.085880E-1 2.630350E-2
 1.534810E+2 3.283820E+1 3.409880E+1 5.729020E+0 1.601220E+0 6.926800E-2
 1.940950E+2 4.145740E+1 4.825470E+1 9.271570E+0 2.799580E+0 1.759750E-1
 2.490880E+2 5.197770E+1 6.649570E+1 1.388910E+1 4.759720E+0 4.181610E-1
 3.123320E+2 6.418230E+1 8.951790E+1 1.944200E+1 7.758010E+0 9.070830E-1
 4.143820E+2 7.796420E+1 1.192380E+2 2.566870E+1 1.210220E+1 1.765640E+0
 5.234680E+2 9.554100E+1 1.576910E+2 3.347180E+1 1.828670E+1 3.199410E+0
 6.504860E+2 1.137090E+2 2.035510E+2 4.156520E+1 2.636050E+1 5.165800E+0
 7.980680E+2 1.339760E+2 2.583830E+2 5.042900E+1 3.668470E+1 7.662520E+0
 9.938040E+2 1.582100E+2 3.297480E+2 6.072530E+1 5.007240E+1 1.067840E+1
 1.231000E+3 1.859160E+2 4.164160E+2 7.232120E+1 6.686690E+1 1.414190E+1
 7.595390E+0 7.897040E-1 7.262190E-1 2.028180E-3 0.000000E+6 0.000000E+6
 1.023340E+1 1.387860E+0 7.794400E-1 3.435120E-3 0.000000E+6 0.000000E+6
 1.366330E+1 2.296270E+0 9.247640E-1 6.406160E-3 0.000000E+6 0.000000E+6
 1.805840E+1 3.533480E+0 1.187230E+0 1.287070E-2 0.000000E+6 0.000000E+6
 2.378010E+1 5.080770E+0 1.639990E+0 2.758470E-2 9.647570E-2 1.948140E-4
 3.115320E+1 7.093850E+0 2.401950E+0 6.191830E-2 1.019350E-1 3.249960E-4
 3.994470E+1 9.100400E+0 3.675190E+0 1.425460E-1 1.309390E-1 6.573430E-4
 5.165020E+1 1.159960E+1 5.751840E+0 3.269110E-1 1.879330E-1 1.480070E-3
 6.639240E+1 1.466840E+1 9.009540E+0 7.258810E-1 2.920190E-1 3.586940E-3
 8.551890E+1 1.835090E+1 1.388620E+1 1.510340E+0 4.798140E-1 9.110510E-3
 1.086020E+2 2.298390E+1 2.071950E+1 2.881620E+0 8.160770E-1 2.363030E-2
 1.378580E+2 2.907300E+1 2.996570E+1 5.038710E+0 1.407670E+0 6.092700E-2
 1.753170E+2 3.622330E+1 4.196610E+1 8.040650E+0 2.416000E+0 1.518750E-1
 2.205620E+2 4.465340E+1 5.725240E+1 1.188390E+1 4.055280E+0 3.563440E-1
 2.735190E+2 5.446630E+1 7.642260E+1 1.646650E+1 6.564580E+0 7.684400E-1
 3.420270E+2 6.586790E+1 1.004650E+2 2.174890E+1 1.021480E+1 1.504760E+0
 4.347420E+2 7.830520E+1 1.291420E+2 2.749780E+1 1.514110E+1 2.650580E+0
 5.234250E+2 9.329000E+1 1.664720E+2 3.416160E+1 2.177560E+1 4.264200E+0
 6.767890E+2 1.109120E+2 2.159240E+2 4.172370E+1 3.037480E+1 6.331500E+0
 8.267180E+2 1.294160E+2 2.721500E+2 4.966650E+1 4.112550E+1 8.739600E+0
 1.015920E+3 1.520210E+2 3.421750E+2 5.913390E+1 5.473240E+1 1.156540E+1
 8.566600E+0 9.088870E-1 1.207080E+0 3.351600E-3 0.000000E+6 0.000000E+6
 1.118240E+1 1.524120E+0 1.017400E+0 4.476890E-3 0.000000E+6 0.000000E+6
 1.465440E+1 2.458250E+0 1.100690E+0 7.627870E-3 0.000000E+6 0.000000E+6
 1.882170E+1 3.675770E+0 1.328850E+0 1.441370E-2 0.000000E+6 0.000000E+6
 2.411650E+1 5.130470E+0 1.741230E+0 2.929690E-2 0.000000E+6 0.000000E+6
 3.090260E+1 6.816450E+0 2.444380E+0 6.301700E-2 1.398100E-1 4.457530E-4
 3.931590E+1 8.839000E+0 3.608670E+0 1.400990E-1 1.489780E-1 7.479500E-4
 5.000300E+1 1.110150E+1 5.490410E+0 3.125770E-1 1.966930E-1 1.549210E-3
 6.351110E+1 1.382840E+1 8.412580E+0 6.782970E-1 2.897500E-1 3.559270E-3
 8.069440E+1 1.702220E+1 1.275230E+1 1.390710E+0 4.583850E-1 8.704340E-3
 1.016630E+2 2.119970E+1 1.885270E+1 2.631980E+0 7.582870E-1 2.196000E-2
 1.273130E+2 2.619710E+1 2.698950E+1 4.541890E+0 1.280910E+0 5.545240E-2
 1.596740E+2 3.236730E+1 3.748920E+1 7.185070E+0 2.164230E+0 1.360840E-1
 1.990650E+2 3.963410E+1 5.084710E+1 1.052480E+1 3.590040E+0 3.155100E-1
 2.463170E+2 4.794700E+1 6.739470E+1 1.447100E+1 5.763600E+0 6.749160E-1
 3.198840E+2 5.817370E+1 8.919940E+1 1.912090E+1 8.912730E+0 1.314120E+0
 3.795420E+2 6.820650E+1 1.137000E+2 2.391770E+1 1.316670E+1 2.300820E+0
 4.695730E+2 8.045170E+1 1.448450E+2 2.942700E+1 1.876260E+1 3.674120E+0
 5.653810E+2 9.451170E+1 1.833950E+2 3.559080E+1 2.596580E+1 5.415410E+0
 7.189570E+2 1.104010E+2 2.340770E+2 4.235890E+1 3.514950E+1 7.454400E+0
 8.797320E+2 1.295280E+2 2.932280E+2 5.037800E+1 4.664900E+1 9.851310E+0
 9.662570E+0 1.078950E+0 0.000000E+6 0.000000E+6 0.000000E+6 0.000000E+6
 1.270020E+1 1.775450E+0 1.903740E+0 8.310950E-3 0.000000E+6 0.000000E+6
 1.612120E+1 2.758380E+0 1.456940E+0 1.008130E-2 0.000000E+6 0.000000E+6
 2.024030E+1 3.956190E+0 1.575460E+0 1.707460E-2 0.000000E+6 0.000000E+6
 2.540690E+1 5.437370E+0 1.926730E+0 3.242050E-2 0.000000E+6 0.000000E+6
 3.179910E+1 7.058630E+0 2.559200E+0 6.594680E-2 0.000000E+6 0.000000E+6
 3.965230E+1 8.823420E+0 3.621510E+0 1.405170E-1 2.102980E-1 1.055910E-3
 4.959910E+1 1.088950E+1 5.319030E+0 3.027270E-1 2.208810E-1 1.739800E-3
 6.180680E+1 1.314340E+1 7.935470E+0 6.389240E-1 2.979240E-1 3.659420E-3
 7.705730E+1 1.606970E+1 1.179140E+1 1.285640E+0 4.471110E-1 8.490580E-3
 9.607420E+1 1.954730E+1 1.716720E+1 2.400290E+0 7.135260E-1 2.066670E-2
 1.190130E+2 2.386540E+1 2.433700E+1 4.104450E+0 1.174840E+0 5.086100E-2
 1.471510E+2 2.906470E+1 3.351360E+1 6.427100E+0 1.947570E+0 1.224770E-1
 1.827210E+2 3.516930E+1 4.505280E+1 9.318090E+0 3.184830E+0 2.799510E-1
 2.251770E+2 4.219220E+1 5.943120E+1 1.270510E+1 5.057370E+0 5.924390E-1
 2.720160E+2 5.009460E+1 7.699370E+1 1.651150E+1 7.744210E+0 1.142110E+0
 3.464360E+2 5.951080E+1 9.964670E+1 2.081140E+1 1.139540E+1 1.993170E+0
 4.215060E+2 6.962900E+1 1.266010E+2 2.541950E+1 1.615770E+1 3.163800E+0
 5.142760E+2 8.128980E+1 1.600400E+2 3.056190E+1 2.227230E+1 4.638900E+0
 6.262860E+2 9.455800E+1 2.006050E+2 3.627060E+1 2.995810E+1 6.377460E+0
 7.598220E+2 1.098640E+2 2.504810E+2 4.272110E+1 3.959590E+1 8.352250E+0
 1.192050E+1 1.356250E+0 0.000000E+6 0.000000E+6 0.000000E+6 0.000000E+6
 1.464370E+1 2.164600E+0 0.000000E+6 0.000000E+6 0.000000E+6 0.000000E+6
 1.797950E+1 3.238360E+0 0.000000E+6 0.000000E+6 0.000000E+6 0.000000E+6
 2.295350E+1 4.545410E+0 2.294590E+0 2.482520E-2 0.000000E+6 0.000000E+6
 2.784870E+1 6.013430E+0 2.358090E+0 3.959960E-2 0.000000E+6 0.000000E+6
 3.378120E+1 7.534200E+0 2.858520E+0 7.375130E-2 0.000000E+6 0.000000E+6
 4.109040E+1 9.127200E+0 3.776770E+0 1.466710E-1 0.000000E+6 0.000000E+6
 5.002180E+1 1.085240E+1 5.284900E+0 3.012160E-1 4.385990E-1 3.455850E-3
 6.090760E+1 1.273510E+1 7.586800E+0 6.120370E-1 3.417240E-1 4.198500E-3
 7.428540E+1 1.509980E+1 1.093030E+1 1.192820E+0 4.551030E-1 8.642670E-3
 9.087230E+1 1.795440E+1 1.557000E+1 2.174590E+0 6.823120E-1 1.976220E-2
 1.107860E+2 2.154110E+1 2.169620E+1 3.663660E+0 1.079500E+0 4.674290E-2
 1.350900E+2 2.580050E+1 2.948430E+1 5.660810E+0 1.739800E+0 1.095010E-1
 1.636390E+2 3.056440E+1 3.906640E+1 8.108980E+0 2.789300E+0 2.452990E-1
 1.996130E+2 3.642810E+1 5.120590E+1 1.094020E+1 4.362340E+0 5.110490E-1
 2.435190E+2 4.286980E+1 6.588080E+1 1.408710E+1 6.601100E+0 9.735530E-1
 2.963470E+2 5.009070E+1 8.397410E+1 1.751780E+1 9.614810E+0 1.681710E+0
 3.625430E+2 5.848110E+1 1.067180E+2 2.133390E+1 1.354940E+1 2.652200E+0
 4.383660E+2 6.771490E+1 1.337770E+2 2.544540E+1 1.853570E+1 3.861660E+0
 5.301280E+2 7.830810E+1 1.670080E+2 3.002530E+1 2.479720E+1 5.276900E+0
 6.402500E+2 9.042420E+1 2.075840E+2 3.515300E+1 3.261630E+1 6.871940E+0
 1.460800E+1 1.702570E+0 0.000000E+6 0.000000E+6 0.000000E+6 0.000000E+6
 1.780300E+1 2.670600E+0 0.000000E+6 0.000000E+6 0.000000E+6 0.000000E+6
 2.127200E+1 3.877690E+0 0.000000E+6 0.000000E+6 0.000000E+6 0.000000E+6
 2.513100E+1 5.216470E+0 0.000000E+6 0.000000E+6 0.000000E+6 0.000000E+6
 3.087920E+1 6.626180E+0 3.912290E+0 6.560030E-2 0.000000E+6 0.000000E+6
 3.626970E+1 7.993150E+0 3.561560E+0 9.186100E-2 0.000000E+6 0.000000E+6
 4.278540E+1 9.375670E+0 4.205390E+0 1.631810E-1 0.000000E+6 0.000000E+6
 5.067680E+1 1.078070E+1 5.475320E+0 3.121900E-1 0.000000E+6 0.000000E+6
 6.033850E+1 1.237740E+1 7.472830E+0 6.031130E-1 0.000000E+6 0.000000E+6
 7.203840E+1 1.428160E+1 1.039800E+1 1.136080E+0 5.394460E-1 1.024550E-2
 8.650720E+1 1.663320E+1 1.439010E+1 2.011620E+0 6.887460E-1 1.995180E-2
 1.034410E+2 1.950050E+1 1.962630E+1 3.312020E+0 1.020520E+0 4.417690E-2
 1.242650E+2 2.298990E+1 2.622070E+1 5.029630E+0 1.583870E+0 9.964800E-2
 1.476540E+2 2.702530E+1 3.440400E+1 7.110500E+0 2.474630E+0 2.176780E-1
 1.784630E+2 3.159380E+1 4.439470E+1 9.472380E+0 3.800740E+0 4.454440E-1
 2.164010E+2 3.682730E+1 5.668020E+1 1.207720E+1 5.673360E+0 8.368540E-1
 2.561400E+2 4.258590E+1 7.149020E+1 1.488030E+1 8.170470E+0 1.429260E+0
 3.121510E+2 4.925090E+1 9.007510E+1 1.795660E+1 1.141270E+1 2.233690E+0
 3.742930E+2 5.658520E+1 1.121950E+2 2.125030E+1 1.549540E+1 3.226750E+0
 4.558180E+2 6.525130E+1 1.401130E+2 2.500450E+1 2.064520E+1 4.390700E+0
 5.468050E+2 7.484720E+1 1.729340E+2 2.908460E+1 2.696980E+1 5.681530E+0
 1.747950E+1 2.073420E+0 0.000000E+6 0.000000E+6 0.000000E+6 0.000000E+6
 2.098150E+1 3.180880E+0 0.000000E+6 0.000000E+6 0.000000E+6 0.000000E+6
 2.446360E+1 4.484470E+0 0.000000E+6 0.000000E+6 0.000000E+6 0.000000E+6
 2.821650E+1 5.869350E+0 0.000000E+6 0.000000E+6 0.000000E+6 0.000000E+6
 3.220630E+1 7.233770E+0 0.000000E+6 0.000000E+6 0.000000E+6 0.000000E+6
 3.879370E+1 8.513770E+0 6.310580E+0 1.622560E-1 0.000000E+6 0.000000E+6
 4.463960E+1 9.649200E+0 5.096390E+0 1.977270E-1 0.000000E+6 0.000000E+6
 5.164900E+1 1.084410E+1 5.951320E+0 3.392870E-1 0.000000E+6 0.000000E+6
 6.013530E+1 1.213110E+1 7.643590E+0 6.175770E-1 0.000000E+6 0.000000E+6
 7.050670E+1 1.370810E+1 1.021010E+1 1.115560E+0 0.000000E+6 0.000000E+6
 8.304510E+1 1.564490E+1 1.373370E+1 1.919040E+0 8.145060E-1 2.359260E-2
 9.833400E+1 1.809940E+1 1.832390E+1 3.088360E+0 1.017120E+0 4.403960E-2
 1.157670E+2 2.104590E+1 2.407660E+1 4.612060E+0 1.494890E+0 9.405380E-2
 1.377950E+2 2.445750E+1 3.118450E+1 6.434740E+0 2.268790E+0 1.995860E-1
 1.616450E+2 2.827730E+1 3.979960E+1 8.476200E+0 3.420490E+0 4.009710E-1
 1.932050E+2 3.260520E+1 5.024390E+1 1.069580E+1 5.039150E+0 7.434210E-1
 2.317930E+2 3.747980E+1 6.307200E+1 1.308350E+1 7.188910E+0 1.257230E+0
 2.772580E+2 4.295020E+1 7.871890E+1 1.565390E+1 9.950510E+0 1.946670E+0
 3.293910E+2 4.904590E+1 9.747230E+1 1.841790E+1 1.342120E+1 2.793990E+0
 3.932340E+2 5.603460E+1 1.202790E+2 2.147450E+1 1.774380E+1 3.772610E+0
 4.733740E+2 6.417390E+1 1.487410E+2 2.493360E+1 2.313270E+1 4.867590E+0
---