PdfType: central
Format: lhagrid1
---
 1.000000E-6 1.700000E-6 3.200000E-6 6.000000E-6 1.000000E-5 1.700000E-5 3.200000E-5 6.000000E-5 1.000000E-4 1.700000E-4 3.200000E-4 6.000000E-4 1.000000E-3 1.700000E-3 3.200000E-3 6.000000E-3 1.000000E-2 1.700000E-2 3.200000E-2 6.000000E-2 1.000000E-1
 3.162278E-1 3.981068E-1 5.011876E-1 6.309572E-1 7.943280E-1 1.000000E+0 1.258924E+0 1.584894E+0 1.995262E+0 2.511886E+0 3.162278E+0 3.981068E+0 5.011876E+0 6.309572E+0 7.943280E+0 1.000000E+1 1.258924E+1 1.584894E+1 1.995262E+1 2.511886E+1 3.162278E+1
900 901 917 918 920 921
 3.201040E+0 2.426470E-1 1.683760E-1 4.356310E-4 3.773260E-3 1.203130E-6
 4.792440E+0 4.645560E-1 2.919210E-1 1.183900E-3 6.992750E-3 3.512090E-6
 7.056010E+0 8.385660E-1 5.041500E-1 3.193060E-3 1.291080E-2 1.021210E-5
 1.024420E+1 1.389360E+0 8.662520E-1 8.532360E-3 2.366330E-2 2.944220E-5
 1.473390E+1 2.191010E+0 1.475430E+0 2.242410E-2 4.302070E-2 8.416220E-5
 2.105290E+1 3.330430E+0 2.482160E+0 5.754170E-2 7.811990E-2 2.401610E-4
 2.979530E+1 4.928760E+0 4.098080E+0 1.429940E-1 1.407650E-1 6.788420E-4
 4.256270E+1 7.304490E+0 6.737820E+0 3.456620E-1 2.547060E-1 1.918950E-3
 6.130720E+1 1.100130E+1 1.093630E+1 7.999430E-1 4.648430E-1 5.442940E-3
 8.568650E+1 1.620800E+1 1.693300E+1 1.698390E+0 8.306890E-1 1.499730E-2
 1.167910E+2 2.363420E+1 2.509020E+1 3.299090E+0 1.453410E+0 3.995670E-2
 1.544290E+2 3.329700E+1 3.539150E+1 5.776320E+0 2.465950E+0 1.013080E-1
 1.999480E+2 4.573630E+1 4.816690E+1 9.276820E+0 4.055790E+0 2.428040E-1
 2.533600E+2 6.054210E+1 6.324790E+1 1.369150E+1 6.394330E+0 5.388340E-1
 3.138690E+2 7.696710E+1 8.058670E+1 1.876330E+1 9.600450E+0 1.087530E+0
 3.932440E+2 9.655620E+1 1.025240E+2 2.474960E+1 1.385840E+1 2.006830E+0
 4.815060E+2 1.163710E+2 1.270220E+2 3.087600E+1 1.906050E+1 3.330590E+0
 5.652180E+2 1.338860E+2 1.510140E+2 3.638770E+1 2.475850E+1 4.940740E+0
 6.577900E+2 1.514490E+2 1.775520E+2 4.184120E+1 3.121670E+1 6.777400E+0
 7.569290E+2 1.682810E+2 2.059700E+2 4.700690E+1 3.820910E+1 8.666450E+0
 8.611390E+2 1.841360E+2 2.358950E+2 5.181950E+1 4.564600E+1 1.048550E+1
 3.059440E+0 2.361550E-1 1.499110E-1 3.908850E-4 3.120730E-3 1.001090E-6
 4.559430E+0 4.596240E-1 2.604460E-1 1.064650E-3 5.829240E-3 2.945810E-6
 6.665710E+0 8.094530E-1 4.501920E-1 2.873280E-3 1.080110E-2 8.595940E-6
 9.653280E+0 1.338000E+0 7.746770E-1 7.693940E-3 1.993220E-2 2.496050E-5
 1.379120E+1 2.106300E+0 1.320820E+0 2.023230E-2 3.649500E-2 7.181720E-5
 1.964960E+1 3.179110E+0 2.225720E+0 5.212930E-2 6.628880E-2 2.049070E-4
 2.759140E+1 4.642880E+0 3.677110E+0 1.292890E-1 1.200770E-1 5.820350E-4
 3.914450E+1 6.836990E+0 6.033940E+0 3.120470E-1 2.176290E-1 1.648130E-3
 5.602210E+1 1.021610E+1 9.786350E+0 7.220600E-1 3.974510E-1 4.679270E-3
 7.753400E+1 1.483460E+1 1.507900E+1 1.524350E+0 7.101430E-1 1.288770E-2
 1.053370E+2 2.142610E+1 2.233380E+1 2.954010E+0 1.246220E+0 3.442290E-2
 1.387760E+2 2.999790E+1 3.143750E+1 5.158230E+0 2.120780E+0 8.757970E-2
 1.786690E+2 4.077670E+1 4.260090E+1 8.220300E+0 3.484990E+0 2.095780E-1
 2.253010E+2 5.363020E+1 5.581530E+1 1.208590E+1 5.498250E+0 4.651670E-1
 2.779120E+2 6.775230E+1 7.086710E+1 1.648210E+1 8.249770E+0 9.379230E-1
 3.458200E+2 8.425460E+1 8.961670E+1 2.155560E+1 1.190120E+1 1.727130E+0
 4.213230E+2 1.009050E+2 1.105660E+2 2.674520E+1 1.635370E+1 2.861070E+0
 4.912370E+2 1.151400E+2 1.306390E+2 3.126870E+1 2.115700E+1 4.221870E+0
 5.697470E+2 1.295890E+2 1.531400E+2 3.577920E+1 2.659360E+1 5.764620E+0
 6.535540E+2 1.434160E+2 1.771920E+2 4.004580E+1 3.252790E+1 7.358840E+0
 7.405630E+2 1.561180E+2 2.022240E+2 4.392290E+1 3.875650E+1 8.866700E+0
 2.888400E+0 2.300930E-1 1.306700E-1 3.450870E-4 2.455250E-3 7.934780E-7
 4.283320E+0 4.403880E-1 2.267790E-1 9.355430E-4 4.639770E-3 2.362000E-6
 6.244030E+0 7.839410E-1 3.921500E-1 2.530920E-3 8.678990E-3 6.957450E-6
 8.975820E+0 1.286070E+0 6.767280E-1 6.792030E-3 1.609400E-2 2.030450E-5
 1.277230E+1 2.002580E+0 1.155590E+0 1.789160E-2 2.967810E-2 5.885750E-5
 1.801730E+1 2.995480E+0 1.946670E+0 4.600990E-2 5.430910E-2 1.690130E-4
 2.518550E+1 4.347050E+0 3.222430E+0 1.144760E-1 9.866170E-2 4.812480E-4
 3.540690E+1 6.308140E+0 5.278930E+0 2.755830E-1 1.793960E-1 1.367500E-3
 5.013890E+1 9.271440E+0 8.528520E+0 6.345250E-1 3.268950E-1 3.871280E-3
 6.890060E+1 1.333730E+1 1.313000E+1 1.339310E+0 5.878670E-1 1.073410E-2
 9.285230E+1 1.899540E+1 1.933960E+1 2.574040E+0 1.032270E+0 2.868100E-2
 1.215620E+2 2.636650E+1 2.716750E+1 4.480640E+0 1.757660E+0 7.297500E-2
 1.556770E+2 3.547060E+1 3.665980E+1 7.095760E+0 2.896290E+0 1.750880E-1
 1.955900E+2 4.636090E+1 4.795170E+1 1.039370E+1 4.577380E+0 3.890500E-1
 2.393880E+2 5.801350E+1 6.050170E+1 1.405680E+1 6.857540E+0 7.830290E-1
 2.896160E+2 7.041160E+1 7.474650E+1 1.799250E+1 9.804980E+0 1.428040E+0
 3.581610E+2 8.475690E+1 9.330790E+1 2.242670E+1 1.353690E+1 2.371610E+0
 4.154880E+2 9.603630E+1 1.097820E+2 2.605330E+1 1.748410E+1 3.488950E+0
 4.785760E+2 1.071590E+2 1.279160E+2 2.956690E+1 2.190530E+1 4.739680E+0
 5.468690E+2 1.179600E+2 1.475350E+2 3.292120E+1 2.672490E+1 6.024070E+0
 6.167820E+2 1.276300E+2 1.676910E+2 3.589540E+1 3.174660E+1 7.223980E+0
 2.720100E+0 2.236840E-1 1.133400E-1 3.036820E-4 1.896720E-3 6.176550E-7
 4.019530E+0 4.264980E-1 1.971030E-1 8.218170E-4 3.635820E-3 1.864850E-6
 5.838430E+0 7.544540E-1 3.415550E-1 2.222730E-3 6.890350E-3 5.564250E-6
 8.364780E+0 1.237300E+0 5.881280E-1 5.956200E-3 1.291070E-2 1.640620E-5
 1.180970E+1 1.911300E+0 1.007610E+0 1.576180E-2 2.398000E-2 4.791410E-5
 1.649370E+1 2.820590E+0 1.700950E+0 4.061220E-2 4.412600E-2 1.383660E-4
 2.294890E+1 4.062870E+0 2.817740E+0 1.010930E-1 8.064260E-2 3.959970E-4
 3.204970E+1 5.812810E+0 4.609250E+0 2.430110E-1 1.472260E-1 1.129320E-3
 4.495500E+1 8.419860E+0 7.416440E+0 5.566280E-1 2.679180E-1 3.193380E-3
 6.131700E+1 1.199390E+1 1.139550E+1 1.172670E+0 4.838040E-1 8.892140E-3
 8.187220E+1 1.685150E+1 1.673650E+1 2.245670E+0 8.506780E-1 2.377690E-2
 1.064680E+2 2.312140E+1 2.345570E+1 3.888320E+0 1.452410E+0 6.065310E-2
 1.355910E+2 3.091340E+1 3.156690E+1 6.138740E+0 2.401800E+0 1.460690E-1
 1.691690E+2 3.994910E+1 4.105130E+1 8.906050E+0 3.793070E+0 3.239010E-1
 2.057650E+2 4.944520E+1 5.150020E+1 1.193640E+1 5.677760E+0 6.506350E-1
 2.524160E+2 6.032340E+1 6.437590E+1 1.536220E+1 8.172780E+0 1.192880E+0
 3.035760E+2 7.090380E+1 7.847830E+1 1.873060E+1 1.116220E+1 1.958000E+0
 3.497920E+2 7.963130E+1 9.178620E+1 2.157860E+1 1.436240E+1 2.865070E+0
 4.015900E+2 8.837970E+1 1.066490E+2 2.436650E+1 1.797920E+1 3.882230E+0
 4.565310E+2 9.664030E+1 1.224650E+2 2.695690E+1 2.187590E+1 4.911550E+0
 5.122950E+2 1.038860E+2 1.385660E+2 2.920680E+1 2.589510E+1 5.859700E+0
 2.597900E+0 2.175210E-1 1.006220E-1 2.725060E-4 1.507390E-3 4.940870E-7
 3.844020E+0 4.193000E-1 1.754690E-1 7.399520E-4 2.937870E-3 1.516240E-6
 5.549790E+0 7.318350E-1 3.039780E-1 1.995760E-3 5.638050E-3 4.580890E-6
 7.908290E+0 1.210780E+0 5.246560E-1 5.352500E-3 1.068270E-2 1.365770E-5
 1.110390E+1 1.834550E+0 8.983950E-1 1.416350E-2 2.000330E-2 4.020660E-5
 1.541090E+1 2.692610E+0 1.518780E+0 3.655100E-2 3.709690E-2 1.170380E-4
 2.126490E+1 3.833170E+0 2.519800E+0 9.119360E-2 6.802160E-2 3.359970E-4
 2.950410E+1 5.427420E+0 4.114460E+0 2.184970E-1 1.246050E-1 9.610750E-4
 4.098570E+1 7.774740E+0 6.606730E+0 4.998250E-1 2.277090E-1 2.728890E-3
 5.559860E+1 1.093990E+1 1.011580E+1 1.046700E+0 4.104290E-1 7.578870E-3
 7.370340E+1 1.521600E+1 1.482750E+1 1.999070E+0 7.245490E-1 2.035070E-2
 9.537820E+1 2.074950E+1 2.071480E+1 3.451500E+0 1.235530E+0 5.184040E-2
 1.207500E+2 2.750100E+1 2.781460E+1 5.420950E+0 2.048720E+0 1.250210E-1
 1.501200E+2 3.524850E+1 3.605230E+1 7.820670E+0 3.235800E+0 2.772910E-1
 1.812630E+2 4.323070E+1 4.502720E+1 1.040560E+1 4.856700E+0 5.580530E-1
 2.211980E+2 5.233640E+1 5.600840E+1 1.330210E+1 6.979210E+0 1.020310E+0
 2.645840E+2 6.108850E+1 6.793730E+1 1.611470E+1 9.502280E+0 1.668270E+0
 3.033680E+2 6.816500E+1 7.914820E+1 1.845700E+1 1.222980E+1 2.438590E+0
 3.470380E+2 7.525790E+1 9.165540E+1 2.073510E+1 1.524960E+1 3.286980E+0
 3.930640E+2 8.182380E+1 1.048940E+2 2.281310E+1 1.850660E+1 4.140520E+0
 4.391970E+2 8.747080E+1 1.182240E+2 2.458370E+1 2.184210E+1 4.918210E+0
 2.484850E+0 2.155700E-1 8.825310E-2 2.413590E-4 1.163480E-3 3.840370E-7
 3.652310E+0 4.093740E-1 1.551520E-1 6.620990E-4 2.308860E-3 1.199590E-6
 5.245700E+0 7.085420E-1 2.693550E-1 1.786510E-3 4.507840E-3 3.686710E-6
 7.419240E+0 1.152220E+0 4.647570E-1 4.779250E-3 8.662920E-3 1.114630E-5
 1.037230E+1 1.764860E+0 7.971360E-1 1.266950E-2 1.641110E-2 3.319010E-5
 1.434680E+1 2.564480E+0 1.347520E+0 3.270390E-2 3.069420E-2 9.745550E-5
 1.964250E+1 3.608850E+0 2.231150E+0 8.139460E-2 5.675950E-2 2.821720E-4
 2.701600E+1 5.050130E+0 3.648300E+0 1.953700E-1 1.041810E-1 8.080640E-4
 3.721760E+1 7.130030E+0 5.818360E+0 4.433600E-1 1.907720E-1 2.298570E-3
 5.018610E+1 9.920230E+0 8.932000E+0 9.295780E-1 3.442590E-1 6.389630E-3
 6.615740E+1 1.365260E+1 1.305010E+1 1.765700E+0 6.089270E-1 1.719470E-2
 8.502810E+1 1.846280E+1 1.817750E+1 3.037990E+0 1.039950E+0 4.385110E-2
 1.069620E+2 2.425950E+1 2.435270E+1 4.751170E+0 1.732070E+0 1.062220E-1
 1.319960E+2 3.084390E+1 3.136850E+1 6.808720E+0 2.734250E+0 2.352130E-1
 1.587480E+2 3.757470E+1 3.911660E+1 9.017060E+0 4.101620E+0 4.726960E-1
 1.926820E+2 4.507550E+1 4.836100E+1 1.142990E+1 5.888220E+0 8.626270E-1
 2.286660E+2 5.208280E+1 5.823710E+1 1.371460E+1 7.988340E+0 1.403640E+0
 2.620980E+2 5.800170E+1 6.789100E+1 1.568600E+1 1.030290E+1 2.053120E+0
 2.973910E+2 6.344830E+1 7.807910E+1 1.746870E+1 1.280610E+1 2.754440E+0
 3.351880E+2 6.852230E+1 8.895230E+1 1.909450E+1 1.548370E+1 3.451140E+0
 3.727380E+2 7.280430E+1 9.982900E+1 2.045470E+1 1.821990E+1 4.080750E+0
 2.346950E+0 2.062980E-1 7.471350E-2 2.067380E-4 8.243120E-4 2.745960E-7
 3.449990E+0 3.980440E-1 1.327160E-1 5.739770E-4 1.684600E-3 8.828430E-7
 4.910470E+0 6.884930E-1 2.322610E-1 1.560350E-3 3.363490E-3 2.773070E-6
 6.932090E+0 1.114370E+0 4.012150E-1 4.172060E-3 6.596880E-3 8.554540E-6
 9.629010E+0 1.687310E+0 6.876830E-1 1.104350E-2 1.272400E-2 2.593540E-5
 1.316980E+1 2.401480E+0 1.163670E+0 2.848420E-2 2.414600E-2 7.723850E-5
 1.788650E+1 3.361340E+0 1.935080E+0 7.122160E-2 4.520710E-2 2.264710E-4
 2.434090E+1 4.633500E+0 3.148060E+0 1.700670E-1 8.352700E-2 6.527860E-4
 3.316360E+1 6.414510E+0 5.006240E+0 3.844530E-1 1.528340E-1 1.853690E-3
 4.435320E+1 8.828670E+0 7.673160E+0 8.046750E-1 2.767570E-1 5.169950E-3
 5.797140E+1 1.201450E+1 1.116390E+1 1.521510E+0 4.917110E-1 1.396510E-2
 7.377920E+1 1.598200E+1 1.545480E+1 2.591640E+0 8.406300E-1 3.564690E-2
 9.245160E+1 2.080390E+1 2.062790E+1 4.031130E+0 1.403560E+0 8.649270E-2
 1.128130E+2 2.611370E+1 2.644980E+1 5.729980E+0 2.227570E+0 1.924960E-1
 1.351950E+2 3.157200E+1 3.282440E+1 7.539230E+0 3.335890E+0 3.859520E-1
 1.626100E+2 3.743590E+1 4.033290E+1 9.464920E+0 4.782160E+0 7.020790E-1
 1.915640E+2 4.282350E+1 4.825340E+1 1.125720E+1 6.473000E+0 1.138310E+0
 2.186330E+2 4.738770E+1 5.607000E+1 1.279810E+1 8.334890E+0 1.659290E+0
 2.466630E+2 5.145630E+1 6.418110E+1 1.415300E+1 1.032620E+1 2.214830E+0
 2.763020E+2 5.515390E+1 7.276190E+1 1.535920E+1 1.245170E+1 2.762030E+0
 3.056170E+2 5.813980E+1 8.117760E+1 1.632720E+1 1.457760E+1 3.245380E+0
 2.228510E+0 2.036640E-1 6.244120E-2 1.747980E-4 5.487420E-4 1.846170E-7
 3.245940E+0 3.853860E-1 1.121390E-1 4.905470E-4 1.179520E-3 6.239380E-7
 4.616170E+0 6.691340E-1 1.985810E-1 1.353530E-3 2.434760E-3 2.025110E-6
 6.483970E+0 1.077800E+0 3.453230E-1 3.633950E-3 4.892260E-3 6.396800E-6
 8.928170E+0 1.614670E+0 5.929670E-1 9.603060E-3 9.634100E-3 1.979100E-5
 1.209240E+1 2.261070E+0 1.002380E+0 2.481710E-2 1.864380E-2 6.009940E-5
 1.631560E+1 3.133860E+0 1.666190E+0 6.193520E-2 3.540840E-2 1.787360E-4
 2.196350E+1 4.267170E+0 2.714260E+0 1.480320E-1 6.612450E-2 5.207560E-4
 2.950960E+1 5.788350E+0 4.303480E+0 3.335240E-1 1.216730E-1 1.486440E-3
 3.911790E+1 7.843690E+0 6.554790E+0 6.927090E-1 2.211700E-1 4.158010E-3
 5.069840E+1 1.053410E+1 9.518180E+0 1.306200E+0 3.940410E-1 1.126500E-2
 6.393550E+1 1.379700E+1 1.308680E+1 2.204980E+0 6.785210E-1 2.893580E-2
 7.949590E+1 1.777020E+1 1.742170E+1 3.409870E+0 1.131510E+0 7.008760E-2
 9.660990E+1 2.208470E+1 2.224360E+1 4.811520E+0 1.797290E+0 1.559960E-1
 1.147010E+2 2.644000E+1 2.744730E+1 6.284790E+0 2.691550E+0 3.126520E-1
 1.370730E+2 3.098760E+1 3.353260E+1 7.810440E+0 3.861220E+0 5.682180E-1
 1.596980E+2 3.496250E+1 3.971820E+1 9.170780E+0 5.198990E+0 9.149540E-1
 1.819120E+2 3.852130E+1 4.611030E+1 1.038820E+1 6.702730E+0 1.332720E+0
 2.040860E+2 4.150500E+1 5.254650E+1 1.140440E+1 8.288010E+0 1.771860E+0
 2.271010E+2 4.411750E+1 5.922950E+1 1.227700E+1 9.951070E+0 2.195780E+0
 2.498100E+2 4.621940E+1 6.578780E+1 1.297320E+1 1.161060E+1 2.568520E+0
 2.131370E+0 1.990030E-1 5.318280E-2 1.503290E-4 3.614840E-4 1.227080E-7
 3.092390E+0 3.746410E-1 9.661570E-2 4.267520E-4 8.370200E-4 4.464250E-7
 4.387560E+0 6.461330E-1 1.727840E-1 1.188800E-3 1.808180E-3 1.515570E-6
 6.103480E+0 1.027910E+0 3.036880E-1 3.234850E-3 3.741570E-3 4.927760E-6
 8.388280E+0 1.543150E+0 5.237260E-1 8.565080E-3 7.523650E-3 1.556190E-5
 1.131610E+1 2.168830E+0 8.880430E-1 2.214760E-2 1.480570E-2 4.804090E-5
 1.511330E+1 2.939040E+0 1.474780E+0 5.524830E-2 2.858500E-2 1.451920E-4
 2.017370E+1 3.957770E+0 2.397540E+0 1.317670E-1 5.404700E-2 4.283290E-4
 2.683700E+1 5.311650E+0 3.793350E+0 2.959530E-1 1.002780E-1 1.232590E-3
 3.527410E+1 7.104060E+0 5.751210E+0 6.116580E-1 1.828920E-1 3.458380E-3
 4.538840E+1 9.415500E+0 8.320260E+0 1.145570E+0 3.264390E-1 9.379080E-3
 5.669060E+1 1.218900E+1 1.138650E+1 1.922550E+0 5.651240E-1 2.421600E-2
 7.019740E+1 1.560370E+1 1.512940E+1 2.967710E+0 9.426790E-1 5.866050E-2
 8.476540E+1 1.918600E+1 1.923740E+1 4.156180E+0 1.499870E+0 1.306430E-1
 1.000870E+2 2.274680E+1 2.362420E+1 5.383700E+0 2.251510E+0 2.622530E-1
 1.188330E+2 2.643920E+1 2.873050E+1 6.645510E+0 3.225460E+0 4.754680E-1
 1.375750E+2 2.959620E+1 3.379680E+1 7.749400E+0 4.328740E+0 7.630300E-1
 1.560010E+2 3.235670E+1 3.913440E+1 8.713970E+0 5.579260E+0 1.107960E+0
 1.742620E+2 3.463830E+1 4.443260E+1 9.508750E+0 6.884580E+0 1.467620E+0
 1.928970E+2 3.660600E+1 4.983020E+1 1.018040E+1 8.238760E+0 1.812280E+0
 2.110410E+2 3.804880E+1 5.519670E+1 1.067500E+1 9.609560E+0 2.105950E+0
 2.048380E+0 1.961640E-1 4.435920E-2 1.266460E-4 2.009690E-4 6.891620E-8
 2.961590E+0 3.664830E-1 8.164390E-2 3.642850E-4 5.351390E-4 2.880880E-7
 4.184930E+0 6.301930E-1 1.477810E-1 1.026710E-3 1.255500E-3 1.061440E-6
 5.792450E+0 1.005860E+0 2.628410E-1 2.832340E-3 2.732460E-3 3.627740E-6
 7.870860E+0 1.473100E+0 4.570920E-1 7.560320E-3 5.673670E-3 1.182450E-5
 1.055500E+1 2.068770E+0 7.779990E-1 1.955150E-2 1.141860E-2 3.731570E-5
 1.400790E+1 2.779620E+0 1.293140E+0 4.873440E-2 2.243970E-2 1.147500E-4
 1.852010E+1 3.695860E+0 2.102660E+0 1.164270E-1 4.315690E-2 3.442030E-4
 2.433750E+1 4.842780E+0 3.305390E+0 2.596880E-1 8.098010E-2 1.001990E-3
 3.168410E+1 6.402510E+0 4.995890E+0 5.343480E-1 1.488570E-1 2.832060E-3
 4.041600E+1 8.390970E+0 7.215540E+0 9.990160E-1 2.670420E-1 7.714770E-3
 5.004310E+1 1.070490E+1 9.853390E+0 1.669030E+0 4.640950E-1 1.998920E-2
 6.146170E+1 1.351940E+1 1.300360E+1 2.547280E+0 7.764780E-1 4.852420E-2
 7.378570E+1 1.649300E+1 1.646860E+1 3.546770E+0 1.236080E+0 1.080600E-1
 8.634940E+1 1.935300E+1 2.011900E+1 4.563460E+0 1.859290E+0 2.172130E-1
 1.021290E+2 2.230030E+1 2.433340E+1 5.587890E+0 2.658460E+0 3.924040E-1
 1.177160E+2 2.477390E+1 2.854370E+1 6.475690E+0 3.571720E+0 6.297010E-1
 1.326470E+2 2.680610E+1 3.280430E+1 7.208690E+0 4.575220E+0 9.072310E-1
 1.474460E+2 2.848580E+1 3.708810E+1 7.811850E+0 5.633640E+0 1.197040E+0
 1.624420E+2 2.985180E+1 4.143890E+1 8.295400E+0 6.719410E+0 1.468130E+0
 1.768580E+2 3.096700E+1 4.576010E+1 8.683760E+0 7.823160E+0 1.706840E+0
 1.943660E+0 1.894230E-1 3.470720E-2 1.002730E-4 6.600170E-5 2.295680E-8
 2.815570E+0 3.608830E-1 6.543230E-2 2.954500E-4 2.490120E-4 1.357300E-7
 3.943990E+0 6.065520E-1 1.204020E-1 8.466310E-4 7.093380E-4 6.065500E-7
 5.390700E+0 9.573540E-1 2.171550E-1 2.366780E-3 1.728860E-3 2.319570E-6
 7.296970E+0 1.405950E+0 3.834850E-1 6.430960E-3 3.844940E-3 8.092000E-6
 9.678680E+0 1.930800E+0 6.582700E-1 1.674970E-2 8.078810E-3 2.664320E-5
 1.276140E+1 2.570210E+0 1.100000E+0 4.188990E-2 1.634480E-2 8.431240E-5
 1.670200E+1 3.365770E+0 1.782670E+0 9.944490E-2 3.213960E-2 2.584400E-4
 2.172620E+1 4.376040E+0 2.796420E+0 2.214790E-1 6.155670E-2 7.675560E-4
 2.780720E+1 5.631320E+0 4.207180E+0 4.528480E-1 1.147010E-1 2.199020E-3
 3.506190E+1 7.245370E+0 6.038160E+0 8.394880E-1 2.074570E-1 6.035590E-3
 4.322170E+1 9.165540E+0 8.243960E+0 1.400980E+0 3.628350E-1 1.572460E-2
 5.234650E+1 1.136030E+1 1.079060E+1 2.113640E+0 6.093320E-1 3.828320E-2
 6.219480E+1 1.366730E+1 1.358940E+1 2.916340E+0 9.722220E-1 8.537880E-2
 7.256000E+1 1.587590E+1 1.654210E+1 3.720440E+0 1.464240E+0 1.715040E-1
 8.483080E+1 1.806550E+1 1.985240E+1 4.508010E+0 2.089810E+0 3.091540E-1
 9.743090E+1 1.985320E+1 2.317390E+1 5.172880E+0 2.807340E+0 4.941230E-1
 1.086570E+2 2.125930E+1 2.642500E+1 5.705970E+0 3.584400E+0 7.092770E-1
 1.196200E+2 2.240200E+1 2.972110E+1 6.135300E+0 4.407820E+0 9.315330E-1
 1.314210E+2 2.326840E+1 3.304690E+1 6.460190E+0 5.237570E+0 1.136520E+0
 1.428580E+2 2.394430E+1 3.639780E+1 6.709710E+0 6.083270E+0 1.312070E+0
 1.851540E+0 1.860080E-1 2.565220E-2 7.504830E-5 7.244560E-6 2.568200E-9
 2.655290E+0 3.476070E-1 5.061990E-2 2.313000E-4 6.761220E-5 3.741090E-8
 3.710090E+0 5.867420E-1 9.581300E-2 6.819400E-4 2.984680E-4 2.585270E-7
 5.067480E+0 9.272470E-1 1.760430E-1 1.941870E-3 9.230240E-4 1.252780E-6
 6.782720E+0 1.338360E+0 3.153700E-1 5.353500E-3 2.353520E-3 5.006220E-6
 8.947420E+0 1.843360E+0 5.497400E-1 1.419460E-2 5.365740E-3 1.787300E-5
 1.161370E+1 2.394730E+0 9.256860E-1 3.563250E-2 1.141860E-2 5.945140E-5
 1.507820E+1 3.086180E+0 1.505210E+0 8.479080E-2 2.319940E-2 1.881820E-4
 1.929360E+1 3.920440E+0 2.355160E+0 1.880250E-1 4.550530E-2 5.720420E-4
 2.443360E+1 4.956870E+0 3.528910E+0 3.824630E-1 8.640510E-2 1.669470E-3
 3.043580E+1 6.237460E+0 5.041080E+0 7.037530E-1 1.584880E-1 4.644580E-3
 3.710640E+1 7.772430E+0 6.847900E+0 1.164850E+0 2.796910E-1 1.219990E-2
 4.451790E+1 9.488770E+0 8.912600E+0 1.743280E+0 4.724530E-1 2.984480E-2
 5.238060E+1 1.127050E+1 1.114910E+1 2.382430E+0 7.558280E-1 6.668680E-2
 6.074740E+1 1.294270E+1 1.351640E+1 3.013640E+0 1.143360E+0 1.343600E-1
 7.022040E+1 1.450780E+1 1.606380E+1 3.604480E+0 1.625760E+0 2.409000E-1
 7.995740E+1 1.580520E+1 1.864640E+1 4.105470E+0 2.182870E+0 3.848240E-1
 8.848480E+1 1.674770E+1 2.113380E+1 4.485710E+0 2.782120E+0 5.502210E-1
 9.747030E+1 1.747030E+1 2.369370E+1 4.777070E+0 3.410300E+0 7.178690E-1
 1.059790E+2 1.798590E+1 2.619520E+1 4.988040E+0 4.043620E+0 8.708300E-1
 1.140720E+2 1.833900E+1 2.866670E+1 5.134980E+0 4.677440E+0 9.984500E-1
 1.788330E+0 1.827740E-1 1.845600E-2 5.455230E-5 -1.820380E-8 -5.706800E-12
 2.558490E+0 3.392290E-1 3.909390E-2 1.804480E-4 8.572370E-6 4.825440E-9
 3.558970E+0 5.753350E-1 7.715520E-2 5.544410E-4 9.205940E-5 8.076850E-8
 4.824880E+0 8.919560E-1 1.454220E-1 1.619770E-3 4.293480E-4 5.890840E-7
 6.407840E+0 1.289100E+0 2.645850E-1 4.532280E-3 1.364010E-3 2.929250E-6
 8.380010E+0 1.747780E+0 4.666760E-1 1.216540E-2 3.524480E-3 1.184290E-5
 1.081520E+1 2.274000E+0 7.945200E-1 3.093350E-2 8.076920E-3 4.239550E-5
 1.380950E+1 2.857550E+0 1.298190E+0 7.368450E-2 1.717270E-2 1.403600E-4
 1.749360E+1 3.564410E+0 2.033270E+0 1.632050E-1 3.467340E-2 4.389560E-4
 2.196710E+1 4.445790E+0 3.042400E+0 3.308920E-1 6.717090E-2 1.306030E-3
 2.710490E+1 5.537680E+0 4.331290E+0 6.077110E-1 1.251140E-1 3.690250E-3
 3.278280E+1 6.784940E+0 5.862940E+0 9.984200E-1 2.231320E-1 9.787990E-3
 3.896580E+1 8.184320E+0 7.593450E+0 1.484820E+0 3.794460E-1 2.409130E-2
 4.568350E+1 9.579940E+0 9.441030E+0 2.007560E+0 6.098110E-1 5.401010E-2
 5.207670E+1 1.088420E+1 1.138620E+1 2.519890E+0 9.239300E-1 1.088840E-1
 5.996280E+1 1.206130E+1 1.344840E+1 2.984620E+0 1.314280E+0 1.949670E-1
 6.794420E+1 1.300930E+1 1.552380E+1 3.369280E+0 1.760890E+0 3.102920E-1
 7.476460E+1 1.367070E+1 1.752040E+1 3.654000E+0 2.243250E+0 4.425700E-1
 8.186380E+1 1.413700E+1 1.954880E+1 3.860110E+0 2.743590E+0 5.748660E-1
 8.821940E+1 1.444710E+1 2.148780E+1 4.002770E+0 3.243880E+0 6.943620E-1
 9.486970E+1 1.462820E+1 2.345940E+1 4.090450E+0 3.717630E+0 7.859320E-1
 1.732000E+0 1.807810E-1 1.109870E-2 3.324730E-5 0.000000E+6 0.000000E+6
 2.463700E+0 3.332240E-1 2.733240E-2 1.275150E-4 -2.883240E-8 -1.431940E-11
 3.406020E+0 5.688860E-1 5.841100E-2 4.241740E-4 8.826560E-6 7.886950E-9
 4.577000E+0 8.627460E-1 1.153320E-1 1.297320E-3 1.160940E-4 1.614670E-7
 6.053930E+0 1.239050E+0 2.158590E-1 3.734520E-3 5.887730E-4 1.278790E-6
 7.826090E+0 1.669050E+0 3.872110E-1 1.018920E-2 1.948590E-3 6.613600E-6
 1.002140E+1 2.135310E+0 6.678470E-1 2.627860E-2 5.137200E-3 2.721070E-5
 1.267500E+1 2.639970E+0 1.101550E+0 6.313860E-2 1.186000E-2 9.774780E-5
 1.584180E+1 3.236960E+0 1.731060E+0 1.399080E-1 2.517800E-2 3.212620E-4
 1.964850E+1 3.966620E+0 2.590640E+0 2.833360E-1 5.034140E-2 9.859770E-4
 2.397150E+1 4.849260E+0 3.680220E+0 5.175640E-1 9.574400E-2 2.842020E-3
 2.872110E+1 5.867570E+0 4.955590E+0 8.453490E-1 1.733650E-1 7.651020E-3
 3.382690E+1 6.961190E+0 6.382060E+0 1.244610E+0 2.975640E-1 1.899140E-2
 3.903370E+1 8.037370E+0 7.892390E+0 1.668430E+0 4.813050E-1 4.279040E-2
 4.459640E+1 9.028480E+0 9.470760E+0 2.075740E+0 7.318250E-1 8.649960E-2
 5.073340E+1 9.876610E+0 1.110580E+1 2.432580E+0 1.042110E+0 1.547890E-1
 5.704820E+1 1.051640E+1 1.274450E+1 2.715310E+0 1.397850E+0 2.455210E-1
 6.241470E+1 1.095420E+1 1.432420E+1 2.921190E+0 1.777860E+0 3.487500E-1
 6.799410E+1 1.123570E+1 1.588920E+1 3.062810E+0 2.166190E+0 4.514460E-1
 7.311660E+1 1.138700E+1 1.741530E+1 3.151060E+0 2.556110E+0 5.423670E-1
 7.541970E+1 1.104100E+1 1.830260E+1 3.090260E+0 2.880460E+0 6.022020E-1
 1.665960E+0 1.750550E-1 3.922650E-3 1.192560E-5 0.000000E+6 0.000000E+6
 2.341060E+0 3.218040E-1 1.387510E-2 6.575050E-5 0.000000E+6 0.000000E+6
 3.232270E+0 5.517280E-1 3.652900E-2 2.686100E-4 -4.565660E-8 -3.591160E-11
 4.283270E+0 8.329680E-1 8.061490E-2 9.180090E-4 3.203020E-6 4.581610E-9
 5.631440E+0 1.169830E+0 1.609600E-1 2.817530E-3 9.586400E-5 2.119160E-7
 7.180240E+0 1.538890E+0 2.998900E-1 7.975580E-3 6.311450E-4 2.172490E-6
 9.098660E+0 1.957490E+0 5.291370E-1 2.104330E-2 2.361250E-3 1.266150E-5
 1.139060E+1 2.389750E+0 8.862250E-1 5.137370E-2 6.624980E-3 5.521070E-5
 1.401180E+1 2.873350E+0 1.404750E+0 1.146170E-1 1.575100E-2 2.030100E-4
 1.716460E+1 3.437250E+0 2.105360E+0 2.316690E-1 3.371400E-2 6.664780E-4
 2.066110E+1 4.108940E+0 2.983540E+0 4.203930E-1 6.687190E-2 2.001720E-3
 2.442010E+1 4.865880E+0 4.004220E+0 6.817360E-1 1.243780E-1 5.531310E-3
 2.843090E+1 5.670280E+0 5.125190E+0 9.941350E-1 2.172870E-1 1.395600E-2
 3.246370E+1 6.443390E+0 6.301160E+0 1.319740E+0 3.553520E-1 3.175010E-2
 3.672800E+1 7.124260E+0 7.505010E+0 1.622830E+0 5.437210E-1 6.447270E-2
 4.143050E+1 7.682090E+0 8.741590E+0 1.879930E+0 7.764550E-1 1.154680E-1
 4.637510E+1 8.075520E+0 9.970730E+0 2.075240E+0 1.041280E+0 1.827920E-1
 5.029480E+1 8.302190E+0 1.113020E+1 2.206640E+0 1.321950E+0 2.584660E-1
 5.407800E+1 8.413820E+0 1.226060E+1 2.288370E+0 1.608220E+0 3.327150E-1
 5.762080E+1 8.456230E+0 1.339280E+1 2.336200E+0 1.895440E+0 3.979270E-1
 6.103060E+1 8.403500E+0 1.446380E+1 2.346700E+0 2.173430E+0 4.483370E-1
 1.622750E+0 1.752830E-1 4.001640E-4 1.237250E-6 0.000000E+6 0.000000E+6
 2.253900E+0 3.170330E-1 3.947010E-3 1.898840E-5 0.000000E+6 0.000000E+6
 3.056100E+0 5.245300E-1 1.651620E-2 1.233840E-4 0.000000E+6 0.000000E+6
 4.035440E+0 7.896010E-1 4.677490E-2 5.404580E-4 0.000000E+6 0.000000E+6
 5.206150E+0 1.111170E+0 1.078870E-1 1.911210E-3 4.482550E-7 1.034240E-9
 6.598050E+0 1.448180E+0 2.175770E-1 5.855470E-3 6.647400E-5 2.332340E-7
 8.243620E+0 1.791040E+0 4.016550E-1 1.613910E-2 6.236060E-4 3.394150E-6
 1.017120E+1 2.148220E+0 6.908690E-1 4.043960E-2 2.722500E-3 2.297440E-5
 1.241310E+1 2.532650E+0 1.112970E+0 9.169510E-2 8.228260E-3 1.072360E-4
 1.494430E+1 2.955310E+0 1.679900E+0 1.860110E-1 2.020170E-2 4.034020E-4
 1.775000E+1 3.449670E+0 2.382940E+0 3.368160E-1 4.346660E-2 1.312860E-3
 2.077330E+1 4.007210E+0 3.192120E+0 5.427080E-1 8.492150E-2 3.805510E-3
 2.422110E+1 4.589580E+0 4.061850E+0 7.849170E-1 1.528560E-1 9.886310E-3
 2.680720E+1 5.103750E+0 4.968850E+0 1.029670E+0 2.552690E-1 2.293540E-2
 2.983710E+1 5.544530E+0 5.872130E+0 1.250050E+0 3.940440E-1 4.688440E-2
 3.356030E+1 5.889470E+0 6.795650E+0 1.430270E+0 5.661880E-1 8.426160E-2
 3.729330E+1 6.097590E+0 7.690300E+0 1.558530E+0 7.597370E-1 1.331260E-1
 3.993650E+1 6.188010E+0 8.508080E+0 1.638660E+0 9.644280E-1 1.877310E-1
 4.278600E+1 6.192960E+0 9.342330E+0 1.679660E+0 1.170920E+0 2.401670E-1
 4.517640E+1 6.135610E+0 1.011950E+1 1.691740E+0 1.373470E+0 2.846400E-1
 4.758840E+1 6.049220E+0 1.090510E+1 1.686820E+0 1.573620E+0 3.193670E-1
 1.602090E+0 1.764050E-1 2.426220E-6 8.219300E-9 0.000000E+6 0.000000E+6
 2.199590E+0 3.145080E-1 4.499510E-4 2.192780E-6 0.000000E+6 0.000000E+6
 2.931700E+0 5.069970E-1 5.132190E-3 3.881970E-5 0.000000E+6 0.000000E+6
 3.832850E+0 7.668610E-1 2.279520E-2 2.663660E-4 0.000000E+6 0.000000E+6
 4.899190E+0 1.056780E+0 6.595460E-2 1.182730E-3 0.000000E+6 0.000000E+6
 6.113420E+0 1.359440E+0 1.523010E-1 4.137370E-3 -1.805280E-7 -5.618610E-10
 7.564950E+0 1.652740E+0 3.020100E-1 1.224160E-2 7.420510E-5 4.108560E-7
 9.227020E+0 1.949190E+0 5.415140E-1 3.195380E-2 8.054250E-4 6.883930E-6
 1.113910E+1 2.255510E+0 8.928380E-1 7.404010E-2 3.696620E-3 4.867630E-5
 1.326720E+1 2.591860E+0 1.365850E+0 1.522110E-1 1.134350E-2 2.285610E-4
 1.558680E+1 2.965690E+0 1.947810E+0 2.760300E-1 2.770090E-2 8.433710E-4
 1.797310E+1 3.376800E+0 2.608640E+0 4.429000E-1 5.827240E-2 2.629170E-3
 2.041710E+1 3.790140E+0 3.313370E+0 6.353960E-1 1.096320E-1 7.130600E-3
 2.340610E+1 4.186100E+0 4.047710E+0 8.299150E-1 1.880020E-1 1.696970E-2
 2.535550E+1 4.459250E+0 4.745280E+0 9.944940E-1 2.946620E-1 3.515140E-2
 2.808670E+1 4.664290E+0 5.447830E+0 1.124440E+0 4.262870E-1 6.350470E-2
 3.097750E+1 4.770490E+0 6.135120E+0 1.212800E+0 5.746970E-1 1.004950E-1
 3.308160E+1 4.783170E+0 6.771750E+0 1.261570E+0 7.303090E-1 1.413530E-1
 3.504600E+1 4.735170E+0 7.376410E+0 1.280740E+0 8.859060E-1 1.802260E-1
 3.670930E+1 4.642700E+0 7.946840E+0 1.277610E+0 1.036590E+0 2.125440E-1
 3.834580E+1 4.517700E+0 8.493250E+0 1.258000E+0 1.180920E+0 2.361640E-1
 1.535710E+0 1.766880E-1 0.000000E+6 0.000000E+6 0.000000E+6 0.000000E+6
 2.149960E+0 3.133930E-1 3.798180E-6 2.025840E-8 0.000000E+6 0.000000E+6
 2.836900E+0 5.015460E-1 3.761890E-4 2.891800E-6 0.000000E+6 0.000000E+6
 3.654550E+0 7.399930E-1 5.973210E-3 7.071120E-5 0.000000E+6 0.000000E+6
 4.599930E+0 9.977110E-1 2.911030E-2 5.280250E-4 0.000000E+6 0.000000E+6
 5.681520E+0 1.271640E+0 8.701430E-2 2.393020E-3 0.000000E+6 0.000000E+6
 6.933350E+0 1.531220E+0 2.012190E-1 8.235460E-3 -2.845670E-7 -1.397190E-9
 8.319580E+0 1.763310E+0 3.913720E-1 2.328420E-2 7.069120E-5 6.141930E-7
 9.895840E+0 1.984970E+0 6.757030E-1 5.642660E-2 9.269240E-4 1.236580E-5
 1.163640E+1 2.223360E+0 1.060010E+0 1.186710E-1 4.600690E-3 9.368930E-5
 1.349830E+1 2.497310E+0 1.532330E+0 2.177120E-1 1.448220E-2 4.449390E-4
 1.542830E+1 2.782490E+0 2.063470E+0 3.497690E-1 3.513660E-2 1.597800E-3
 1.735090E+1 3.063390E+0 2.621150E+0 4.989860E-1 7.182420E-2 4.700070E-3
 1.919040E+1 3.304130E+0 3.178200E+0 6.434830E-1 1.289700E-1 1.169130E-2
 2.109980E+1 3.483290E+0 3.724820E+0 7.661570E-1 2.084550E-1 2.493080E-2
 2.312790E+1 3.591610E+0 4.259990E+0 8.575900E-1 3.067460E-1 4.568720E-2
 2.522520E+1 3.618790E+0 4.760410E+0 9.137330E-1 4.172250E-1 7.271270E-2
 2.673960E+1 3.575400E+0 5.219480E+0 9.384240E-1 5.310140E-1 1.021560E-1
 2.812670E+1 3.494500E+0 5.655920E+0 9.418470E-1 6.446550E-1 1.298280E-1
 2.933190E+1 3.390390E+0 6.083160E+0 9.305630E-1 7.549300E-1 1.524940E-1
 3.053070E+1 3.252220E+0 6.451210E+0 9.038560E-1 8.566560E-1 1.677250E-1
 1.471460E+0 1.737540E-1 0.000000E+6 0.000000E+6 0.000000E+6 0.000000E+6
 1.993990E+0 3.047030E-1 0.000000E+6 0.000000E+6 0.000000E+6 0.000000E+6
 2.602340E+0 4.861050E-1 0.000000E+6 0.000000E+6 0.000000E+6 0.000000E+6
 3.419070E+0 7.070900E-1 8.424990E-5 1.017540E-6 0.000000E+6 0.000000E+6
 4.217320E+0 9.350060E-1 4.036450E-3 7.432320E-5 0.000000E+6 0.000000E+6
 5.113190E+0 1.155860E+0 2.699450E-2 7.513380E-4 0.000000E+6 0.000000E+6
 6.115080E+0 1.348160E+0 9.104200E-2 3.775070E-3 0.000000E+6 0.000000E+6
 7.223500E+0 1.515410E+0 2.198190E-1 1.320270E-2 -4.473260E-7 -3.454790E-9
 8.437590E+0 1.661730E+0 4.266480E-1 3.590730E-2 1.807830E-5 2.482720E-7
 9.755950E+0 1.807960E+0 7.148000E-1 8.047100E-2 6.272340E-4 1.298100E-5
 1.114450E+1 1.964490E+0 1.070440E+0 1.522950E-1 4.069150E-3 1.266040E-4
 1.256990E+1 2.131240E+0 1.467690E+0 2.480190E-1 1.426780E-2 6.555110E-4
 1.402720E+1 2.289970E+0 1.879040E+0 3.543100E-1 3.571240E-2 2.356070E-3
 1.534210E+1 2.412750E+0 2.281870E+0 4.540350E-1 7.204940E-2 6.569440E-3
 1.653640E+1 2.482470E+0 2.663480E+0 5.334640E-1 1.243160E-1 1.490290E-2
 1.792380E+1 2.511440E+0 3.032870E+0 5.901820E-1 1.905720E-1 2.837630E-2
 1.913140E+1 2.480240E+0 3.366010E+0 6.194350E-1 2.645960E-1 4.595580E-2
 2.013780E+1 2.405650E+0 3.664360E+0 6.264640E-1 3.408220E-1 6.495350E-2
 2.093430E+1 2.315310E+0 3.955560E+0 6.205050E-1 4.161390E-1 8.261960E-2
 2.161820E+1 2.200140E+0 4.199820E+0 6.014510E-1 4.853750E-1 9.617710E-2
 2.232250E+1 2.081870E+0 4.436970E+0 5.768950E-1 5.514630E-1 1.051780E-1
 1.305760E+0 1.568260E-1 0.000000E+6 0.000000E+6 0.000000E+6 0.000000E+6
 1.773030E+0 2.757170E-1 0.000000E+6 0.000000E+6 0.000000E+6 0.000000E+6
 2.314740E+0 4.372850E-1 0.000000E+6 0.000000E+6 0.000000E+6 0.000000E+6
 2.910550E+0 6.280020E-1 0.000000E+6 0.000000E+6 0.000000E+6 0.000000E+6
 3.662870E+0 8.200150E-1 1.373660E-5 2.765470E-7 0.000000E+6 0.000000E+6
 4.362060E+0 9.901340E-1 1.750470E-3 4.953970E-5 0.000000E+6 0.000000E+6
 5.110300E+0 1.124290E+0 1.944400E-2 8.170230E-4 0.000000E+6 0.000000E+6
 5.894110E+0 1.223070E+0 7.879080E-2 4.792580E-3 0.000000E+6 0.000000E+6
 6.754620E+0 1.295350E+0 2.011120E-1 1.709380E-2 0.000000E+6 0.000000E+6
 7.687760E+0 1.362700E+0 3.937290E-1 4.449870E-2 -1.086440E-6 -2.041900E-8
 8.649370E+0 1.433400E+0 6.410680E-1 9.117540E-2 2.838420E-4 8.984510E-6
 9.582080E+0 1.507750E+0 9.208060E-1 1.546630E-1 2.811830E-3 1.307730E-4
 1.049110E+1 1.574590E+0 1.207060E+0 2.247710E-1 1.146640E-2 7.634990E-4
 1.131870E+1 1.616280E+0 1.481830E+0 2.886730E-1 3.003200E-2 2.754900E-3
 1.218270E+1 1.629470E+0 1.735420E+0 3.380050E-1 6.018830E-2 7.238300E-3
 1.289310E+1 1.606920E+0 1.973630E+0 3.688130E-1 1.002020E-1 1.490290E-2
 1.364660E+1 1.553580E+0 2.183530E+0 3.816580E-1 1.460930E-1 2.521770E-2
 1.415720E+1 1.476180E+0 2.367220E+0 3.799730E-1 1.935080E-1 3.639950E-2
 1.461740E+1 1.389600E+0 2.526520E+0 3.693570E-1 2.389070E-1 4.660310E-2
 1.505090E+1 1.296280E+0 2.672670E+0 3.522080E-1 2.814480E-1 5.421330E-2
 1.531610E+1 1.206210E+0 2.806010E+0 3.328100E-1 3.202090E-1 5.908710E-2
 1.076180E+0 1.307750E-1 0.000000E+6 0.000000E+6 0.000000E+6 0.000000E+6
 1.459360E+0 2.285790E-1 0.000000E+6 0.000000E+6 0.000000E+6 0.000000E+6
 1.897040E+0 3.605090E-1 0.000000E+6 0.000000E+6 0.000000E+6 0.000000E+6
 2.369800E+0 5.100310E-1 0.000000E+6 0.000000E+6 0.000000E+6 0.000000E+6
 2.850640E+0 6.553570E-1 0.000000E+6 0.000000E+6 0.000000E+6 0.000000E+6
 3.464300E+0 7.780060E-1 2.026430E-5 6.204980E-7 0.000000E+6 0.000000E+6
 3.989780E+0 8.667120E-1 9.366390E-4 3.992120E-5 0.000000E+6 0.000000E+6
 4.520820E+0 9.192460E-1 1.555570E-2 9.533380E-4 0.000000E+6 0.000000E+6
 5.080050E+0 9.467770E-1 6.851990E-2 5.861980E-3 0.000000E+6 0.000000E+6
 5.670630E+0 9.648540E-1 1.757820E-1 1.998720E-2 0.000000E+6 0.000000E+6
 6.318330E+0 9.872960E-1 3.343010E-1 4.748440E-2 -1.667900E-6 -4.816940E-8
 6.913960E+0 1.009090E+0 5.214190E-1 8.699980E-2 1.594990E-4 7.524860E-6
 7.509990E+0 1.029120E+0 7.166230E-1 1.316020E-1 2.134770E-3 1.434130E-4
 8.055570E+0 1.033590E+0 9.024490E-1 1.719790E-1 9.249470E-3 8.528740E-4
 8.539080E+0 1.019680E+0 1.069850E+0 2.020280E-1 2.409410E-2 2.902590E-3
 9.012810E+0 9.861170E-1 1.223400E+0 2.193730E-1 4.641020E-2 6.886080E-3
 9.368360E+0 9.339060E-1 1.352370E+0 2.246360E-1 7.356390E-2 1.260800E-2
 9.671240E+0 8.702730E-1 1.458700E+0 2.207500E-1 1.021870E-1 1.899490E-2
 9.876190E+0 8.038750E-1 1.554700E+0 2.114620E-1 1.296560E-1 2.481690E-2
 1.003640E+1 7.368950E-1 1.637710E+0 1.987620E-1 1.546730E-1 2.914200E-2
 1.016020E+1 6.732890E-1 1.709200E+0 1.847750E-1 1.774860E-1 3.169250E-2
---