PdfType: central
Format: lhagrid1
---
 1.000000E-6 1.700000E-6 3.200000E-6 6.000000E-6 1.000000E-5 1.700000E-5 3.200000E-5 6.000000E-5 1.000000E-4 1.700000E-4 3.200000E-4 6.000000E-4 1.000000E-3 1.700000E-3 3.200000E-3 6.000000E-3 1.000000E-2 1.700000E-2 3.200000E-2 6.000000E-2 1.000000E-1
 3.162278E-1 3.981068E-1 5.011876E-1 6.309572E-1 7.943280E-1 1.000000E+0 1.258924E+0 1.584894E+0 1.995262E+0 2.511886E+0 3.162278E+0 3.981068E+0 5.011876E+0 6.309572E+0 7.943280E+0 1.000000E+1 1.258924E+1 1.584894E+1 1.995262E+1 2.511886E+1 3.162278E+1
900 901 917 918 920 921
 1.944020E+1 1.283180E+0 1.097160E+0 2.887960E-3 2.173580E-2 6.988480E-6
 2.897570E+1 2.561420E+0 1.865330E+0 7.768520E-3 3.919380E-2 1.993870E-5
 4.351030E+1 4.759260E+0 3.206000E+0 2.107050E-2 7.054750E-2 5.675030E-5
 6.379950E+1 8.155220E+0 5.478450E+0 5.611420E-2 1.264780E-1 1.606150E-4
 9.226260E+1 1.335200E+1 9.315690E+0 1.483890E-1 2.252070E-1 4.501970E-4
 1.330700E+2 2.121220E+1 1.562650E+1 3.802100E-1 3.999630E-1 1.259560E-3
 1.891630E+2 3.198070E+1 2.560790E+1 9.368440E-1 7.095270E-1 3.519290E-3
 2.650420E+2 4.828420E+1 4.105940E+1 2.215550E+0 1.254310E+0 9.758200E-3
 3.636840E+2 6.924170E+1 6.343490E+1 4.884320E+0 2.198860E+0 2.672060E-2
 4.911930E+2 9.960030E+1 9.471090E+1 1.001430E+1 3.804290E+0 7.139590E-2
 6.435130E+2 1.388950E+2 1.351150E+2 1.862460E+1 6.459100E+0 1.847130E-1
 8.247160E+2 1.868790E+2 1.843560E+2 3.132120E+1 1.072640E+1 4.586720E-1
 1.032470E+3 2.456320E+2 2.426320E+2 4.836040E+1 1.718650E+1 1.070730E+0
 1.256510E+3 3.052680E+2 3.059440E+2 6.746240E+1 2.631250E+1 2.300420E+0
 1.506980E+3 3.641680E+2 3.757550E+2 8.725920E+1 3.838350E+1 4.486860E+0
 1.761710E+3 4.200960E+2 4.486840E+2 1.063860E+2 5.324020E+1 7.883220E+0
 2.048380E+3 4.680140E+2 5.275430E+2 1.230350E+2 7.009830E+1 1.238320E+1
 2.316910E+3 5.049640E+2 6.048570E+2 1.363290E+2 8.843360E+1 1.755800E+1
 2.589450E+3 5.382840E+2 6.841530E+2 1.479880E+2 1.079830E+2 2.300580E+1
 2.899050E+3 5.597070E+2 7.684320E+2 1.557500E+2 1.275580E+2 2.781810E+1
 3.303520E+3 5.832180E+2 8.785770E+2 1.635970E+2 1.499140E+2 3.222390E+1
 1.854980E+1 1.262280E+0 9.899020E-1 2.626660E-3 1.870200E-2 6.014620E-6
 2.773990E+1 2.485750E+0 1.679290E+0 7.011970E-3 3.373850E-2 1.717590E-5
 4.126410E+1 4.593140E+0 2.875550E+0 1.893780E-2 6.078990E-2 4.894450E-5
 6.031260E+1 8.123670E+0 4.910540E+0 5.058140E-2 1.092370E-1 1.389860E-4
 8.695270E+1 1.306130E+1 8.349880E+0 1.330710E-1 1.952330E-1 3.914230E-4
 1.250080E+2 2.063740E+1 1.402720E+1 3.436710E-1 3.467480E-1 1.092800E-3
 1.752280E+2 3.095510E+1 2.297370E+1 8.448670E-1 6.148870E-1 3.050390E-3
 2.435640E+2 4.453230E+1 3.672210E+1 1.985870E+0 1.086750E+0 8.474560E-3
 3.367950E+2 6.574000E+1 5.726610E+1 4.446770E+0 1.905670E+0 2.317350E-2
 4.503900E+2 9.288760E+1 8.509080E+1 9.037130E+0 3.296980E+0 6.192140E-2
 5.875710E+2 1.275750E+2 1.210670E+2 1.679220E+1 5.610230E+0 1.608000E-1
 7.498030E+2 1.709540E+2 1.652580E+2 2.829740E+1 9.315550E+0 3.994520E-1
 9.289110E+2 2.190510E+2 2.158130E+2 4.285190E+1 1.492870E+1 9.313780E-1
 1.128430E+3 2.724440E+2 2.725060E+2 5.996500E+1 2.291440E+1 2.004450E+0
 1.342530E+3 3.226720E+2 3.326920E+2 7.707400E+1 3.340100E+1 3.907150E+0
 1.569910E+3 3.687370E+2 3.967410E+2 9.320280E+1 4.626250E+1 6.847860E+0
 1.811680E+3 4.097190E+2 4.628530E+2 1.076350E+2 6.090210E+1 1.077320E+1
 2.035350E+3 4.416090E+2 5.301190E+2 1.191400E+2 7.674370E+1 1.527450E+1
 2.274270E+3 4.655470E+2 5.974130E+2 1.279180E+2 9.328760E+1 1.982750E+1
 2.542800E+3 4.844450E+2 6.704100E+2 1.347660E+2 1.104170E+2 2.403180E+1
 2.892760E+3 5.025040E+2 7.650000E+2 1.409240E+2 1.293850E+2 2.773110E+1
 1.738260E+1 1.212200E+0 8.718430E-1 2.353230E-3 1.562460E-2 5.025890E-6
 2.623430E+1 2.467580E+0 1.478480E+0 6.188280E-3 2.819770E-2 1.436250E-5
 3.864340E+1 4.579090E+0 2.521200E+0 1.664250E-2 5.084050E-2 4.097660E-5
 5.608730E+1 7.612560E+0 4.295360E+0 4.431090E-2 9.150000E-2 1.165580E-4
 8.066580E+1 1.263870E+1 7.306140E+0 1.172990E-1 1.641220E-1 3.299380E-4
 1.151730E+2 1.972180E+1 1.225810E+1 3.017170E-1 2.925610E-1 9.254670E-4
 1.609150E+2 2.908620E+1 2.018840E+1 7.503130E-1 5.181400E-1 2.574030E-3
 2.222620E+2 4.256290E+1 3.233680E+1 1.767400E+0 9.155600E-1 7.138010E-3
 3.035290E+2 6.007610E+1 5.018140E+1 3.910400E+0 1.605510E+0 1.952870E-2
 4.036700E+2 8.324400E+1 7.463930E+1 7.950010E+0 2.783020E+0 5.235020E-2
 5.234710E+2 1.137210E+2 1.059760E+2 1.475350E+1 4.738610E+0 1.359620E-1
 6.655770E+2 1.521060E+2 1.444330E+2 2.480710E+1 7.866860E+0 3.377250E-1
 8.199510E+2 1.920640E+2 1.877940E+2 3.725570E+1 1.258660E+1 7.854190E-1
 9.930780E+2 2.360210E+2 2.360200E+2 5.160480E+1 1.929370E+1 1.688180E+0
 1.176040E+3 2.789020E+2 2.878040E+2 6.633300E+1 2.818480E+1 3.297720E+0
 1.359210E+3 3.153710E+2 3.407080E+2 7.950040E+1 3.901060E+1 5.771230E+0
 1.556310E+3 3.476220E+2 3.971840E+2 9.118090E+1 5.138630E+1 9.055960E+0
 1.752910E+3 3.725150E+2 4.524040E+2 1.004070E+2 6.461960E+1 1.281940E+1
 1.951570E+3 3.918020E+2 5.096900E+2 1.075880E+2 7.852670E+1 1.662650E+1
 2.180410E+3 4.066360E+2 5.714610E+2 1.130770E+2 9.283600E+1 2.012150E+1
 2.463350E+3 4.204440E+2 6.474090E+2 1.178850E+2 1.084360E+2 2.317620E+1
 1.661570E+1 1.218310E+0 7.589010E-1 2.079910E-3 1.306330E-2 4.203140E-6
 2.451990E+1 2.347720E+0 1.299460E+0 5.505190E-3 2.358470E-2 1.201620E-5
 3.592060E+1 4.269060E+0 2.203560E+0 1.451030E-2 4.253940E-2 3.430510E-5
 5.179060E+1 7.318530E+0 3.743720E+0 3.873440E-2 7.663180E-2 9.770960E-5
 7.456120E+1 1.197790E+1 6.368420E+0 1.025080E-1 1.376950E-1 2.772420E-4
 1.053260E+2 1.869160E+1 1.070130E+1 2.654590E-1 2.462590E-1 7.811110E-4
 1.467200E+2 2.734650E+1 1.766140E+1 6.609960E-1 4.368190E-1 2.174060E-3
 2.031680E+2 3.981900E+1 2.840470E+1 1.565360E+0 7.714470E-1 6.015690E-3
 2.742320E+2 5.515490E+1 4.400840E+1 3.446350E+0 1.353670E+0 1.648310E-2
 3.634510E+2 7.613530E+1 6.542990E+1 7.003520E+0 2.347710E+0 4.418850E-2
 4.683120E+2 1.014580E+2 9.259290E+1 1.288460E+1 3.993630E+0 1.146410E-1
 5.880170E+2 1.330460E+2 1.253120E+2 2.143930E+1 6.639320E+0 2.853280E-1
 7.238080E+2 1.683380E+2 1.632890E+2 3.234330E+1 1.062200E+1 6.636420E-1
 8.721590E+2 2.045640E+2 2.044150E+2 4.449180E+1 1.631070E+1 1.430320E+0
 1.018430E+3 2.386470E+2 2.470930E+2 5.660560E+1 2.377630E+1 2.784000E+0
 1.181790E+3 2.698160E+2 2.930480E+2 6.786590E+1 3.291750E+1 4.873650E+0
 1.348350E+3 2.952480E+2 3.402450E+2 7.733660E+1 4.330610E+1 7.628190E+0
 1.518530E+3 3.147320E+2 3.881040E+2 8.473640E+1 5.443400E+1 1.076900E+1
 1.693380E+3 3.303810E+2 4.371850E+2 9.064280E+1 6.610580E+1 1.395680E+1
 1.845500E+3 3.413210E+2 4.832380E+2 9.488150E+1 7.799040E+1 1.684670E+1
 2.101870E+3 3.519210E+2 5.484580E+2 9.864990E+1 9.097070E+1 1.937740E+1
 1.559400E+1 1.176870E+0 6.696400E-1 1.844610E-3 1.129410E-2 3.633670E-6
 2.338440E+1 2.322940E+0 1.165440E+0 5.006030E-3 2.038980E-2 1.039030E-5
 3.409140E+1 4.206800E+0 1.983190E+0 1.316870E-2 3.679010E-2 2.967630E-5
 4.944130E+1 7.266140E+0 3.361270E+0 3.490360E-2 6.629630E-2 8.458010E-5
 6.978150E+1 1.153380E+1 5.700250E+0 9.213830E-2 1.192380E-1 2.402430E-4
 9.860040E+1 1.781480E+1 9.576260E+0 2.377940E-1 2.136650E-1 6.789060E-4
 1.364640E+2 2.583590E+1 1.576720E+1 5.903000E-1 3.802220E-1 1.897370E-3
 1.861580E+2 3.668140E+1 2.535030E+1 1.398850E+0 6.714400E-1 5.242910E-3
 2.510390E+2 5.128030E+1 3.933060E+1 3.087080E+0 1.177050E+0 1.433840E-2
 3.303210E+2 6.921150E+1 5.841470E+1 6.276980E+0 2.041950E+0 3.849450E-2
 4.236220E+2 9.239800E+1 8.259470E+1 1.149200E+1 3.475260E+0 9.991710E-2
 5.309720E+2 1.198140E+2 1.118670E+2 1.912090E+1 5.779380E+0 2.484880E-1
 6.532390E+2 1.505640E+2 1.450360E+2 2.871760E+1 9.253800E+0 5.787750E-1
 7.792140E+2 1.814590E+2 1.810450E+2 3.932030E+1 1.420060E+1 1.245160E+0
 9.088410E+2 2.109720E+2 2.189270E+2 4.987790E+1 2.069730E+1 2.423700E+0
 1.050650E+3 2.365820E+2 2.586850E+2 5.941010E+1 2.864960E+1 4.236680E+0
 1.202520E+3 2.577330E+2 2.997590E+2 6.741360E+1 3.763830E+1 6.626450E+0
 1.337400E+3 2.734410E+2 3.400010E+2 7.356960E+1 4.724540E+1 9.321830E+0
 1.490980E+3 2.868540E+2 3.831330E+2 7.866820E+1 5.739040E+1 1.209440E+1
 1.698840E+3 2.988920E+2 4.366680E+2 8.300390E+1 6.839460E+1 1.468210E+1
 1.842610E+3 3.045990E+2 4.780530E+2 8.537040E+1 7.878270E+1 1.675840E+1
 1.488450E+1 1.144800E+0 5.847650E-1 1.617150E-3 9.707680E-3 3.123620E-6
 2.217960E+1 2.263890E+0 1.029500E+0 4.470400E-3 1.752740E-2 8.932330E-6
 3.231880E+1 4.154670E+0 1.771940E+0 1.189280E-2 3.163000E-2 2.551870E-5
 4.623260E+1 6.977530E+0 3.000960E+0 3.118500E-2 5.701600E-2 7.276510E-5
 6.543320E+1 1.120880E+1 5.075560E+0 8.197650E-2 1.025850E-1 2.068480E-4
 9.144620E+1 1.666290E+1 8.501340E+0 2.111190E-1 1.840350E-1 5.851400E-4
 1.261640E+2 2.431720E+1 1.403100E+1 5.270150E-1 3.283350E-1 1.641740E-3
 1.712700E+2 3.461230E+1 2.253530E+1 1.249010E+0 5.807730E-1 4.544100E-3
 2.285320E+2 4.713460E+1 3.491740E+1 2.757940E+0 1.017950E+0 1.240930E-2
 2.987990E+2 6.341570E+1 5.173900E+1 5.575480E+0 1.764040E+0 3.324740E-2
 3.832210E+2 8.404060E+1 7.337660E+1 1.027540E+1 3.006970E+0 8.649880E-2
 4.759560E+2 1.073270E+2 9.886680E+1 1.690110E+1 4.993980E+0 2.147810E-1
 5.804210E+2 1.336300E+2 1.279320E+2 2.532000E+1 8.005110E+0 5.011310E-1
 6.934000E+2 1.592520E+2 1.593720E+2 3.435020E+1 1.227670E+1 1.076420E+0
 8.066070E+2 1.842200E+2 1.920200E+2 4.344950E+1 1.789520E+1 2.095140E+0
 9.304700E+2 2.061030E+2 2.267020E+2 5.164920E+1 2.476840E+1 3.662700E+0
 1.064090E+3 2.235300E+2 2.627580E+2 5.838630E+1 3.252550E+1 5.713880E+0
 1.186890E+3 2.373440E+2 2.982270E+2 6.379810E+1 4.087360E+1 8.061690E+0
 1.311270E+3 2.480120E+2 3.336870E+2 6.798550E+1 4.957730E+1 1.042980E+1
 1.483500E+3 2.572980E+2 3.785670E+2 7.143750E+1 5.889320E+1 1.262860E+1
 1.607070E+3 2.620810E+2 4.147310E+2 7.344170E+1 6.785430E+1 1.440900E+1
 1.387540E+1 1.105560E+0 4.953020E-1 1.374310E-3 8.102560E-3 2.607480E-6
 2.048800E+1 2.151200E+0 8.770530E-1 3.827060E-3 1.463310E-2 7.458020E-6
 2.982670E+1 3.922890E+0 1.532970E+0 1.043970E-2 2.640860E-2 2.130790E-5
 4.291380E+1 6.691450E+0 2.613310E+0 2.737190E-2 4.761500E-2 6.078440E-5
 6.012130E+1 1.050430E+1 4.404650E+0 7.119350E-2 8.569860E-2 1.729010E-4
 8.335610E+1 1.585590E+1 7.374270E+0 1.840400E-1 1.538610E-1 4.896090E-4
 1.142500E+2 2.259280E+1 1.212430E+1 4.568200E-1 2.750040E-1 1.376900E-3
 1.540460E+2 3.126050E+1 1.947920E+1 1.081050E+0 4.876270E-1 3.823330E-3
 2.046120E+2 4.273220E+1 3.019580E+1 2.391950E+0 8.552860E-1 1.043410E-2
 2.658830E+2 5.622600E+1 4.473880E+1 4.815160E+0 1.482250E+0 2.795360E-2
 3.377170E+2 7.334900E+1 6.328800E+1 8.833910E+0 2.525420E+0 7.270360E-2
 4.191980E+2 9.352250E+1 8.523000E+1 1.456260E+1 4.199810E+0 1.809520E-1
 5.051820E+2 1.154460E+2 1.100660E+2 2.172130E+1 6.744530E+0 4.227630E-1
 5.991860E+2 1.364860E+2 1.363340E+2 2.932160E+1 1.031760E+1 9.051450E-1
 6.985200E+2 1.571990E+2 1.644010E+2 3.696090E+1 1.506450E+1 1.766020E+0
 7.947520E+2 1.745150E+2 1.930750E+2 4.366850E+1 2.081410E+1 3.079240E+0
 9.009330E+2 1.884450E+2 2.226160E+2 4.919200E+1 2.730380E+1 4.796890E+0
 1.018850E+3 2.003050E+2 2.539340E+2 5.380160E+1 3.436140E+1 6.775330E+0
 1.159160E+3 2.099690E+2 2.901070E+2 5.747780E+1 4.192580E+1 8.777240E+0
 1.260660E+3 2.153290E+2 3.194580E+2 5.976720E+1 4.929280E+1 1.055300E+1
 1.361570E+3 2.190700E+2 3.491810E+2 6.137770E+1 5.673730E+1 1.203460E+1
 1.299220E+1 1.078050E+0 4.187110E-1 1.164570E-3 6.770100E-3 2.178870E-6
 1.910580E+1 2.071550E+0 7.436200E-1 3.252530E-3 1.222860E-2 6.233090E-6
 2.775540E+1 3.711920E+0 1.309200E+0 8.969100E-3 2.207190E-2 1.781030E-5
 3.965860E+1 6.331590E+0 2.269130E+0 2.410690E-2 3.979970E-2 5.081320E-5
 5.510140E+1 9.732150E+0 3.831840E+0 6.232200E-2 7.165000E-2 1.445980E-4
 7.626200E+1 1.469530E+1 6.387910E+0 1.591130E-1 1.286740E-1 4.097410E-4
 1.036290E+2 2.112170E+1 1.049340E+1 3.953150E-1 2.301920E-1 1.153370E-3
 1.386940E+2 2.870670E+1 1.682860E+1 9.365530E-1 4.091190E-1 3.213580E-3
 1.827960E+2 3.837260E+1 2.604990E+1 2.064600E+0 7.193190E-1 8.798650E-3
 2.355910E+2 4.988580E+1 3.863580E+1 4.171800E+0 1.246680E+0 2.353210E-2
 2.967220E+2 6.431610E+1 5.453960E+1 7.627920E+0 2.121960E+0 6.107230E-2
 3.653800E+2 8.087440E+1 7.317340E+1 1.247810E+1 3.528840E+0 1.520110E-1
 4.410000E+2 9.926870E+1 9.421740E+1 1.854700E+1 5.666000E+0 3.553350E-1
 5.191130E+2 1.169100E+2 1.167620E+2 2.499670E+1 8.691290E+0 7.630410E-1
 6.068220E+2 1.338180E+2 1.403890E+2 3.135220E+1 1.263940E+1 1.480960E+0
 6.873410E+2 1.475160E+2 1.642560E+2 3.683690E+1 1.745710E+1 2.579140E+0
 7.821160E+2 1.591190E+2 1.896720E+2 4.146400E+1 2.290110E+1 4.021250E+0
 8.605680E+2 1.677450E+2 2.132330E+2 4.503540E+1 2.874190E+1 5.660030E+0
 9.555330E+2 1.745580E+2 2.392820E+2 4.780330E+1 3.483400E+1 7.308110E+0
 1.053750E+3 1.791170E+2 2.662630E+2 4.971480E+1 4.102260E+1 8.780810E+0
 1.155680E+3 1.831820E+2 2.941450E+2 5.131420E+1 4.748700E+1 1.005640E+1
 1.222800E+1 1.042700E+0 3.645540E-1 1.015670E-3 5.849910E-3 1.882630E-6
 1.804570E+1 2.013580E+0 6.488320E-1 2.844030E-3 1.056720E-2 5.386660E-6
 2.597110E+1 3.587980E+0 1.146610E+0 7.884220E-3 1.907420E-2 1.539310E-5
 3.734800E+1 6.196010E+0 2.002380E+0 2.145390E-2 3.439880E-2 4.392170E-5
 5.178070E+1 9.491730E+0 3.410570E+0 5.594660E-2 6.193890E-2 1.250120E-4
 7.039030E+1 1.395420E+1 5.686730E+0 1.419760E-1 1.112490E-1 3.543510E-4
 9.503100E+1 1.938080E+1 9.319620E+0 3.516470E-1 1.990960E-1 9.981160E-4
 1.269170E+2 2.642710E+1 1.491470E+1 8.317160E-1 3.541200E-1 2.783200E-3
 1.651430E+2 3.477520E+1 2.304450E+1 1.828270E+0 6.236760E-1 7.637250E-3
 2.129620E+2 4.536900E+1 3.414040E+1 3.692390E+0 1.082060E+0 2.044910E-2
 2.677360E+2 5.775740E+1 4.813710E+1 6.735650E+0 1.841810E+0 5.304940E-2
 3.278060E+2 7.212270E+1 6.465320E+1 1.102550E+1 3.063500E+0 1.320730E-1
 3.944090E+2 8.790190E+1 8.315000E+1 1.631610E+1 4.916120E+0 3.084660E-1
 4.621280E+2 1.028230E+2 1.026410E+2 2.190050E+1 7.542360E+0 6.623310E-1
 5.345900E+2 1.165770E+2 1.229750E+2 2.726950E+1 1.095200E+1 1.282290E+0
 6.078590E+2 1.286620E+2 1.439280E+2 3.208190E+1 1.512050E+1 2.234020E+0
 6.818300E+2 1.381310E+2 1.648630E+2 3.598250E+1 1.984890E+1 3.482600E+0
 7.894640E+2 1.469140E+2 1.910390E+2 3.936610E+1 2.506730E+1 4.919260E+0
 8.477830E+2 1.511860E+2 2.096980E+2 4.137910E+1 3.016660E+1 6.318390E+0
 9.336600E+2 1.553440E+2 2.331530E+2 4.309930E+1 3.557990E+1 7.604010E+0
 1.010370E+3 1.584360E+2 2.554990E+2 4.437760E+1 4.107730E+1 8.693750E+0
 1.157320E+1 1.010330E+0 3.151710E-1 8.791860E-4 5.025900E-3 1.617390E-6
 1.696240E+1 1.950250E+0 5.619700E-1 2.468890E-3 9.079060E-3 4.627920E-6
 2.451310E+1 3.534450E+0 9.957000E-1 6.859150E-3 1.639040E-2 1.322800E-5
 3.453140E+1 5.869210E+0 1.745860E+0 1.876560E-2 2.955980E-2 3.774670E-5
 4.773160E+1 8.903930E+0 3.005380E+0 4.986450E-2 5.322700E-2 1.074400E-4
 6.543750E+1 1.299570E+1 5.034410E+0 1.264890E-1 9.562760E-2 3.046480E-4
 8.727280E+1 1.799330E+1 8.243540E+0 3.116890E-1 1.711690E-1 8.584050E-4
 1.158430E+2 2.437880E+1 1.315320E+1 7.330280E-1 3.045920E-1 2.395290E-3
 1.503690E+2 3.198590E+1 2.033510E+1 1.616470E+0 5.371200E-1 6.583820E-3
 1.916070E+2 4.081610E+1 3.002300E+1 3.251020E+0 9.335340E-1 1.766730E-2
 2.401490E+2 5.118430E+1 4.226740E+1 5.902530E+0 1.590050E+0 4.584440E-2
 2.932040E+2 6.383590E+1 5.674040E+1 9.657030E+0 2.638330E+0 1.137600E-1
 3.513730E+2 7.693020E+1 7.266260E+1 1.419960E+1 4.230300E+0 2.652680E-1
 4.120540E+2 8.982710E+1 8.978610E+1 1.904070E+1 6.486630E+0 5.693500E-1
 4.736160E+2 1.013970E+2 1.072240E+2 2.365540E+1 9.441120E+0 1.105030E+0
 5.404190E+2 1.115220E+2 1.255560E+2 2.776920E+1 1.303980E+1 1.924810E+0
 6.017180E+2 1.196060E+2 1.438950E+2 3.111250E+1 1.710410E+1 3.000510E+0
 6.879650E+2 1.266380E+2 1.653060E+2 3.391930E+1 2.157610E+1 4.233560E+0
 7.299050E+2 1.302740E+2 1.807520E+2 3.565140E+1 2.598430E+1 5.440340E+0
 8.071130E+2 1.335400E+2 2.005960E+2 3.705050E+1 3.057320E+1 6.537900E+0
 8.776170E+2 1.361880E+2 2.207170E+2 3.814110E+1 3.532630E+1 7.469340E+0
 1.073710E+1 9.692610E-1 2.646980E-1 7.394700E-4 4.193090E-3 1.349540E-6
 1.577110E+1 1.851150E+0 4.725530E-1 2.078940E-3 7.575740E-3 3.861690E-6
 2.250110E+1 3.302030E+0 8.388790E-1 5.792280E-3 1.367790E-2 1.103950E-5
 3.154160E+1 5.375750E+0 1.474640E+0 1.588460E-2 2.466950E-2 3.150290E-5
 4.343920E+1 8.295280E+0 2.557600E+0 4.264960E-2 4.442770E-2 8.967970E-5
 5.948220E+1 1.215610E+1 4.330850E+0 1.099280E-1 7.982600E-2 2.543350E-4
 7.852630E+1 1.636960E+1 7.096670E+0 2.692110E-1 1.429050E-1 7.168880E-4
 1.031350E+2 2.183490E+1 1.130920E+1 6.305810E-1 2.543660E-1 2.001220E-3
 1.335260E+2 2.805010E+1 1.740570E+1 1.380090E+0 4.488720E-1 5.505350E-3
 1.693740E+2 3.583020E+1 2.577000E+1 2.792680E+0 7.814950E-1 1.481080E-2
 2.096760E+2 4.464060E+1 3.611210E+1 5.047830E+0 1.332740E+0 3.847380E-2
 2.546630E+2 5.480940E+1 4.832300E+1 8.201100E+0 2.215420E+0 9.555160E-2
 3.019290E+2 6.556360E+1 6.166090E+1 1.202690E+1 3.543710E+0 2.221910E-1
 3.528900E+2 7.624840E+1 7.608160E+1 1.610350E+1 5.432870E+0 4.767900E-1
 4.045140E+2 8.560180E+1 9.079680E+1 1.992580E+1 7.909760E+0 9.253230E-1
 4.583830E+2 9.377340E+1 1.059770E+2 2.331060E+1 1.091490E+1 1.610830E+0
 5.129620E+2 1.003320E+2 1.213090E+2 2.608190E+1 1.431500E+1 2.509000E+0
 5.625900E+2 1.050690E+2 1.363140E+2 2.815850E+1 1.793820E+1 3.519380E+0
 6.257320E+2 1.089460E+2 1.526190E+2 2.980060E+1 2.172390E+1 4.540770E+0
 6.910260E+2 1.119920E+2 1.699650E+2 3.105870E+1 2.564890E+1 5.470800E+0
 7.432050E+2 1.136970E+2 1.854280E+2 3.183790E+1 2.950660E+1 6.233130E+0
 1.001860E+1 9.171820E-1 2.222540E-1 6.214890E-4 3.502170E-3 1.127150E-6
 1.448460E+1 1.756240E+0 3.972550E-1 1.749320E-3 6.327400E-3 3.225520E-6
 2.068500E+1 3.092440E+0 7.061560E-1 4.883530E-3 1.142520E-2 9.221480E-6
 2.872160E+1 5.073460E+0 1.244290E+0 1.343520E-2 2.060910E-2 2.632030E-5
 3.970990E+1 7.789790E+0 2.164900E+0 3.620680E-2 3.711690E-2 7.493030E-5
 5.328350E+1 1.103990E+1 3.687920E+0 9.429240E-2 6.669730E-2 2.125160E-4
 7.071970E+1 1.493570E+1 6.102340E+0 2.333270E-1 1.194190E-1 5.991360E-4
 9.204070E+1 1.961510E+1 9.723090E+0 5.436900E-1 2.126130E-1 1.673330E-3
 1.178620E+2 2.495150E+1 1.494340E+1 1.185000E+0 3.753410E-1 4.605870E-3
 1.483030E+2 3.122110E+1 2.197480E+1 2.376240E+0 6.538200E-1 1.239700E-2
 1.834540E+2 3.881810E+1 3.085260E+1 4.315650E+0 1.117090E+0 3.229670E-2
 2.210390E+2 4.722030E+1 4.116940E+1 6.994070E+0 1.855680E+0 8.012810E-2
 2.609320E+2 5.597490E+1 5.248790E+1 1.019960E+1 2.972080E+0 1.863490E-1
 3.030540E+2 6.468980E+1 6.448270E+1 1.361250E+1 4.555260E+0 3.996830E-1
 3.460070E+2 7.231090E+1 7.680500E+1 1.679480E+1 6.628200E+0 7.756190E-1
 3.911490E+2 7.886050E+1 8.947670E+1 1.957520E+1 9.134900E+0 1.347040E+0
 4.527270E+2 8.501890E+1 1.041240E+2 2.204890E+1 1.204280E+1 2.108710E+0
 4.970640E+2 8.873490E+1 1.171490E+2 2.374280E+1 1.509040E+1 2.955210E+0
 5.429310E+2 9.157440E+1 1.302170E+2 2.502700E+1 1.825420E+1 3.802430E+0
 5.870610E+2 9.361660E+1 1.431010E+2 2.595620E+1 2.145690E+1 4.568230E+0
 6.310970E+2 9.496370E+1 1.559660E+2 2.658760E+1 2.467420E+1 5.201820E+0
 9.484720E+0 8.870130E-1 1.929600E-1 5.403340E-4 3.025320E-3 9.736580E-7
 1.372420E+1 1.679360E+0 3.448370E-1 1.520340E-3 5.466190E-3 2.786560E-6
 1.935220E+1 2.953930E+0 6.130950E-1 4.245030E-3 9.870470E-3 7.966610E-6
 2.684480E+1 4.794680E+0 1.081820E+0 1.169900E-2 1.780500E-2 2.273990E-5
 3.697630E+1 7.345150E+0 1.884790E+0 3.157340E-2 3.207020E-2 6.474710E-5
 4.923500E+1 1.028160E+1 3.222550E+0 8.259930E-2 5.763330E-2 1.836470E-4
 6.480770E+1 1.391210E+1 5.365960E+0 2.067590E-1 1.031940E-1 5.177790E-4
 8.391620E+1 1.797770E+1 8.594050E+0 4.827880E-1 1.837560E-1 1.446290E-3
 1.065810E+2 2.262280E+1 1.317250E+1 1.046630E+0 3.243990E-1 3.981820E-3
 1.335500E+2 2.787350E+1 1.933930E+1 2.087710E+0 5.653920E-1 1.072510E-2
 1.635680E+2 3.441390E+1 2.704990E+1 3.770470E+0 9.663880E-1 2.794730E-2
 1.966960E+2 4.139180E+1 3.600570E+1 6.096780E+0 1.607290E+0 6.946210E-2
 2.317850E+2 4.907580E+1 4.590630E+1 8.904650E+0 2.576170E+0 1.616730E-1
 2.679500E+2 5.640630E+1 5.637920E+1 1.183570E+1 3.944450E+0 3.459370E-1
 3.056320E+2 6.309110E+1 6.717710E+1 1.462440E+1 5.742400E+0 6.720430E-1
 3.462620E+2 6.857740E+1 7.810310E+1 1.700180E+1 7.914270E+0 1.167200E+0
 3.970780E+2 7.359230E+1 9.047660E+1 1.907490E+1 1.041510E+1 1.822740E+0
 4.212170E+2 7.629020E+1 1.000640E+2 2.042640E+1 1.299710E+1 2.547850E+0
 4.731580E+2 7.926550E+1 1.127920E+2 2.166020E+1 1.577670E+1 3.290470E+0
 5.115780E+2 8.084610E+1 1.237600E+2 2.241350E+1 1.852040E+1 3.945720E+0
 5.487110E+2 8.210600E+1 1.349650E+2 2.298700E+1 2.131580E+1 4.498200E+0
 8.955780E+0 8.407220E-1 1.659520E-1 4.653010E-4 0.000000E+6 0.000000E+6
 1.291840E+1 1.589820E+0 2.974830E-1 1.312750E-3 4.695070E-3 2.393440E-6
 1.811030E+1 2.799090E+0 5.290990E-1 3.665830E-3 8.478120E-3 6.843000E-6
 2.504730E+1 4.579050E+0 9.341830E-1 1.011160E-2 1.529530E-2 1.953410E-5
 3.376640E+1 6.736120E+0 1.629610E+0 2.732160E-2 2.755110E-2 5.562440E-5
 4.487510E+1 9.584390E+0 2.791900E+0 7.167460E-2 4.951050E-2 1.577760E-4
 5.875620E+1 1.254280E+1 4.658970E+0 1.798070E-1 8.866300E-2 4.448790E-4
 7.514650E+1 1.603010E+1 7.503050E+0 4.241240E-1 1.578720E-1 1.242770E-3
 9.572650E+1 2.022570E+1 1.154880E+1 9.209420E-1 2.787820E-1 3.422530E-3
 1.191950E+2 2.498710E+1 1.694040E+1 1.831070E+0 4.859040E-1 9.219010E-3
 1.455210E+2 3.018500E+1 2.361340E+1 3.283360E+0 8.310050E-1 2.404300E-2
 1.741420E+2 3.625700E+1 3.141840E+1 5.302230E+0 1.382910E+0 5.980550E-2
 2.047470E+2 4.266230E+1 3.994460E+1 7.704170E+0 2.218390E+0 1.393160E-1
 2.362220E+2 4.899010E+1 4.899230E+1 1.025030E+1 3.398100E+0 2.983110E-1
 2.689060E+2 5.454190E+1 5.824640E+1 1.262140E+1 4.944350E+0 5.784990E-1
 2.997780E+2 5.917500E+1 6.751840E+1 1.466430E+1 6.823090E+0 1.005990E+0
 3.404520E+2 6.301760E+1 7.750140E+1 1.633580E+1 8.933400E+0 1.562460E+0
 3.731590E+2 6.588910E+1 8.697160E+1 1.762830E+1 1.119480E+1 2.193980E+0
 4.124800E+2 6.814130E+1 9.737800E+1 1.861570E+1 1.356330E+1 2.826780E+0
 4.439250E+2 6.957370E+1 1.068700E+2 1.928570E+1 1.593610E+1 3.393390E+0
 4.755410E+2 7.054770E+1 1.163330E+2 1.974950E+1 1.832240E+1 3.864020E+0
 8.491020E+0 8.163680E-1 1.389130E-1 3.898700E-4 0.000000E+6 0.000000E+6
 1.210800E+1 1.523920E+0 2.485750E-1 1.098510E-3 0.000000E+6 0.000000E+6
 1.684620E+1 2.620820E+0 4.437320E-1 3.077360E-3 7.072560E-3 5.708550E-6
 2.302480E+1 4.242410E+0 7.832160E-1 8.481790E-3 1.276000E-2 1.629630E-5
 3.082250E+1 6.256820E+0 1.367870E+0 2.296820E-2 2.298560E-2 4.640800E-5
 4.050540E+1 8.633670E+0 2.348760E+0 6.042590E-2 4.131240E-2 1.316520E-4
 5.283290E+1 1.151450E+1 3.927180E+0 1.518720E-1 7.398010E-2 3.712380E-4
 6.711920E+1 1.423350E+1 6.349880E+0 3.603090E-1 1.317470E-1 1.037110E-3
 8.457390E+1 1.767770E+1 9.822230E+0 7.882980E-1 2.326570E-1 2.856530E-3
 1.045650E+2 2.148330E+1 1.442330E+1 1.563040E+0 4.056020E-1 7.698310E-3
 1.269640E+2 2.607460E+1 2.011930E+1 2.799900E+0 6.938600E-1 2.008330E-2
 1.508140E+2 3.089870E+1 2.666280E+1 4.487490E+0 1.155150E+0 4.997170E-2
 1.768070E+2 3.625060E+1 3.383640E+1 6.513020E+0 1.854540E+0 1.165380E-1
 2.026990E+2 4.134370E+1 4.141250E+1 8.626170E+0 2.843300E+0 2.497860E-1
 2.328660E+2 4.595290E+1 4.925950E+1 1.060410E+1 4.136800E+0 4.842080E-1
 2.577150E+2 4.968840E+1 5.697430E+1 1.229570E+1 5.705410E+0 8.409250E-1
 2.881270E+2 5.273160E+1 6.497380E+1 1.366420E+1 7.465390E+0 1.306200E+0
 3.198020E+2 5.515410E+1 7.340340E+1 1.474480E+1 9.356770E+0 1.832130E+0
 3.447720E+2 5.681930E+1 8.132890E+1 1.552310E+1 1.131510E+1 2.357970E+0
 3.762540E+2 5.815930E+1 8.977800E+1 1.611870E+1 1.332560E+1 2.835540E+0
 4.027890E+2 5.899380E+1 9.774400E+1 1.651300E+1 1.532370E+1 3.230030E+0
 8.274690E+0 8.258340E-1 1.163800E-1 3.268400E-4 0.000000E+6 0.000000E+6
 1.155980E+1 1.489200E+0 2.083350E-1 9.213950E-4 0.000000E+6 0.000000E+6
 1.585240E+1 2.527650E+0 3.712410E-1 2.578600E-3 0.000000E+6 0.000000E+6
 2.132910E+1 3.943070E+0 6.564460E-1 7.122050E-3 0.000000E+6 0.000000E+6
 2.824130E+1 5.792310E+0 1.148390E+0 1.930260E-2 1.919760E-2 3.876000E-5
 3.683950E+1 7.830310E+0 1.971710E+0 5.076320E-2 3.450450E-2 1.099640E-4
 4.742230E+1 1.027600E+1 3.305330E+0 1.280890E-1 6.179530E-2 3.101070E-4
 5.989450E+1 1.262300E+1 5.352040E+0 3.040970E-1 1.100560E-1 8.664390E-4
 7.459350E+1 1.550570E+1 8.301220E+0 6.680780E-1 1.943630E-1 2.386530E-3
 9.170570E+1 1.862500E+1 1.224160E+1 1.332050E+0 3.388510E-1 6.431510E-3
 1.106070E+2 2.227220E+1 1.706300E+1 2.376830E+0 5.797220E-1 1.678340E-2
 1.306600E+2 2.635640E+1 2.261890E+1 3.804400E+0 9.653410E-1 4.177510E-2
 1.531570E+2 3.070970E+1 2.866570E+1 5.496640E+0 1.550470E+0 9.745330E-2
 1.746310E+2 3.486890E+1 3.500500E+1 7.258450E+0 2.378220E+0 2.090550E-1
 1.979850E+2 3.865470E+1 4.158000E+1 8.917980E+0 3.471370E+0 4.067790E-1
 2.196510E+2 4.169790E+1 4.804330E+1 1.030860E+1 4.774380E+0 7.037690E-1
 2.490380E+2 4.436950E+1 5.504780E+1 1.148290E+1 6.254180E+0 1.094000E+0
 2.718350E+2 4.623460E+1 6.179460E+1 1.235520E+1 7.836780E+0 1.533260E+0
 2.875880E+2 4.748100E+1 6.808110E+1 1.297200E+1 9.456320E+0 1.969680E+0
 3.178850E+2 4.859340E+1 7.523710E+1 1.346580E+1 1.113180E+1 2.367360E+0
 3.393940E+2 4.928040E+1 8.190750E+1 1.379310E+1 1.280500E+1 2.697600E+0
 8.157800E+0 8.461590E-1 1.007400E-1 2.830740E-4 0.000000E+6 0.000000E+6
 1.127410E+1 1.509150E+0 1.804110E-1 7.984830E-4 0.000000E+6 0.000000E+6
 1.527530E+1 2.488340E+0 3.214690E-1 2.234440E-3 0.000000E+6 0.000000E+6
 2.037000E+1 3.823040E+0 5.685250E-1 6.171930E-3 0.000000E+6 0.000000E+6
 2.670710E+1 5.512520E+0 9.941500E-1 1.673390E-2 0.000000E+6 0.000000E+6
 3.429520E+1 7.391470E+0 1.710640E+0 4.408570E-2 2.980590E-2 9.498790E-5
 4.354150E+1 9.369740E+0 2.868680E+0 1.112610E-1 5.338320E-2 2.678980E-4
 5.480800E+1 1.157120E+1 4.650830E+0 2.646020E-1 9.507600E-2 7.484840E-4
 6.813610E+1 1.398160E+1 7.216070E+0 5.810630E-1 1.679100E-1 2.061820E-3
 8.283070E+1 1.669100E+1 1.065630E+1 1.162620E+0 2.927850E-1 5.557800E-3
 9.938200E+1 1.971740E+1 1.489550E+1 2.080790E+0 5.009300E-1 1.450450E-2
 1.173300E+2 2.324140E+1 1.974630E+1 3.327450E+0 8.342620E-1 3.611260E-2
 1.355670E+2 2.685930E+1 2.501760E+1 4.795500E+0 1.342560E+0 8.445090E-2
 1.550290E+2 3.038850E+1 3.049570E+1 6.311260E+0 2.055890E+0 1.807540E-1
 1.754770E+2 3.355690E+1 3.612360E+1 7.725790E+0 2.993210E+0 3.506670E-1
 1.941470E+2 3.616710E+1 4.177850E+1 8.934290E+0 4.129800E+0 6.089190E-1
 2.183450E+2 3.840440E+1 4.775360E+1 9.935230E+0 5.407390E+0 9.459200E-1
 2.357650E+2 3.989670E+1 5.337040E+1 1.066340E+1 6.767960E+0 1.324250E+0
 2.576570E+2 4.113230E+1 5.934110E+1 1.123070E+1 8.182800E+0 1.703530E+0
 2.776190E+2 4.199800E+1 6.519940E+1 1.163720E+1 9.625050E+0 2.046330E+0
 2.973090E+2 4.258040E+1 7.099060E+1 1.191670E+1 1.106450E+1 2.330270E+0
 7.513660E+0 8.461870E-1 0.000000E+6 0.000000E+6 0.000000E+6 0.000000E+6
 1.095110E+1 1.515520E+0 1.552830E-1 6.875960E-4 0.000000E+6 0.000000E+6
 1.477400E+1 2.489170E+0 2.767860E-1 1.924220E-3 0.000000E+6 0.000000E+6
 1.947800E+1 3.763500E+0 4.895080E-1 5.318210E-3 0.000000E+6 0.000000E+6
 2.524670E+1 5.305580E+0 8.562370E-1 1.441780E-2 0.000000E+6 0.000000E+6
 3.221700E+1 7.005790E+0 1.472100E+0 3.796920E-2 0.000000E+6 0.000000E+6
 4.059110E+1 8.837210E+0 2.475350E+0 9.608420E-2 4.585390E-2 2.301140E-4
 5.030830E+1 1.060680E+1 4.013510E+0 2.285080E-1 8.167170E-2 6.430250E-4
 6.183170E+1 1.262680E+1 6.233700E+0 5.023940E-1 1.442430E-1 1.771310E-3
 7.468280E+1 1.483350E+1 9.205320E+0 1.004780E+0 2.515100E-1 4.774490E-3
 8.911210E+1 1.741830E+1 1.287960E+1 1.801950E+0 4.302980E-1 1.246010E-2
 1.040190E+2 2.030220E+1 1.709070E+1 2.884460E+0 7.180420E-1 3.109500E-2
 1.206360E+2 2.339620E+1 2.164850E+1 4.152360E+0 1.151420E+0 7.240580E-2
 1.375210E+2 2.636030E+1 2.639290E+1 5.456230E+0 1.766590E+0 1.553360E-1
 1.544620E+2 2.899660E+1 3.124320E+1 6.666260E+0 2.572260E+0 3.013650E-1
 1.713480E+2 3.121830E+1 3.613640E+1 7.701450E+0 3.549600E+0 5.234940E-1
 1.906060E+2 3.305580E+1 4.116920E+1 8.547400E+0 4.647000E+0 8.129710E-1
 2.064370E+2 3.433970E+1 4.608780E+1 9.173590E+0 5.817090E+0 1.138060E+0
 2.243030E+2 3.537210E+1 5.115250E+1 9.656640E+0 7.038420E+0 1.464920E+0
 2.407570E+2 3.609460E+1 5.615860E+1 1.000030E+1 8.271020E+0 1.758100E+0
 2.570670E+2 3.658870E+1 6.110820E+1 1.023940E+1 9.509510E+0 2.001940E+0
 7.070130E+0 8.148260E-1 0.000000E+6 0.000000E+6 0.000000E+6 0.000000E+6
 9.789120E+0 1.471570E+0 0.000000E+6 0.000000E+6 0.000000E+6 0.000000E+6
 1.305270E+1 2.409780E+0 0.000000E+6 0.000000E+6 0.000000E+6 0.000000E+6
 1.831850E+1 3.640870E+0 4.094280E-1 4.449990E-3 0.000000E+6 0.000000E+6
 2.353490E+1 5.053730E+0 7.163740E-1 1.207230E-2 0.000000E+6 0.000000E+6
 2.970710E+1 6.539860E+0 1.232170E+0 3.181150E-2 0.000000E+6 0.000000E+6
 3.683560E+1 8.015620E+0 2.068630E+0 8.039120E-2 0.000000E+6 0.000000E+6
 4.533230E+1 9.565170E+0 3.364940E+0 1.918550E-1 6.813400E-2 5.364540E-4
 5.500090E+1 1.112830E+1 5.230670E+0 4.221990E-1 1.203370E-1 1.477770E-3
 6.602350E+1 1.289970E+1 7.722580E+0 8.435930E-1 2.098350E-1 3.983630E-3
 7.800970E+1 1.495060E+1 1.080360E+1 1.512520E+0 3.589890E-1 1.039560E-2
 9.106070E+1 1.729190E+1 1.433790E+1 2.421270E+0 5.980290E-1 2.589120E-2
 1.045660E+2 1.979750E+1 1.816860E+1 3.485630E+0 9.607550E-1 6.042410E-2
 1.188300E+2 2.220780E+1 2.214070E+1 4.576400E+0 1.474390E+0 1.296570E-1
 1.332580E+2 2.435650E+1 2.620530E+1 5.583500E+0 2.146630E+0 2.515460E-1
 1.462040E+2 2.616370E+1 3.028920E+1 6.446190E+0 2.962850E+0 4.368620E-1
 1.615180E+2 2.759990E+1 3.442180E+1 7.133940E+0 3.876950E+0 6.782190E-1
 1.762920E+2 2.876780E+1 3.868890E+1 7.680330E+0 4.864350E+0 9.519420E-1
 1.894700E+2 2.953950E+1 4.278220E+1 8.062590E+0 5.874080E+0 1.222530E+0
 2.039630E+2 3.012490E+1 4.697370E+1 8.345070E+0 6.901280E+0 1.466680E+0
 2.171960E+2 3.046510E+1 5.097570E+1 8.524920E+0 7.918820E+0 1.666680E+0
 6.487940E+0 7.591350E-1 0.000000E+6 0.000000E+6 0.000000E+6 0.000000E+6
 8.984950E+0 1.369270E+0 0.000000E+6 0.000000E+6 0.000000E+6 0.000000E+6
 1.200760E+1 2.244810E+0 0.000000E+6 0.000000E+6 0.000000E+6 0.000000E+6
 1.553890E+1 3.347270E+0 0.000000E+6 0.000000E+6 0.000000E+6 0.000000E+6
 2.132940E+1 4.605160E+0 5.996570E-1 1.010660E-2 0.000000E+6 0.000000E+6
 2.666800E+1 5.892050E+0 1.032170E+0 2.667140E-2 0.000000E+6 0.000000E+6
 3.295030E+1 7.152870E+0 1.733110E+0 6.738920E-2 0.000000E+6 0.000000E+6
 3.999430E+1 8.360810E+0 2.813900E+0 1.605350E-1 0.000000E+6 0.000000E+6
 4.825520E+1 9.635630E+0 4.379030E+0 3.537770E-1 0.000000E+6 0.000000E+6
 5.760520E+1 1.104490E+1 6.478660E+0 7.080860E-1 1.752430E-1 3.327110E-3
 6.785880E+1 1.272710E+1 9.062650E+0 1.268150E+0 2.998500E-1 8.684190E-3
 7.880100E+1 1.462900E+1 1.202740E+1 2.029830E+0 4.994760E-1 2.162150E-2
 9.000790E+1 1.666790E+1 1.523100E+1 2.918870E+0 8.023590E-1 5.046850E-2
 1.015480E+2 1.865320E+1 1.856400E+1 3.833440E+0 1.231510E+0 1.083110E-1
 1.136080E+2 2.044880E+1 2.196900E+1 4.680260E+0 1.796630E+0 2.105770E-1
 1.256930E+2 2.191990E+1 2.540130E+1 5.393200E+0 2.475210E+0 3.650430E-1
 1.370060E+2 2.308830E+1 2.879900E+1 5.964810E+0 3.238350E+0 5.665800E-1
 1.485860E+2 2.400420E+1 3.230330E+1 6.407380E+0 4.056430E+0 7.935770E-1
 1.603520E+2 2.465750E+1 3.576240E+1 6.728750E+0 4.899100E+0 1.019670E+0
 1.728810E+2 2.513520E+1 3.924750E+1 6.961870E+0 5.757190E+0 1.223210E+0
 1.838720E+2 2.544690E+1 4.266520E+1 7.120020E+0 6.614270E+0 1.391800E+0
 5.944810E+0 7.015010E-1 0.000000E+6 0.000000E+6 0.000000E+6 0.000000E+6
 8.278810E+0 1.271980E+0 0.000000E+6 0.000000E+6 0.000000E+6 0.000000E+6
 1.102730E+1 2.074440E+0 0.000000E+6 0.000000E+6 0.000000E+6 0.000000E+6
 1.422120E+1 3.078080E+0 0.000000E+6 0.000000E+6 0.000000E+6 0.000000E+6
 1.773720E+1 4.166410E+0 0.000000E+6 0.000000E+6 0.000000E+6 0.000000E+6
 2.409050E+1 5.309680E+0 8.927660E-1 2.306850E-2 0.000000E+6 0.000000E+6
 2.952750E+1 6.400200E+0 1.499890E+0 5.835080E-2 0.000000E+6 0.000000E+6
 3.581480E+1 7.429510E+0 2.436760E+0 1.391140E-1 0.000000E+6 0.000000E+6
 4.289710E+1 8.472250E+0 3.792190E+0 3.065710E-1 0.000000E+6 0.000000E+6
 5.093230E+1 9.674580E+0 5.605930E+0 6.128490E-1 0.000000E+6 0.000000E+6
 5.994940E+1 1.108550E+1 7.851390E+0 1.098840E+0 2.590050E-1 7.499890E-3
 6.938710E+1 1.272000E+1 1.041550E+1 1.757460E+0 4.314020E-1 1.867850E-2
 7.912840E+1 1.445790E+1 1.318850E+1 2.527130E+0 6.931920E-1 4.359980E-2
 8.927140E+1 1.616240E+1 1.607980E+1 3.317200E+0 1.063900E+0 9.357580E-2
 9.934710E+1 1.769650E+1 1.901690E+1 4.047650E+0 1.552150E+0 1.819300E-1
 1.094580E+2 1.895600E+1 2.196370E+1 4.662390E+0 2.138180E+0 3.153990E-1
 1.196610E+2 1.996720E+1 2.493370E+1 5.156550E+0 2.799000E+0 4.895120E-1
 1.297840E+2 2.072650E+1 2.789130E+1 5.531380E+0 3.501730E+0 6.854800E-1
 1.400020E+2 2.131150E+1 3.094550E+1 5.814940E+0 4.234380E+0 8.810040E-1
 1.497880E+2 2.173830E+1 3.397120E+1 6.020860E+0 4.978170E+0 1.057890E+0
 1.596670E+2 2.202130E+1 3.695970E+1 6.161310E+0 5.723580E+0 1.204180E+0
---