PdfType: central
Format: lhagrid1
---
 1.000000E-6 1.700000E-6 3.200000E-6 6.000000E-6 1.000000E-5 1.700000E-5 3.200000E-5 6.000000E-5 1.000000E-4 1.700000E-4 3.200000E-4 6.000000E-4 1.000000E-3 1.700000E-3 3.200000E-3 6.000000E-3 1.000000E-2 1.700000E-2 3.200000E-2 6.000000E-2 1.000000E-1
 3.162278E-1 3.981068E-1 5.011876E-1 6.309572E-1 7.943280E-1 1.000000E+0 1.258924E+0 1.584894E+0 1.995262E+0 2.511886E+0 3.162278E+0 3.981068E+0 5.011876E+0 6.309572E+0 7.943280E+0 1.000000E+1 1.258924E+1 1.584894E+1 1.995262E+1 2.511886E+1 3.162278E+1
900 901 917 918 920 921
 1.412200E+1 1.251530E+0 4.382310E-1 1.201490E-3 9.211490E-3 2.964860E-6
 2.220880E+1 2.634250E+0 8.288510E-1 3.580440E-3 1.682410E-2 8.573120E-6
 3.399980E+1 4.762270E+0 1.595810E+0 1.080480E-2 3.184540E-2 2.567470E-5
 5.077810E+1 8.010130E+0 3.088220E+0 3.263630E-2 6.192300E-2 7.890620E-5
 7.619620E+1 1.392210E+1 5.959110E+0 9.707880E-2 1.226290E-1 2.463420E-4
 1.143710E+2 2.233430E+1 1.138120E+1 2.830410E-1 2.465930E-1 7.806540E-4
 1.689350E+2 3.482740E+1 2.136640E+1 7.970870E-1 5.012210E-1 2.496800E-3
 2.425440E+2 5.092910E+1 3.850880E+1 2.087310E+0 1.024610E+0 7.997510E-3
 3.508860E+2 7.564290E+1 6.780410E+1 5.255340E+0 2.092820E+0 2.544820E-2
 5.062420E+2 1.148220E+2 1.147200E+2 1.212520E+1 4.237420E+0 7.952780E-2
 7.126480E+2 1.659900E+2 1.846040E+2 2.536230E+1 8.436750E+0 2.410100E-1
 9.821780E+2 2.387540E+2 2.835070E+2 4.815710E+1 1.640540E+1 6.993290E-1
 1.354450E+3 3.387550E+2 4.223040E+2 8.422430E+1 3.072460E+1 1.903680E+0
 1.842560E+3 4.688940E+2 6.063920E+2 1.349400E+2 5.516680E+1 4.801970E+0
 2.447520E+3 6.362250E+2 8.497690E+2 2.035380E+2 9.419760E+1 1.102330E+1
 3.360400E+3 8.459370E+2 1.177960E+3 2.901470E+2 1.522820E+2 2.258090E+1
 4.346430E+3 1.088610E+3 1.576800E+3 3.927510E+2 2.338470E+2 4.154750E+1
 6.007850E+3 1.392190E+3 2.184010E+3 5.184020E+2 3.461200E+2 6.944860E+1
 7.454550E+3 1.767640E+3 2.779700E+3 6.746290E+2 4.902570E+2 1.083680E+2
 9.584020E+3 2.219830E+3 3.627740E+3 8.604860E+2 6.839280E+2 1.576890E+2
 1.440390E+4 2.904530E+3 5.427640E+3 1.135200E+3 1.007870E+3 2.259020E+2
 1.322170E+1 1.213600E+0 3.979350E-1 1.094920E-3 8.656910E-3 2.786910E-6
 2.055880E+1 2.488060E+0 7.435340E-1 3.212600E-3 1.541770E-2 7.858760E-6
 3.175470E+1 4.504710E+0 1.415720E+0 9.604240E-3 2.861190E-2 2.307820E-5
 4.766820E+1 8.125030E+0 2.718750E+0 2.878800E-2 5.480780E-2 6.990260E-5
 7.114170E+1 1.319180E+1 5.235830E+0 8.586510E-2 1.074030E-1 2.161420E-4
 1.044020E+2 2.082840E+1 9.980330E+0 2.491160E-1 2.138450E-1 6.774570E-4
 1.529440E+2 3.215710E+1 1.866400E+1 6.995550E-1 4.311820E-1 2.148950E-3
 2.219810E+2 4.786990E+1 3.412620E+1 1.880120E+0 8.765830E-1 6.847900E-3
 3.189780E+2 6.992130E+1 5.952710E+1 4.619770E+0 1.781650E+0 2.168990E-2
 4.548340E+2 1.049090E+2 1.006370E+2 1.072810E+1 3.599580E+0 6.761970E-2
 6.378570E+2 1.514170E+2 1.622430E+2 2.253010E+1 7.174700E+0 2.055980E-1
 8.800190E+2 2.136730E+2 2.499900E+2 4.256520E+1 1.395640E+1 5.968430E-1
 1.214130E+3 2.990640E+2 3.697720E+2 7.351830E+1 2.615310E+1 1.624070E+0
 1.626780E+3 4.128730E+2 5.311120E+2 1.180810E+2 4.700260E+1 4.091150E+0
 2.187070E+3 5.573850E+2 7.430300E+2 1.771210E+2 8.002310E+1 9.349430E+0
 2.910560E+3 7.409170E+2 1.024350E+3 2.534970E+2 1.301740E+2 1.938430E+1
 3.847080E+3 9.493200E+2 1.382940E+3 3.415760E+2 1.999320E+2 3.559040E+1
 4.973060E+3 1.201940E+3 1.820860E+3 4.476490E+2 2.930070E+2 5.948610E+1
 6.412610E+3 1.517230E+3 2.398560E+3 5.786670E+2 4.206440E+2 9.234110E+1
 8.380360E+3 1.884200E+3 3.136500E+3 7.296510E+2 5.811520E+2 1.330150E+2
 1.164840E+4 2.366820E+3 4.388750E+3 9.257080E+2 8.219790E+2 1.850180E+2
 1.225700E+1 1.122080E+0 3.603420E-1 9.980970E-4 8.223850E-3 2.647540E-6
 1.928860E+1 2.339500E+0 6.593590E-1 2.850700E-3 1.415040E-2 7.214580E-6
 2.902760E+1 4.380880E+0 1.233310E+0 8.376480E-3 2.554370E-2 2.061230E-5
 4.318690E+1 7.505110E+0 2.352200E+0 2.497460E-2 4.789210E-2 6.111050E-5
 6.419570E+1 1.234220E+1 4.485940E+0 7.373950E-2 9.239100E-2 1.862060E-4
 9.365120E+1 1.945470E+1 8.525990E+0 2.143800E-1 1.817210E-1 5.767130E-4
 1.373880E+2 2.962360E+1 1.592620E+1 6.015240E-1 3.625210E-1 1.807650E-3
 1.982720E+2 4.412400E+1 2.902190E+1 1.605610E+0 7.302550E-1 5.707450E-3
 2.822280E+2 6.352170E+1 5.101410E+1 4.002820E+0 1.476170E+0 1.798650E-2
 4.015500E+2 9.208810E+1 8.636040E+1 9.254850E+0 2.973790E+0 5.597390E-2
 5.608090E+2 1.327010E+2 1.388640E+2 1.933490E+1 5.914230E+0 1.697320E-1
 7.688860E+2 1.871640E+2 2.140090E+2 3.653280E+1 1.149010E+1 4.923730E-1
 1.052850E+3 2.587880E+2 3.159750E+2 6.272130E+1 2.149580E+1 1.336830E+0
 1.415970E+3 3.545630E+2 4.528920E+2 1.005080E+2 3.869060E+1 3.372750E+0
 1.896670E+3 4.750410E+2 6.355850E+2 1.499920E+2 6.604920E+1 7.710890E+0
 2.502470E+3 6.220160E+2 8.682200E+2 2.121060E+2 1.073940E+2 1.594220E+1
 3.250800E+3 7.974080E+2 1.161220E+3 2.862130E+2 1.645040E+2 2.933860E+1
 4.283920E+3 1.013020E+3 1.554720E+3 3.765000E+2 2.443740E+2 4.936230E+1
 5.521590E+3 1.256130E+3 2.039490E+3 4.781320E+2 3.468750E+2 7.550910E+1
 7.051210E+3 1.537290E+3 2.646210E+3 5.948560E+2 4.777640E+2 1.079640E+2
 1.028140E+4 1.967320E+3 3.823830E+3 7.682030E+2 6.896840E+2 1.522060E+2
 1.141360E+1 1.107080E+0 3.294400E-1 9.190040E-4 8.032890E-3 2.586090E-6
 1.749630E+1 2.145160E+0 5.926950E-1 2.576760E-3 1.329100E-2 6.777180E-6
 2.648640E+1 4.002240E+0 1.089890E+0 7.401370E-3 2.323750E-2 1.875600E-5
 3.968830E+1 7.152690E+0 2.044990E+0 2.172270E-2 4.247650E-2 5.422380E-5
 5.816720E+1 1.137520E+1 3.869120E+0 6.369870E-2 8.035930E-2 1.620610E-4
 8.437540E+1 1.760260E+1 7.310370E+0 1.838350E-1 1.558740E-1 4.955140E-4
 1.229000E+2 2.671830E+1 1.363970E+1 5.173980E-1 3.072510E-1 1.533980E-3
 1.766330E+2 3.915350E+1 2.474180E+1 1.372120E+0 6.127870E-1 4.793490E-3
 2.514300E+2 5.662630E+1 4.360810E+1 3.433160E+0 1.229610E+0 1.498990E-2
 3.545960E+2 8.146300E+1 7.358880E+1 7.894140E+0 2.463540E+0 4.642780E-2
 4.904740E+2 1.157800E+2 1.184580E+2 1.655160E+1 4.874900E+0 1.400870E-1
 6.623680E+2 1.608010E+2 1.820150E+2 3.105860E+1 9.465780E+0 4.061980E-1
 9.227790E+2 2.234110E+2 2.699660E+2 5.346390E+1 1.771590E+1 1.103840E+0
 1.217010E+3 3.008860E+2 3.841780E+2 8.457750E+1 3.177110E+1 2.778300E+0
 1.603040E+3 3.962950E+2 5.350040E+2 1.247700E+2 5.427750E+1 6.338440E+0
 2.114500E+3 5.178780E+2 7.310690E+2 1.758360E+2 8.801000E+1 1.301400E+1
 2.871480E+3 6.687240E+2 9.965350E+2 2.388680E+2 1.357330E+2 2.413220E+1
 3.631260E+3 8.378250E+2 1.305810E+3 3.108080E+2 2.002230E+2 4.037580E+1
 4.622520E+3 1.026960E+3 1.699790E+3 3.905520E+2 2.838930E+2 6.141210E+1
 5.837290E+3 1.265980E+3 2.179750E+3 4.896770E+2 3.930430E+2 8.843320E+1
 8.482680E+3 1.598130E+3 3.142220E+3 6.237690E+2 5.608440E+2 1.233190E+2
 1.068510E+1 1.041210E+0 3.089620E-1 8.632190E-4 8.059960E-3 2.595390E-6
 1.645640E+1 2.100110E+0 5.488320E-1 2.400900E-3 1.287420E-2 6.564830E-6
 2.474320E+1 3.902340E+0 9.936300E-1 6.767970E-3 2.185210E-2 1.764060E-5
 3.681170E+1 6.560950E+0 1.838800E+0 1.949660E-2 3.899760E-2 4.979910E-5
 5.366390E+1 1.079830E+1 3.446630E+0 5.678360E-2 7.241380E-2 1.460940E-4
 7.784070E+1 1.642960E+1 6.467710E+0 1.633470E-1 1.385070E-1 4.407560E-4
 1.125590E+2 2.468890E+1 1.203510E+1 4.579360E-1 2.702850E-1 1.351770E-3
 1.592720E+2 3.562340E+1 2.179040E+1 1.212820E+0 5.340440E-1 4.180670E-3
 2.250370E+2 5.095550E+1 3.831780E+1 3.036850E+0 1.063770E+0 1.297540E-2
 3.157630E+2 7.248680E+1 6.432080E+1 6.907890E+0 2.117110E+0 3.991250E-2
 4.369520E+2 1.032130E+2 1.035140E+2 1.439120E+1 4.175650E+0 1.199580E-1
 5.978500E+2 1.436290E+2 1.594910E+2 2.725370E+1 8.081680E+0 3.474290E-1
 8.048950E+2 1.964890E+2 2.356250E+2 4.676790E+1 1.517090E+1 9.477800E-1
 1.083410E+3 2.634220E+2 3.365840E+2 7.354530E+1 2.712600E+1 2.369880E+0
 1.421180E+3 3.455310E+2 4.663510E+2 1.081060E+2 4.622850E+1 5.387020E+0
 1.863850E+3 4.481540E+2 6.355650E+2 1.518530E+2 7.518000E+1 1.114870E+1
 2.518150E+3 5.724420E+2 8.686770E+2 2.041740E+2 1.160460E+2 2.048570E+1
 3.161990E+3 7.105460E+2 1.125560E+3 2.633430E+2 1.699080E+2 3.410110E+1
 3.993170E+3 8.815640E+2 1.461300E+3 3.350000E+2 2.420980E+2 5.236860E+1
 5.366660E+3 1.077170E+3 1.958670E+3 4.158420E+2 3.362630E+2 7.466790E+1
 7.274460E+3 1.345470E+3 2.678280E+3 5.249830E+2 4.735740E+2 1.036250E+2
 1.004680E+1 9.964030E-1 2.927280E-1 8.188080E-4 8.275870E-3 2.664920E-6
 1.532310E+1 1.965620E+0 5.099930E-1 2.242600E-3 1.270760E-2 6.479830E-6
 2.291940E+1 3.624160E+0 9.126380E-1 6.249790E-3 2.084470E-2 1.682840E-5
 3.369910E+1 6.223490E+0 1.661020E+0 1.766420E-2 3.616780E-2 4.619460E-5
 4.953440E+1 1.008190E+1 3.067070E+0 5.051980E-2 6.566490E-2 1.325260E-4
 7.064220E+1 1.515630E+1 5.713180E+0 1.443170E-1 1.234430E-1 3.930100E-4
 1.018400E+2 2.242010E+1 1.057240E+1 4.017810E-1 2.379330E-1 1.191590E-3
 1.441630E+2 3.244090E+1 1.908890E+1 1.066820E+0 4.653850E-1 3.647100E-3
 2.028830E+2 4.607700E+1 3.341180E+1 2.648820E+0 9.180180E-1 1.119890E-2
 2.833750E+2 6.576990E+1 5.623160E+1 6.066460E+0 1.816670E+0 3.427980E-2
 3.905360E+2 9.184830E+1 9.044850E+1 1.264040E+1 3.564630E+0 1.025700E-1
 5.322500E+2 1.268390E+2 1.388630E+2 2.373410E+1 6.877330E+0 2.956830E-1
 7.115180E+2 1.718860E+2 2.042450E+2 4.055480E+1 1.286490E+1 8.043170E-1
 9.488730E+2 2.309300E+2 2.922410E+2 6.414040E+1 2.307110E+1 2.024710E+0
 1.241670E+3 3.011690E+2 4.047400E+2 9.390690E+1 3.941370E+1 4.612920E+0
 1.629030E+3 3.857300E+2 5.481800E+2 1.302310E+2 6.358650E+1 9.412640E+0
 2.140900E+3 4.891170E+2 7.464090E+2 1.741010E+2 9.789630E+1 1.729990E+1
 3.075450E+3 6.372220E+2 1.062570E+3 2.346130E+2 1.493680E+2 2.959860E+1
 3.476380E+3 7.432830E+2 1.262180E+3 2.820990E+2 2.046480E+2 4.392260E+1
 4.465040E+3 9.027750E+2 1.629930E+3 3.485480E+2 2.820920E+2 6.250300E+1
 6.204390E+3 1.124760E+3 2.272390E+3 4.387050E+2 3.974410E+2 8.645080E+1
 9.259270E+0 9.273140E-1 2.806360E-1 7.857080E-4 8.820120E-3 2.840360E-6
 1.433700E+1 1.902630E+0 4.733710E-1 2.084960E-3 1.288480E-2 6.571310E-6
 2.142560E+1 3.466950E+0 8.313330E-1 5.736710E-3 2.020220E-2 1.631050E-5
 3.120870E+1 5.809280E+0 1.487190E+0 1.587600E-2 3.374200E-2 4.310090E-5
 4.487480E+1 9.183240E+0 2.700840E+0 4.448880E-2 5.939080E-2 1.199080E-4
 6.434480E+1 1.431400E+1 4.963840E+0 1.255480E-1 1.089650E-1 3.470740E-4
 9.039390E+1 2.052500E+1 9.061400E+0 3.453050E-1 2.061410E-1 1.033160E-3
 1.272350E+2 2.920220E+1 1.633280E+1 9.159120E-1 3.980610E-1 3.125930E-3
 1.789990E+2 4.137380E+1 2.854650E+1 2.270470E+0 7.762330E-1 9.480100E-3
 2.468180E+2 5.741860E+1 4.773660E+1 5.183630E+0 1.521100E+0 2.870360E-2
 3.410130E+2 7.972340E+1 7.666010E+1 1.070930E+1 2.962740E+0 8.524720E-2
 4.561090E+2 1.087470E+2 1.169730E+2 2.006700E+1 5.676150E+0 2.442740E-1
 6.154950E+2 1.477270E+2 1.731580E+2 3.435430E+1 1.056560E+1 6.605700E-1
 8.082970E+2 1.934160E+2 2.448910E+2 5.341860E+1 1.895280E+1 1.662110E+0
 1.058390E+3 2.515160E+2 3.401470E+2 7.794450E+1 3.220430E+1 3.762350E+0
 1.375700E+3 3.206400E+2 4.597460E+2 1.079130E+2 5.209820E+1 7.711120E+0
 2.011090E+3 4.237920E+2 6.669620E+2 1.496960E+2 8.237490E+1 1.448480E+1
 2.363150E+3 4.957660E+2 8.229480E+2 1.828740E+2 1.179370E+2 2.331070E+1
 2.926080E+3 6.054860E+2 1.051440E+3 2.295190E+2 1.666690E+2 3.557360E+1
 3.700430E+3 7.369480E+2 1.347670E+3 2.843730E+2 2.306360E+2 5.082050E+1
 5.128510E+3 9.066740E+2 1.862060E+3 3.534970E+2 3.214580E+2 6.956850E+1
 8.798810E+0 8.993410E-1 2.764590E-1 7.745490E-4 9.741840E-3 3.137250E-6
 1.323990E+1 1.769780E+0 4.490350E-1 1.981180E-3 1.351800E-2 6.894810E-6
 1.953420E+1 3.184510E+0 7.661370E-1 5.302690E-3 2.018660E-2 1.629790E-5
 2.875080E+1 5.523940E+0 1.350020E+0 1.452300E-2 3.229550E-2 4.125950E-5
 4.058000E+1 8.512120E+0 2.407860E+0 3.976500E-2 5.486070E-2 1.107730E-4
 5.830440E+1 1.314440E+1 4.354260E+0 1.103600E-1 9.780380E-2 3.116380E-4
 8.123230E+1 1.853270E+1 7.863700E+0 2.995340E-1 1.809460E-1 9.073630E-4
 1.140210E+2 2.662830E+1 1.402530E+1 7.861170E-1 3.435550E-1 2.700770E-3
 1.573480E+2 3.604600E+1 2.429010E+1 1.933000E+0 6.621630E-1 8.104590E-3
 2.173410E+2 5.022340E+1 4.063840E+1 4.401810E+0 1.282140E+0 2.420910E-2
 2.934000E+2 6.801490E+1 6.479620E+1 9.042020E+0 2.476230E+0 7.126310E-2
 3.973690E+2 9.363870E+1 9.924300E+1 1.700700E+1 4.714650E+0 2.029930E-1
 5.280780E+2 1.249440E+2 1.457760E+2 2.883570E+1 8.743240E+0 5.479060E-1
 6.959830E+2 1.638910E+2 2.062960E+2 4.481010E+1 1.555570E+1 1.365040E+0
 9.105460E+2 2.102980E+2 2.847360E+2 6.488080E+1 2.643330E+1 3.092100E+0
 1.171350E+3 2.676560E+2 3.856050E+2 8.970960E+1 4.275620E+1 6.336850E+0
 1.528630E+3 3.331240E+2 5.143890E+2 1.181260E+2 6.559270E+1 1.157760E+1
 1.916450E+3 4.080250E+2 6.688270E+2 1.505720E+2 9.624850E+1 1.912900E+1
 2.449770E+3 4.974130E+2 8.692470E+2 1.884050E+2 1.365160E+2 2.906820E+1
 3.187020E+3 6.014870E+2 1.134380E+3 2.317950E+2 1.878200E+2 4.125950E+1
 4.231720E+3 7.331670E+2 1.525640E+3 2.857480E+2 2.606500E+2 5.614740E+1
 8.264920E+0 8.591730E-1 2.791200E-1 7.821320E-4 1.085930E-2 3.496810E-6
 1.251170E+1 1.705160E+0 4.382400E-1 1.934170E-3 1.443720E-2 7.364060E-6
 1.829950E+1 2.991740E+0 7.265300E-1 5.029900E-3 2.067300E-2 1.669130E-5
 2.672510E+1 5.259380E+0 1.256530E+0 1.358350E-2 3.183050E-2 4.066480E-5
 3.769590E+1 7.897190E+0 2.215040E+0 3.679290E-2 5.232320E-2 1.056530E-4
 5.342680E+1 1.196400E+1 3.939180E+0 9.966010E-2 9.082600E-2 2.894500E-4
 7.485510E+1 1.739180E+1 7.038070E+0 2.684940E-1 1.644920E-1 8.251470E-4
 1.037230E+2 2.383540E+1 1.244840E+1 6.973760E-1 3.072870E-1 2.416630E-3
 1.424280E+2 3.295140E+1 2.146910E+1 1.711940E+0 5.852730E-1 7.171590E-3
 1.957900E+2 4.508710E+1 3.565810E+1 3.868370E+0 1.122780E+0 2.122620E-2
 2.628770E+2 6.056950E+1 5.669540E+1 7.931900E+0 2.151060E+0 6.193840E-2
 3.523060E+2 8.156390E+1 8.640550E+1 1.473650E+1 4.066950E+0 1.749960E-1
 4.659580E+2 1.089440E+2 1.265460E+2 2.495170E+1 7.500310E+0 4.694770E-1
 6.102050E+2 1.414350E+2 1.788590E+2 3.859770E+1 1.332710E+1 1.169730E+0
 7.897600E+2 1.809350E+2 2.458630E+2 5.566340E+1 2.254080E+1 2.636230E+0
 1.019510E+3 2.289750E+2 3.324340E+2 7.659580E+1 3.631330E+1 5.373070E+0
 1.454650E+3 2.952010E+2 4.707100E+2 1.039730E+2 5.684260E+1 9.984040E+0
 1.686790E+3 3.480020E+2 5.797340E+2 1.281740E+2 8.168420E+1 1.619830E+1
 2.141720E+3 4.233010E+2 7.552770E+2 1.601190E+2 1.159890E+2 2.462070E+1
 2.651080E+3 5.073490E+2 9.551700E+2 1.955380E+2 1.592190E+2 3.476580E+1
 3.623100E+3 6.175230E+2 1.298620E+3 2.406120E+2 2.199660E+2 4.723620E+1
 7.757970E+0 8.008530E-1 2.883490E-1 8.082920E-4 1.251010E-2 4.027970E-6
 1.167460E+1 1.579810E+0 4.356210E-1 1.923580E-3 1.588570E-2 8.103310E-6
 1.720130E+1 2.896070E+0 6.988140E-1 4.843350E-3 2.173390E-2 1.754960E-5
 2.462060E+1 4.802000E+0 1.177280E+0 1.273550E-2 3.206240E-2 4.096130E-5
 3.531880E+1 7.585670E+0 2.045950E+0 3.419260E-2 5.074910E-2 1.024810E-4
 4.921610E+1 1.113150E+1 3.585150E+0 9.095880E-2 8.536700E-2 2.720910E-4
 6.885990E+1 1.593900E+1 6.319220E+0 2.412210E-1 1.507700E-1 7.564530E-4
 9.395130E+1 2.221920E+1 1.102970E+1 6.199210E-1 2.760930E-1 2.172090E-3
 1.281690E+2 2.981130E+1 1.891220E+1 1.508130E+0 5.181730E-1 6.354750E-3
 1.754190E+2 4.015220E+1 3.126880E+1 3.393550E+0 9.837510E-1 1.862490E-2
 2.352530E+2 5.400110E+1 4.948000E+1 6.930540E+0 1.866120E+0 5.376270E-2
 3.138660E+2 7.185550E+1 7.522180E+1 1.283920E+1 3.503470E+0 1.509470E-1
 4.077920E+2 9.476380E+1 1.096540E+2 2.156020E+1 6.420910E+0 4.020890E-1
 5.339610E+2 1.223840E+2 1.542140E+2 3.317000E+1 1.133780E+1 9.936940E-1
 6.909390E+2 1.558680E+2 2.119650E+2 4.777030E+1 1.915610E+1 2.240490E+0
 8.877470E+2 1.944650E+2 2.846980E+2 6.493270E+1 3.074990E+1 4.539230E+0
 1.139120E+3 2.412630E+2 3.774680E+2 8.529190E+1 4.705240E+1 8.279470E+0
 1.450380E+3 2.941400E+2 4.955740E+2 1.082220E+2 6.900270E+1 1.363100E+1
 1.979690E+3 3.633110E+2 6.744100E+2 1.370470E+2 9.930380E+1 2.087720E+1
 2.468000E+3 4.341700E+2 8.618560E+2 1.669540E+2 1.366630E+2 2.946330E+1
 3.087960E+3 5.162500E+2 1.097480E+3 2.010920E+2 1.841480E+2 3.943620E+1
 7.490540E+0 7.893950E-1 3.094180E-1 8.670690E-4 1.553890E-2 5.003010E-6
 1.120640E+1 1.540920E+0 4.452030E-1 1.966640E-3 1.854470E-2 9.457870E-6
 1.609120E+1 2.692130E+0 6.838910E-1 4.742620E-3 2.393870E-2 1.933250E-5
 2.295310E+1 4.562980E+0 1.110310E+0 1.202930E-2 3.341760E-2 4.269370E-5
 3.231880E+1 6.945750E+0 1.879630E+0 3.155920E-2 5.032440E-2 1.016270E-4
 4.502770E+1 1.009900E+1 3.245270E+0 8.290350E-2 8.112930E-2 2.585960E-4
 6.148000E+1 1.415140E+1 5.616710E+0 2.148390E-1 1.383990E-1 6.945770E-4
 8.455790E+1 1.950780E+1 9.655510E+0 5.410840E-1 2.466180E-1 1.940910E-3
 1.141410E+2 2.613360E+1 1.631380E+1 1.296140E+0 4.530180E-1 5.558540E-3
 1.520550E+2 3.466930E+1 2.669940E+1 2.888430E+0 8.466870E-1 1.605090E-2
 2.039700E+2 4.644940E+1 4.212480E+1 5.884210E+0 1.587570E+0 4.582680E-2
 2.699060E+2 6.139110E+1 6.350610E+1 1.080640E+1 2.945970E+0 1.268400E-1
 3.544760E+2 8.007490E+1 9.228710E+1 1.807120E+1 5.354870E+0 3.351510E-1
 4.590420E+2 1.028010E+2 1.296820E+2 2.770530E+1 9.403460E+0 8.242260E-1
 5.833070E+2 1.296210E+2 1.772180E+2 3.958760E+1 1.579360E+1 1.847410E+0
 7.501100E+2 1.615370E+2 2.381360E+2 5.376490E+1 2.527470E+1 3.731230E+0
 9.787800E+2 1.989920E+2 3.174100E+2 7.017130E+1 3.860120E+1 6.780350E+0
 1.226220E+3 2.410710E+2 4.117540E+2 8.856340E+1 5.630400E+1 1.111560E+1
 1.640640E+3 2.951950E+2 5.529810E+2 1.112870E+2 8.065360E+1 1.693930E+1
 1.925810E+3 3.479830E+2 6.779660E+2 1.339150E+2 1.093920E+2 2.369520E+1
 2.550360E+3 4.174970E+2 8.983560E+2 1.625750E+2 1.492250E+2 3.185850E+1
 7.190020E+0 7.700100E-1 3.436960E-1 9.622010E-4 2.104210E-2 6.774020E-6
 1.067650E+1 1.483420E+0 4.705420E-1 2.077570E-3 2.292000E-2 1.168890E-5
 1.512000E+1 2.570000E+0 6.893430E-1 4.784190E-3 2.761640E-2 2.230140E-5
 2.129760E+1 4.173080E+0 1.073620E+0 1.163910E-2 3.626330E-2 4.633150E-5
 2.977820E+1 6.424500E+0 1.756160E+0 2.950350E-2 5.165960E-2 1.043340E-4
 4.078010E+1 9.343300E+0 2.963490E+0 7.618880E-2 7.934990E-2 2.529300E-4
 5.582170E+1 1.314110E+1 5.062610E+0 1.949110E-1 1.300420E-1 6.527100E-4
 7.498520E+1 1.737410E+1 8.546080E+0 4.791720E-1 2.244050E-1 1.766630E-3
 1.013650E+2 2.324100E+1 1.426060E+1 1.135350E+0 4.019600E-1 4.934260E-3
 1.340420E+2 3.042040E+1 2.307450E+1 2.491930E+0 7.368100E-1 1.397380E-2
 1.788210E+2 4.021490E+1 3.606650E+1 5.031630E+0 1.362440E+0 3.938070E-2
 2.329910E+2 5.248250E+1 5.402630E+1 9.183560E+0 2.501800E+0 1.079900E-1
 3.023830E+2 6.790630E+1 7.809380E+1 1.524000E+1 4.501910E+0 2.818810E-1
 3.935970E+2 8.623580E+1 1.091930E+2 2.314130E+1 7.839790E+0 6.864880E-1
 5.044820E+2 1.084570E+2 1.490720E+2 3.298010E+1 1.310040E+1 1.530700E+0
 6.352120E+2 1.335660E+2 1.985430E+2 4.434830E+1 2.083220E+1 3.066970E+0
 8.229120E+2 1.636730E+2 2.623320E+2 5.767860E+1 3.169350E+1 5.561140E+0
 1.095470E+3 2.013470E+2 3.539380E+2 7.370670E+1 4.668720E+1 9.164040E+0
 1.275410E+3 2.370350E+2 4.368810E+2 8.948750E+1 6.500170E+1 1.367120E+1
 1.606310E+3 2.826170E+2 5.605050E+2 1.087120E+2 8.909080E+1 1.921450E+1
 2.125350E+3 3.386750E+2 7.388420E+2 1.318310E+2 1.211970E+2 2.581330E+1
 7.190840E+0 7.634160E-1 3.847060E-1 1.077490E-3 3.253520E-2 1.046240E-5
 1.041930E+1 1.450040E+0 5.054710E-1 2.231980E-3 2.938950E-2 1.498620E-5
 1.469030E+1 2.535490E+0 7.102670E-1 4.924510E-3 3.251490E-2 2.625540E-5
 2.047910E+1 4.049700E+0 1.066550E+0 1.156490E-2 4.016830E-2 5.132020E-5
 2.803680E+1 6.177790E+0 1.689640E+0 2.838140E-2 5.435750E-2 1.097840E-4
 3.832280E+1 8.688550E+0 2.784760E+0 7.161540E-2 7.986340E-2 2.545930E-4
 5.192290E+1 1.199630E+1 4.677740E+0 1.808330E-1 1.260780E-1 6.327860E-4
 6.950450E+1 1.601670E+1 7.821040E+0 4.407920E-1 2.110670E-1 1.661920E-3
 9.159980E+1 2.080210E+1 1.283990E+1 1.021050E+0 3.691010E-1 4.532370E-3
 1.217350E+2 2.718000E+1 2.056790E+1 2.215090E+0 6.643650E-1 1.260460E-2
 1.601800E+2 3.570640E+1 3.190910E+1 4.445870E+0 1.211170E+0 3.502550E-2
 2.088460E+2 4.640890E+1 4.759590E+1 8.063940E+0 2.202610E+0 9.518140E-2
 2.689560E+2 5.928160E+1 6.829670E+1 1.325390E+1 3.931110E+0 2.464150E-1
 3.440490E+2 7.509350E+1 9.510400E+1 2.010230E+1 6.801480E+0 5.957310E-1
 4.513810E+2 9.415190E+1 1.299350E+2 2.852580E+1 1.129270E+1 1.319900E+0
 5.650240E+2 1.155350E+2 1.723300E+2 3.829320E+1 1.792240E+1 2.643600E+0
 7.153810E+2 1.405660E+2 2.267040E+2 4.946000E+1 2.711510E+1 4.755710E+0
 9.136230E+2 1.691910E+2 2.964720E+2 6.198820E+1 3.934760E+1 7.740540E+0
 1.127680E+3 2.017320E+2 3.783130E+2 7.608350E+1 5.530440E+1 1.160470E+1
 1.430180E+3 2.400000E+2 4.854550E+2 9.224120E+1 7.549980E+1 1.629600E+1
 1.813550E+3 2.856390E+2 6.275490E+2 1.111700E+2 1.024530E+2 2.175290E+1
 7.126780E+0 7.450220E-1 4.437420E-1 1.240590E-3 0.000000E+6 0.000000E+6
 1.023250E+1 1.413690E+0 5.591960E-1 2.469110E-3 4.786120E-2 2.439590E-5
 1.424660E+1 2.431220E+0 7.526650E-1 5.223430E-3 4.181860E-2 3.376610E-5
 1.971470E+1 3.902050E+0 1.082990E+0 1.174590E-2 4.687250E-2 5.988770E-5
 2.669600E+1 5.795410E+0 1.655150E+0 2.783360E-2 5.934760E-2 1.198840E-4
 3.594540E+1 8.159520E+0 2.645320E+0 6.807390E-2 8.262280E-2 2.633830E-4
 4.844750E+1 1.109840E+1 4.345550E+0 1.683230E-1 1.247600E-1 6.262740E-4
 6.376270E+1 1.461490E+1 7.170720E+0 4.063470E-1 2.014600E-1 1.586480E-3
 8.486700E+1 1.903730E+1 1.165400E+1 9.308170E-1 3.424920E-1 4.206090E-3
 1.107060E+2 2.458620E+1 1.843250E+1 1.987230E+0 6.027890E-1 1.144010E-2
 1.442200E+2 3.159620E+1 2.824050E+1 3.915160E+0 1.080420E+0 3.126000E-2
 1.853430E+2 4.066890E+1 4.181070E+1 7.054450E+0 1.943360E+0 8.406790E-2
 2.387490E+2 5.167930E+1 5.965850E+1 1.150340E+1 3.429110E+0 2.151390E-1
 3.025090E+2 6.506630E+1 8.266960E+1 1.737360E+1 5.886580E+0 5.159450E-1
 3.990470E+2 8.107950E+1 1.126010E+2 2.449510E+1 9.707590E+0 1.133780E+0
 4.923920E+2 9.898810E+1 1.485870E+2 3.274530E+1 1.532490E+1 2.256240E+0
 6.540570E+2 1.216320E+2 1.997520E+2 4.262940E+1 2.324410E+1 4.067750E+0
 8.138920E+2 1.452310E+2 2.578050E+2 5.311950E+1 3.365210E+1 6.603220E+0
 9.567800E+2 1.706970E+2 3.212660E+2 6.436810E+1 4.681150E+1 9.802570E+0
 1.249390E+3 2.039900E+2 4.205180E+2 7.832490E+1 6.442400E+1 1.377880E+1
 1.542290E+3 2.401680E+2 5.305510E+2 9.345870E+1 8.619320E+1 1.828470E+1
 7.485510E+0 7.830400E-1 5.544440E-1 1.550720E-3 0.000000E+6 0.000000E+6
 1.029010E+1 1.414920E+0 6.559070E-1 2.891820E-3 0.000000E+6 0.000000E+6
 1.408370E+1 2.392800E+0 8.359280E-1 5.798160E-3 9.622540E-2 7.762560E-5
 1.908870E+1 3.776240E+0 1.140190E+0 1.237120E-2 6.421440E-2 8.203150E-5
 2.559750E+1 5.508400E+0 1.659250E+0 2.790650E-2 7.062740E-2 1.426460E-4
 3.383420E+1 7.657110E+0 2.547430E+0 6.562990E-2 9.021100E-2 2.875940E-4
 4.495560E+1 1.030300E+1 4.051520E+0 1.570990E-1 1.276330E-1 6.407530E-4
 5.867140E+1 1.328960E+1 6.532510E+0 3.715960E-1 1.958170E-1 1.542030E-3
 7.630090E+1 1.710350E+1 1.045620E+1 8.396330E-1 3.197370E-1 3.927020E-3
 9.922190E+1 2.187760E+1 1.633910E+1 1.772530E+0 5.454790E-1 1.035600E-2
 1.278150E+2 2.768680E+1 2.469200E+1 3.422030E+0 9.545970E-1 2.763240E-2
 1.648030E+2 3.518060E+1 3.613420E+1 6.071460E+0 1.682730E+0 7.279360E-2
 2.087500E+2 4.421570E+1 5.111780E+1 9.826840E+0 2.942290E+0 1.849620E-1
 2.678420E+2 5.527510E+1 7.054080E+1 1.471630E+1 5.003470E+0 4.394660E-1
 3.302730E+2 6.782810E+1 9.456390E+1 2.053770E+1 8.182580E+0 9.570040E-1
 4.448640E+2 8.410470E+1 1.277860E+2 2.766930E+1 1.283980E+1 1.892810E+0
 5.532250E+2 1.006960E+2 1.663550E+2 3.526530E+1 1.924340E+1 3.365670E+0
 6.848270E+2 1.197700E+2 2.143560E+2 4.377660E+1 2.774420E+1 5.435210E+0
 8.298230E+2 1.404060E+2 2.694360E+2 5.287890E+1 3.849160E+1 8.048690E+0
 1.019850E+3 1.656330E+2 3.418450E+2 6.360980E+1 5.241690E+1 1.119960E+1
 1.285740E+3 1.955390E+2 4.368560E+2 7.607040E+1 7.030990E+1 1.487370E+1
 8.113410E+0 8.477180E-1 7.629500E-1 2.130720E-3 0.000000E+6 0.000000E+6
 1.084570E+1 1.465010E+0 8.185870E-1 3.603190E-3 0.000000E+6 0.000000E+6
 1.449860E+1 2.442810E+0 9.714010E-1 6.737100E-3 0.000000E+6 0.000000E+6
 1.919180E+1 3.763630E+0 1.247850E+0 1.353600E-2 0.000000E+6 0.000000E+6
 2.507370E+1 5.295570E+0 1.723400E+0 2.898990E-2 1.013720E-1 2.047260E-4
 3.272120E+1 7.376090E+0 2.523370E+0 6.502980E-2 1.071020E-1 3.414850E-4
 4.263890E+1 9.626950E+0 3.862500E+0 1.498230E-1 1.375860E-1 6.906990E-4
 5.480580E+1 1.240540E+1 6.048550E+0 3.442150E-1 1.974810E-1 1.555130E-3
 7.049650E+1 1.548250E+1 9.469100E+0 7.621260E-1 3.068320E-1 3.768630E-3
 9.054800E+1 1.945600E+1 1.458230E+1 1.586000E+0 5.041460E-1 9.573290E-3
 1.151840E+2 2.437710E+1 2.178990E+1 3.029670E+0 8.575140E-1 2.483070E-2
 1.462380E+2 3.067390E+1 3.154900E+1 5.304020E+0 1.479260E+0 6.402740E-2
 1.840170E+2 3.816250E+1 4.416480E+1 8.467790E+0 2.539180E+0 1.596280E-1
 2.340890E+2 4.715440E+1 6.028150E+1 1.251930E+1 4.261620E+0 3.744790E-1
 2.916400E+2 5.749200E+1 8.064760E+1 1.734980E+1 6.903580E+0 8.079550E-1
 3.652550E+2 6.938090E+1 1.059250E+2 2.288660E+1 1.073660E+1 1.582060E+0
 4.688970E+2 8.380260E+1 1.391950E+2 2.933450E+1 1.602840E+1 2.803140E+0
 5.781660E+2 9.908090E+1 1.786000E+2 3.620020E+1 2.298400E+1 4.500890E+0
 6.870310E+2 1.158090E+2 2.236250E+2 4.361080E+1 3.179950E+1 6.633730E+0
 8.735780E+2 1.367010E+2 2.866260E+2 5.245830E+1 4.325920E+1 9.224370E+0
 1.069940E+3 1.599610E+2 3.599130E+2 6.221970E+1 5.753640E+1 1.216780E+1
 9.118770E+0 9.668880E-1 1.269410E+0 3.526180E-3 0.000000E+6 0.000000E+6
 1.182480E+1 1.617140E+0 1.070690E+0 4.711500E-3 0.000000E+6 0.000000E+6
 1.544190E+1 2.593520E+0 1.156670E+0 8.010510E-3 0.000000E+6 0.000000E+6
 2.003410E+1 3.931510E+0 1.396330E+0 1.514560E-2 0.000000E+6 0.000000E+6
 2.558290E+1 5.442940E+0 1.830000E+0 3.078520E-2 0.000000E+6 0.000000E+6
 3.262670E+1 7.326910E+0 2.568620E+0 6.622700E-2 1.469020E-1 4.683550E-4
 4.157570E+1 9.327680E+0 3.791810E+0 1.471800E-1 1.565180E-1 7.858680E-4
 5.306440E+1 1.185200E+1 5.769270E+0 3.284990E-1 2.066860E-1 1.627700E-3
 6.729360E+1 1.454360E+1 8.841730E+0 7.128930E-1 3.044120E-1 3.739240E-3
 8.543540E+1 1.803930E+1 1.340800E+1 1.462990E+0 4.816480E-1 9.145940E-3
 1.074440E+2 2.231720E+1 1.981500E+1 2.766550E+0 7.967400E-1 2.307360E-2
 1.350410E+2 2.762620E+1 2.837640E+1 4.773400E+0 1.346050E+0 5.827470E-2
 1.680540E+2 3.405720E+1 3.941880E+1 7.558430E+0 2.274130E+0 1.430000E-1
 2.093950E+2 4.164130E+1 5.338060E+1 1.106450E+1 3.772340E+0 3.315070E-1
 2.627130E+2 5.040270E+1 7.092270E+1 1.520930E+1 6.056910E+0 7.094030E-1
 3.244070E+2 6.031310E+1 9.257470E+1 1.989100E+1 9.351230E+0 1.378640E+0
 4.014140E+2 7.152520E+1 1.193440E+2 2.509180E+1 1.382260E+1 2.415520E+0
 4.988020E+2 8.491150E+1 1.533610E+2 3.104490E+1 1.977100E+1 3.868880E+0
 6.044800E+2 9.952070E+1 1.935060E+2 3.746680E+1 2.734100E+1 5.701140E+0
 7.582220E+2 1.169270E+2 2.468730E+2 4.486020E+1 3.703690E+1 7.887960E+0
 9.267560E+2 1.361310E+2 3.084870E+2 5.294220E+1 4.902370E+1 1.035200E+1
 1.029670E+1 1.148500E+0 0.000000E+6 0.000000E+6 0.000000E+6 0.000000E+6
 1.353110E+1 1.914740E+0 2.010130E+0 8.838610E-3 0.000000E+6 0.000000E+6
 1.703390E+1 2.906920E+0 1.532280E+0 1.060020E-2 0.000000E+6 0.000000E+6
 2.155540E+1 4.248980E+0 1.655110E+0 1.792720E-2 0.000000E+6 0.000000E+6
 2.687430E+1 5.764750E+0 2.024230E+0 3.404960E-2 0.000000E+6 0.000000E+6
 3.366010E+1 7.512350E+0 2.689470E+0 6.932020E-2 0.000000E+6 0.000000E+6
 4.199810E+1 9.287970E+0 3.803830E+0 1.475060E-1 2.209180E-1 1.109060E-3
 5.235100E+1 1.150470E+1 5.593470E+0 3.185120E-1 2.321230E-1 1.828220E-3
 6.523260E+1 1.397650E+1 8.345260E+0 6.725010E-1 3.130460E-1 3.845260E-3
 8.124170E+1 1.686270E+1 1.239310E+1 1.352350E+0 4.698300E-1 8.921550E-3
 1.011510E+2 2.063350E+1 1.805670E+1 2.524700E+0 7.497340E-1 2.171410E-2
 1.257450E+2 2.515940E+1 2.558710E+1 4.317280E+0 1.234520E+0 5.344620E-2
 1.557190E+2 3.062190E+1 3.522130E+1 6.758620E+0 2.046680E+0 1.287220E-1
 1.906520E+2 3.697550E+1 4.732190E+1 9.801450E+0 3.346180E+0 2.941910E-1
 2.371640E+2 4.436160E+1 6.245870E+1 1.335190E+1 5.314600E+0 6.225760E-1
 2.906110E+2 5.264950E+1 8.097410E+1 1.734900E+1 8.137690E+0 1.200040E+0
 3.645310E+2 6.257510E+1 1.047460E+2 2.188120E+1 1.197780E+1 2.095030E+0
 4.347610E+2 7.281060E+1 1.319930E+2 2.661290E+1 1.695560E+1 3.320480E+0
 5.408230E+2 8.554310E+1 1.685520E+2 3.215840E+1 2.342270E+1 4.878920E+0
 6.612980E+2 9.953710E+1 2.115560E+2 3.817640E+1 3.154090E+1 6.711850E+0
 8.042700E+2 1.156760E+2 2.642080E+2 4.497590E+1 4.168060E+1 8.791790E+0
 1.258370E+1 1.442490E+0 0.000000E+6 0.000000E+6 0.000000E+6 0.000000E+6
 1.559340E+1 2.291830E+0 0.000000E+6 0.000000E+6 0.000000E+6 0.000000E+6
 1.918880E+1 3.480110E+0 0.000000E+6 0.000000E+6 0.000000E+6 0.000000E+6
 2.416900E+1 4.819680E+0 2.408660E+0 2.603490E-2 0.000000E+6 0.000000E+6
 2.945370E+1 6.289810E+0 2.479580E+0 4.166330E-2 0.000000E+6 0.000000E+6
 3.579600E+1 7.951210E+0 3.002840E+0 7.742970E-2 0.000000E+6 0.000000E+6
 4.330830E+1 9.597370E+0 3.972150E+0 1.543970E-1 0.000000E+6 0.000000E+6
 5.270060E+1 1.141920E+1 5.552690E+0 3.163700E-1 4.609240E-1 3.631340E-3
 6.422590E+1 1.342930E+1 7.973180E+0 6.429950E-1 3.590770E-1 4.411520E-3
 7.859710E+1 1.590820E+1 1.148740E+1 1.252550E+0 4.782160E-1 9.081040E-3
 9.572130E+1 1.888840E+1 1.635850E+1 2.286160E+0 7.168890E-1 2.076360E-2
 1.169860E+2 2.263620E+1 2.280400E+1 3.848340E+0 1.134310E+0 4.910990E-2
 1.422620E+2 2.711530E+1 3.098220E+1 5.945260E+0 1.828430E+0 1.150240E-1
 1.737330E+2 3.234520E+1 4.123060E+1 8.525710E+0 2.931090E+0 2.577470E-1
 2.129540E+2 3.831600E+1 5.382410E+1 1.149610E+1 4.584240E+0 5.371540E-1
 2.572520E+2 4.505450E+1 6.927820E+1 1.479880E+1 6.938600E+0 1.023330E+0
 3.132050E+2 5.270740E+1 8.839730E+1 1.842270E+1 1.010350E+1 1.767560E+0
 3.815650E+2 6.153230E+1 1.123380E+2 2.244570E+1 1.425030E+1 2.789800E+0
 4.609880E+2 7.116960E+1 1.406330E+2 2.674270E+1 1.947990E+1 4.058250E+0
 5.576220E+2 8.242010E+1 1.759580E+2 3.160120E+1 2.610650E+1 5.554260E+0
 6.764610E+2 9.529900E+1 2.188470E+2 3.704400E+1 3.434200E+1 7.239290E+0
 1.544470E+1 1.810490E+0 0.000000E+6 0.000000E+6 0.000000E+6 0.000000E+6
 1.881820E+1 2.828420E+0 0.000000E+6 0.000000E+6 0.000000E+6 0.000000E+6
 2.239020E+1 4.082730E+0 0.000000E+6 0.000000E+6 0.000000E+6 0.000000E+6
 2.650530E+1 5.515740E+0 0.000000E+6 0.000000E+6 0.000000E+6 0.000000E+6
 3.255830E+1 6.963750E+0 4.113210E+0 6.900080E-2 0.000000E+6 0.000000E+6
 3.837330E+1 8.437520E+0 3.740850E+0 9.629140E-2 0.000000E+6 0.000000E+6
 4.518640E+1 9.907180E+0 4.420040E+0 1.715500E-1 0.000000E+6 0.000000E+6
 5.353740E+1 1.138340E+1 5.750890E+0 3.278860E-1 0.000000E+6 0.000000E+6
 6.358390E+1 1.301550E+1 7.856830E+0 6.344260E-1 0.000000E+6 0.000000E+6
 7.602270E+1 1.497510E+1 1.092140E+1 1.192990E+0 5.667810E-1 1.076430E-2
 9.074290E+1 1.746260E+1 1.512170E+1 2.113430E+0 7.237360E-1 2.096220E-2
 1.086050E+2 2.051550E+1 2.062750E+1 3.479090E+0 1.072350E+0 4.642970E-2
 1.309550E+2 2.416400E+1 2.756520E+1 5.283000E+0 1.664230E+0 1.047120E-1
 1.562870E+2 2.840050E+1 3.615320E+1 7.471510E+0 2.600370E+0 2.287290E-1
 1.889370E+2 3.323930E+1 4.671250E+1 9.955780E+0 3.993740E+0 4.680830E-1
 2.280230E+2 3.876190E+1 5.967700E+1 1.270990E+1 5.964730E+0 8.797810E-1
 2.710660E+2 4.475170E+1 7.511320E+1 1.563410E+1 8.587780E+0 1.502160E+0
 3.274490E+2 5.166110E+1 9.449700E+1 1.884190E+1 1.198470E+1 2.345860E+0
 3.941120E+2 5.960740E+1 1.182200E+2 2.238880E+1 1.631560E+1 3.397730E+0
 4.793250E+2 6.859810E+1 1.472810E+2 2.628790E+1 2.171260E+1 4.617830E+0
 5.751560E+2 7.881900E+1 1.821410E+2 3.062760E+1 2.840040E+1 5.982220E+0
 1.842060E+1 2.176850E+0 0.000000E+6 0.000000E+6 0.000000E+6 0.000000E+6
 2.191150E+1 3.335750E+0 0.000000E+6 0.000000E+6 0.000000E+6 0.000000E+6
 2.582100E+1 4.745460E+0 0.000000E+6 0.000000E+6 0.000000E+6 0.000000E+6
 2.972220E+1 6.183840E+0 0.000000E+6 0.000000E+6 0.000000E+6 0.000000E+6
 3.385480E+1 7.607300E+0 0.000000E+6 0.000000E+6 0.000000E+6 0.000000E+6
 4.092890E+1 8.926260E+0 6.624970E+0 1.700530E-1 0.000000E+6 0.000000E+6
 4.698480E+1 1.017590E+1 5.351380E+0 2.074060E-1 0.000000E+6 0.000000E+6
 5.443480E+1 1.142260E+1 6.254070E+0 3.566780E-1 0.000000E+6 0.000000E+6
 6.339090E+1 1.276070E+1 8.041110E+0 6.496330E-1 0.000000E+6 0.000000E+6
 7.420830E+1 1.442460E+1 1.071750E+1 1.170300E+0 0.000000E+6 0.000000E+6
 8.767940E+1 1.646990E+1 1.443740E+1 2.018650E+0 8.558420E-1 2.478920E-2
 1.034090E+2 1.903780E+1 1.924930E+1 3.243420E+0 1.068730E+0 4.627680E-2
 1.219380E+2 2.212140E+1 2.530910E+1 4.849300E+0 1.570750E+0 9.883060E-2
 1.450510E+2 2.568450E+1 3.275490E+1 6.756400E+0 2.384010E+0 2.097180E-1
 1.706620E+2 2.971160E+1 4.180280E+1 8.904830E+0 3.594090E+0 4.213270E-1
 2.036050E+2 3.425960E+1 5.279000E+1 1.123620E+1 5.294290E+0 7.811030E-1
 2.435890E+2 3.938240E+1 6.627340E+1 1.374810E+1 7.554190E+0 1.321160E+0
 2.897770E+2 4.505880E+1 8.244160E+1 1.642640E+1 1.044470E+1 2.045140E+0
 3.466670E+2 5.154080E+1 1.024480E+2 1.935490E+1 1.410270E+1 2.935880E+0
 4.140390E+2 5.889000E+1 1.264470E+2 2.256810E+1 1.864500E+1 3.963930E+0
 4.975110E+2 6.747680E+1 1.562980E+2 2.621760E+1 2.431870E+1 5.119640E+0
---