PdfType: central
Format: lhagrid1
---
 1.000000E-6 1.700000E-6 3.200000E-6 6.000000E-6 1.000000E-5 1.700000E-5 3.200000E-5 6.000000E-5 1.000000E-4 1.700000E-4 3.200000E-4 6.000000E-4 1.000000E-3 1.700000E-3 3.200000E-3 6.000000E-3 1.000000E-2 1.700000E-2 3.200000E-2 6.000000E-2 1.000000E-1
 3.162278E-1 3.981068E-1 5.011876E-1 6.309572E-1 7.943280E-1 1.000000E+0 1.258924E+0 1.584894E+0 1.995262E+0 2.511886E+0 3.162278E+0 3.981068E+0 5.011876E+0 6.309572E+0 7.943280E+0 1.000000E+1 1.258924E+1 1.584894E+1 1.995262E+1 2.511886E+1 3.162278E+1
900 901 917 918 920 921
 3.643470E+0 2.708150E-1 1.837810E-1 4.744350E-4 3.937150E-3 1.255460E-6
 5.476130E+0 5.339740E-1 3.214960E-1 1.302580E-3 7.391300E-3 3.712330E-6
 8.064260E+0 9.481090E-1 5.586020E-1 3.534810E-3 1.378100E-2 1.090070E-5
 1.172650E+1 1.579920E+0 9.672820E-1 9.511260E-3 2.550420E-2 3.173080E-5
 1.686230E+1 2.498650E+0 1.656280E+0 2.513170E-2 4.686250E-2 9.162030E-5
 2.419870E+1 3.815660E+0 2.807330E+0 6.507810E-2 8.568760E-2 2.633050E-4
 3.426360E+1 5.639300E+0 4.661520E+0 1.623110E-1 1.557140E-1 7.504980E-4
 4.815700E+1 8.249220E+0 7.561070E+0 3.875280E-1 2.807540E-1 2.115580E-3
 6.672380E+1 1.194570E+1 1.189370E+1 8.693160E-1 5.010660E-1 5.865840E-3
 9.130720E+1 1.730260E+1 1.803250E+1 1.811870E+0 8.813660E-1 1.591410E-2
 1.223530E+2 2.472100E+1 2.629230E+1 3.454420E+0 1.522300E+0 4.184390E-2
 1.607730E+2 3.467600E+1 3.684630E+1 6.014480E+0 2.563230E+0 1.053170E-1
 2.061990E+2 4.712880E+1 4.965760E+1 9.556170E+0 4.181780E+0 2.502110E-1
 2.593130E+2 6.200740E+1 6.482750E+1 1.402300E+1 6.545650E+0 5.511590E-1
 3.218830E+2 7.867160E+1 8.247130E+1 1.917810E+1 9.802090E+0 1.109950E+0
 3.900650E+2 9.646450E+1 1.020720E+2 2.475550E+1 1.394190E+1 2.019960E+0
 4.881640E+2 1.179800E+2 1.287690E+2 3.130050E+1 1.930630E+1 3.373550E+0
 5.726680E+2 1.356500E+2 1.530100E+2 3.686860E+1 2.509480E+1 5.007850E+0
 6.636120E+2 1.527900E+2 1.791210E+2 4.221110E+1 3.148770E+1 6.836240E+0
 7.607800E+2 1.691370E+2 2.070150E+2 4.724550E+1 3.839780E+1 8.709250E+0
 8.632410E+2 1.846880E+2 2.365960E+2 5.197480E+1 4.577660E+1 1.051510E+1
 3.473410E+0 2.666430E-1 1.622640E-1 4.223380E-4 3.211720E-3 1.030300E-6
 5.167710E+0 5.095300E-1 2.840360E-1 1.160770E-3 6.070670E-3 3.068210E-6
 7.537490E+0 9.098920E-1 4.948270E-1 3.159360E-3 1.139620E-2 9.068490E-6
 1.096170E+1 1.521940E+0 8.572710E-1 8.505620E-3 2.123720E-2 2.659170E-5
 1.570150E+1 2.388660E+0 1.471290E+0 2.250400E-2 3.924810E-2 7.720960E-5
 2.239320E+1 3.619730E+0 2.496230E+0 5.834520E-2 7.206650E-2 2.226820E-4
 3.154700E+1 5.304100E+0 4.149420E+0 1.458280E-1 1.314940E-1 6.371850E-4
 4.400460E+1 7.666610E+0 6.732650E+0 3.475350E-1 2.378800E-1 1.801220E-3
 6.066360E+1 1.098710E+1 1.058340E+1 7.799100E-1 4.260330E-1 5.015540E-3
 8.256060E+1 1.578040E+1 1.604750E+1 1.619250E+0 7.519420E-1 1.364110E-2
 1.103400E+2 2.240040E+1 2.338380E+1 3.090360E+0 1.302690E+0 3.598680E-2
 1.441200E+2 3.114930E+1 3.266040E+1 5.356290E+0 2.197280E+0 9.072480E-2
 1.841110E+2 4.212760E+1 4.392530E+1 8.489770E+0 3.586730E+0 2.157210E-1
 2.307300E+2 5.487890E+1 5.713440E+1 1.235890E+1 5.617520E+0 4.749530E-1
 2.838330E+2 6.929220E+1 7.233200E+1 1.684680E+1 8.419630E+0 9.580700E-1
 3.443510E+2 8.429590E+1 8.947890E+1 2.158630E+1 1.198320E+1 1.737390E+0
 4.262920E+2 1.020950E+2 1.118390E+2 2.705330E+1 1.652000E+1 2.890170E+0
 4.979920E+2 1.167230E+2 1.324320E+2 3.169790E+1 2.143720E+1 4.277770E+0
 5.747460E+2 1.307260E+2 1.544910E+2 3.609480E+1 2.684190E+1 5.818440E+0
 6.563050E+2 1.440200E+2 1.779350E+2 4.021380E+1 3.265910E+1 7.388520E+0
 7.424900E+2 1.565240E+2 2.027490E+2 4.403690E+1 3.885370E+1 8.888920E+0
 3.241390E+0 2.578000E-1 1.396320E-1 3.683350E-4 2.489210E-3 8.044170E-7
 4.791190E+0 4.857160E-1 2.443940E-1 1.007600E-3 4.750500E-3 2.418530E-6
 7.040750E+0 8.756390E-1 4.264810E-1 2.748990E-3 8.996030E-3 7.212030E-6
 1.012440E+1 1.446260E+0 7.406310E-1 7.426150E-3 1.690550E-2 2.132820E-5
 1.441380E+1 2.258090E+0 1.272950E+0 1.969360E-2 3.150510E-2 6.246730E-5
 2.031700E+1 3.356690E+0 2.162570E+0 5.105400E-2 5.821930E-2 1.811640E-4
 2.852430E+1 4.925610E+0 3.601960E+0 1.278580E-1 1.067270E-1 5.203170E-4
 3.957730E+1 7.024680E+0 5.850040E+0 3.051520E-1 1.941440E-1 1.479630E-3
 5.424410E+1 1.001240E+1 9.202710E+0 6.844270E-1 3.491240E-1 4.135840E-3
 7.334630E+1 1.420550E+1 1.394840E+1 1.422740E+0 6.189280E-1 1.130440E-2
 9.718740E+1 1.986960E+1 2.025450E+1 2.694540E+0 1.075380E+0 2.987340E-2
 1.262270E+2 2.742250E+1 2.823780E+1 4.660960E+0 1.820590E+0 7.561590E-2
 1.606210E+2 3.667930E+1 3.784150E+1 7.336320E+0 2.978120E+0 1.801040E-1
 1.997610E+2 4.733530E+1 4.896210E+1 1.060400E+1 4.664090E+0 3.960630E-1
 2.438840E+2 5.899700E+1 6.163120E+1 1.429450E+1 6.980120E+0 7.964540E-1
 3.000170E+2 7.241060E+1 7.713390E+1 1.848300E+1 1.001230E+1 1.457240E+0
 3.615590E+2 8.556150E+1 9.418450E+1 2.263740E+1 1.365330E+1 2.392000E+0
 4.203660E+2 9.716410E+1 1.110690E+2 2.635870E+1 1.768570E+1 3.529180E+0
 4.828080E+2 1.081070E+2 1.290440E+2 2.982750E+1 2.209270E+1 4.780220E+0
 5.487730E+2 1.183710E+2 1.480480E+2 3.303550E+1 2.681420E+1 6.044200E+0
 6.179800E+2 1.278780E+2 1.680160E+2 3.596510E+1 3.180750E+1 7.237840E+0
 3.035890E+0 2.473520E-1 1.194630E-1 3.197060E-4 1.902810E-3 6.196540E-7
 4.474180E+0 4.706640E-1 2.097670E-1 8.747170E-4 3.673780E-3 1.884330E-6
 6.551430E+0 8.429680E-1 3.667500E-1 2.388340E-3 7.027150E-3 5.674960E-6
 9.355720E+0 1.381380E+0 6.376330E-1 6.462080E-3 1.332650E-2 1.693550E-5
 1.324130E+1 2.133420E+0 1.099700E+0 1.719030E-2 2.505700E-2 5.006450E-5
 1.848540E+1 3.151280E+0 1.868260E+0 4.458440E-2 4.667300E-2 1.463490E-4
 2.578170E+1 4.547420E+0 3.118990E+0 1.116970E-1 8.610930E-2 4.227670E-4
 3.553410E+1 6.422200E+0 5.065290E+0 2.667010E-1 1.574500E-1 1.207520E-3
 4.843740E+1 9.055720E+0 7.970560E+0 5.977680E-1 2.845420E-1 3.391050E-3
 6.488550E+1 1.267980E+1 1.206140E+1 1.240050E+0 5.064970E-1 9.303870E-3
 8.553320E+1 1.764630E+1 1.749200E+1 2.347990E+0 8.836920E-1 2.471270E-2
 1.101500E+2 2.393350E+1 2.426250E+1 4.021730E+0 1.499100E+0 6.259170E-2
 1.394140E+2 3.181320E+1 3.244450E+1 6.310960E+0 2.458380E+0 1.494930E-1
 1.725030E+2 4.079350E+1 4.187230E+1 9.091400E+0 3.861280E+0 3.298250E-1
 2.095800E+2 5.041720E+1 5.245630E+1 1.217030E+1 5.777160E+0 6.625340E-1
 2.519440E+2 6.034880E+1 6.438720E+1 1.537740E+1 8.217780E+0 1.199060E+0
 3.060090E+2 7.147250E+1 7.910140E+1 1.887950E+1 1.124320E+1 1.972230E+0
 3.539020E+2 8.056710E+1 9.286470E+1 2.183210E+1 1.453230E+1 2.898940E+0
 4.047460E+2 8.907420E+1 1.074850E+2 2.455760E+1 1.811710E+1 3.912000E+0
 4.577290E+2 9.689390E+1 1.227840E+2 2.702720E+1 2.192880E+1 4.923420E+0
 5.130840E+2 1.040460E+2 1.387790E+2 2.925170E+1 2.593400E+1 5.868500E+0
 2.867890E+0 2.391560E-1 1.046040E-1 2.831880E-4 1.508230E-3 4.943610E-7
 4.238570E+0 4.599310E-1 1.847390E-1 7.790380E-4 2.946150E-3 1.520560E-6
 6.156810E+0 8.168990E-1 3.231040E-1 2.118110E-3 5.690490E-3 4.623490E-6
 8.759350E+0 1.321410E+0 5.625470E-1 5.740910E-3 1.088260E-2 1.391320E-5
 1.233320E+1 2.044030E+0 9.712260E-1 1.531670E-2 2.061970E-2 4.144680E-5
 1.714590E+1 2.977510E+0 1.653390E+0 3.974730E-2 3.869330E-2 1.220840E-4
 2.372520E+1 4.262920E+0 2.761760E+0 9.980720E-2 7.183670E-2 3.548240E-4
 3.252180E+1 5.980110E+0 4.490500E+0 2.381480E-1 1.319670E-1 1.017610E-3
 4.411560E+1 8.330060E+0 7.066640E+0 5.343690E-1 2.395600E-1 2.870390E-3
 5.875760E+1 1.156390E+1 1.068560E+1 1.104200E+0 4.280360E-1 7.900550E-3
 7.679990E+1 1.584220E+1 1.544330E+1 2.081020E+0 7.486780E-1 2.103170E-2
 9.857570E+1 2.148020E+1 2.142890E+1 3.571970E+0 1.275360E+0 5.351490E-2
 1.239900E+2 2.825540E+1 2.854400E+1 5.567150E+0 2.094670E+0 1.278820E-1
 1.527330E+2 3.590020E+1 3.670280E+1 7.962030E+0 3.291750E+0 2.819620E-1
 1.842920E+2 4.404040E+1 4.580020E+1 1.060030E+1 4.929730E+0 5.668790E-1
 2.221450E+2 5.262650E+1 5.623240E+1 1.337710E+1 7.017840E+0 1.026270E+0
 2.664290E+2 6.151430E+1 6.840640E+1 1.622610E+1 9.561830E+0 1.678730E+0
 3.068380E+2 6.894470E+1 8.003770E+1 1.866440E+1 1.234050E+1 2.460660E+0
 3.494520E+2 7.578150E+1 9.229090E+1 2.087880E+1 1.535140E+1 3.308920E+0
 3.938160E+2 8.198040E+1 1.050940E+2 2.285660E+1 1.854040E+1 4.148100E+0
 4.398810E+2 8.760710E+1 1.184090E+2 2.462220E+1 2.187810E+1 4.926300E+0
 2.722600E+0 2.331870E-1 9.049340E-2 2.475480E-4 1.163490E-3 3.840380E-7
 4.033940E+0 4.494490E-1 1.610070E-1 6.869980E-4 2.309880E-3 1.200140E-6
 5.781740E+0 7.854440E-1 2.826750E-1 1.871920E-3 4.517770E-3 3.694940E-6
 8.174310E+0 1.267880E+0 4.928180E-1 5.068550E-3 8.729710E-3 1.123250E-5
 1.146280E+1 1.942760E+0 8.530460E-1 1.355500E-2 1.669030E-2 3.375710E-5
 1.584250E+1 2.823120E+0 1.452250E+0 3.523850E-2 3.157680E-2 1.002560E-4
 2.175230E+1 3.985760E+0 2.427100E+0 8.845150E-2 5.907080E-2 2.936550E-4
 2.963500E+1 5.550990E+0 3.952110E+0 2.114330E-1 1.091720E-1 8.466230E-4
 3.986560E+1 7.627320E+0 6.223020E+0 4.740180E-1 1.991910E-1 2.400150E-3
 5.284000E+1 1.046090E+1 9.393290E+0 9.775980E-1 3.574560E-1 6.633520E-3
 6.895900E+1 1.425150E+1 1.357460E+1 1.839510E+0 6.277090E-1 1.772370E-2
 8.779280E+1 1.908420E+1 1.876900E+1 3.138090E+0 1.072330E+0 4.522060E-2
 1.095560E+2 2.482030E+1 2.491080E+1 4.857870E+0 1.768270E+0 1.084290E-1
 1.341000E+2 3.136020E+1 3.190270E+1 6.920230E+0 2.778000E+0 2.389180E-1
 1.613220E+2 3.821040E+1 3.968940E+1 9.164760E+0 4.161910E+0 4.800350E-1
 1.944300E+2 4.547670E+1 4.880580E+1 1.152980E+1 5.938550E+0 8.697960E-1
 2.302350E+2 5.244010E+1 5.864760E+1 1.381120E+1 8.047420E+0 1.414030E+0
 2.638990E+2 5.840040E+1 6.835450E+1 1.579310E+1 1.036850E+1 2.066190E+0
 2.991030E+2 6.381360E+1 7.852510E+1 1.756850E+1 1.287280E+1 2.768800E+0
 3.357310E+2 6.863340E+1 8.909700E+1 1.912560E+1 1.551010E+1 3.457020E+0
 3.735360E+2 7.295840E+1 1.000410E+2 2.049790E+1 1.825780E+1 4.089170E+0
 2.545140E+0 2.243420E-1 7.557100E-2 2.090580E-4 8.242710E-4 2.745860E-7
 3.734500E+0 4.286210E-1 1.354500E-1 5.857970E-4 1.684600E-3 8.828320E-7
 5.393340E+0 7.547190E-1 2.398070E-1 1.610070E-3 3.363960E-3 2.773490E-6
 7.589550E+0 1.216070E+0 4.190840E-1 4.356900E-3 6.605100E-3 8.565510E-6
 1.047390E+1 1.821300E+0 7.258790E-1 1.163400E-2 1.279170E-2 2.607250E-5
 1.437690E+1 2.636990E+0 1.239250E+0 3.036590E-2 2.447460E-2 7.829220E-5
 1.960980E+1 3.666740E+0 2.075910E+0 7.641700E-2 4.625490E-2 2.317210E-4
 2.643520E+1 5.029360E+0 3.379320E+0 1.825360E-1 8.624440E-2 6.740270E-4
 3.531630E+1 6.830640E+0 5.312740E+0 4.079090E-1 1.583850E-1 1.920820E-3
 4.649960E+1 9.262400E+0 8.017690E+0 8.402510E-1 2.859640E-1 5.341550E-3
 6.012490E+1 1.246380E+1 1.156360E+1 1.576590E+0 5.048820E-1 1.434550E-2
 7.612880E+1 1.648710E+1 1.593260E+1 2.671810E+0 8.653870E-1 3.668200E-2
 9.444030E+1 2.130610E+1 2.108840E+1 4.126210E+0 1.429690E+0 8.813210E-2
 1.147010E+2 2.656850E+1 2.689280E+1 5.828470E+0 2.257850E+0 1.951980E-1
 1.370710E+2 3.204360E+1 3.329260E+1 7.651450E+0 3.378460E+0 3.908930E-1
 1.640160E+2 3.776080E+1 4.066760E+1 9.545710E+0 4.815560E+0 7.070740E-1
 1.928840E+2 4.312060E+1 4.858210E+1 1.133440E+1 6.512440E+0 1.145240E+0
 2.198240E+2 4.764590E+1 5.637220E+1 1.286710E+1 8.374630E+0 1.667200E+0
 2.477860E+2 5.169070E+1 6.447340E+1 1.421740E+1 1.037330E+1 2.224940E+0
 2.766170E+2 5.521740E+1 7.284480E+1 1.537680E+1 1.246530E+1 2.765020E+0
 3.060410E+2 5.822050E+1 8.129020E+1 1.634980E+1 1.459760E+1 3.249810E+0
 2.398260E+0 2.175230E-1 6.258820E-2 1.752430E-4 5.487280E-4 1.846130E-7
 3.512270E+0 4.140630E-1 1.129880E-1 4.943240E-4 1.179520E-3 6.239490E-7
 4.995100E+0 7.214090E-1 2.018110E-1 1.375080E-3 2.434740E-3 2.025030E-6
 7.015670E+0 1.162380E+0 3.551200E-1 3.738510E-3 4.892090E-3 6.396850E-6
 9.583230E+0 1.724590E+0 6.155060E-1 9.967530E-3 9.640710E-3 1.980480E-5
 1.311710E+1 2.465670E+0 1.053160E+0 2.602990E-2 1.870250E-2 6.028890E-5
 1.768400E+1 3.395070E+0 1.764270E+0 6.549510E-2 3.576010E-2 1.805000E-4
 2.367690E+1 4.598710E+0 2.880380E+0 1.570780E-1 6.737110E-2 5.305640E-4
 3.129160E+1 6.151220E+0 4.527320E+0 3.512280E-1 1.248050E-1 1.524740E-3
 4.078830E+1 8.173550E+0 6.817270E+0 7.197370E-1 2.268040E-1 4.262900E-3
 5.234860E+1 1.085960E+1 9.813910E+0 1.343960E+0 4.028420E-1 1.151180E-2
 6.586010E+1 1.423700E+1 1.349160E+1 2.272590E+0 6.938850E-1 2.959090E-2
 8.107360E+1 1.815140E+1 1.775730E+1 3.480160E+0 1.149100E+0 7.119530E-2
 9.794660E+1 2.242410E+1 2.255650E+1 4.883770E+0 1.816760E+0 1.577170E-1
 1.161990E+2 2.672680E+1 2.778320E+1 6.351070E+0 2.721850E+0 3.159590E-1
 1.379520E+2 3.118550E+1 3.374800E+1 7.859140E+0 3.881580E+0 5.711540E-1
 1.611420E+2 3.527940E+1 4.007680E+1 9.253700E+0 5.239410E+0 9.220710E-1
 1.825530E+2 3.865680E+1 4.627020E+1 1.042420E+1 6.723890E+0 1.336920E+0
 2.046720E+2 4.162420E+1 5.269640E+1 1.143690E+1 8.309700E+0 1.776490E+0
 2.272770E+2 4.415170E+1 5.927500E+1 1.228650E+1 9.958140E+0 2.197340E+0
 2.500780E+2 4.626910E+1 6.585840E+1 1.298710E+1 1.162280E+1 2.571220E+0
 2.279540E+0 2.123160E-1 5.319220E-2 1.503570E-4 3.614780E-4 1.227070E-7
 3.318270E+0 3.991160E-1 9.679280E-2 4.273960E-4 8.369880E-4 4.464080E-7
 4.702960E+0 6.949470E-1 1.739780E-1 1.197080E-3 1.808150E-3 1.515540E-6
 6.546670E+0 1.094010E+0 3.083060E-1 3.283860E-3 3.741430E-3 4.927510E-6
 8.971260E+0 1.648970E+0 5.366280E-1 8.778410E-3 7.523680E-3 1.556180E-5
 1.213420E+1 2.320800E+0 9.191520E-1 2.290940E-2 1.481340E-2 4.806440E-5
 1.626460E+1 3.177740E+0 1.542100E+0 5.768720E-2 2.866100E-2 1.455720E-4
 2.157760E+1 4.245380E+0 2.516620E+0 1.382100E-1 5.453220E-2 4.321670E-4
 2.833450E+1 5.601090E+0 3.956780E+0 3.088780E-1 1.018950E-1 1.252540E-3
 3.674100E+1 7.409300E+0 5.957900E+0 6.330140E-1 1.864080E-1 3.523650E-3
 4.673690E+1 9.701830E+0 8.554330E+0 1.177640E+0 3.327600E-1 9.561890E-3
 5.839410E+1 1.254450E+1 1.172650E+1 1.978820E+0 5.755830E-1 2.466380E-2
 7.152810E+1 1.589470E+1 1.539750E+1 3.020410E+0 9.566650E-1 5.952600E-2
 8.575750E+1 1.942270E+1 1.946300E+1 4.204730E+0 1.515300E+0 1.319950E-1
 1.011090E+2 2.297540E+1 2.387650E+1 5.438200E+0 2.272070E+0 2.644790E-1
 1.194120E+2 2.657760E+1 2.887580E+1 6.679350E+0 3.238570E+0 4.773440E-1
 1.385620E+2 2.980860E+1 3.403720E+1 7.804570E+0 4.356790E+0 7.679760E-1
 1.564420E+2 3.244820E+1 3.924430E+1 8.738440E+0 5.593720E+0 1.110830E+0
 1.746240E+2 3.471030E+1 4.452460E+1 9.528430E+0 6.898160E+0 1.470510E+0
 1.929950E+2 3.662470E+1 4.985540E+1 1.018560E+1 8.242710E+0 1.813150E+0
 2.112600E+2 3.808830E+1 5.525390E+1 1.068610E+1 9.619280E+0 2.108080E+0
 2.154260E+0 2.041410E-1 4.437060E-2 1.267150E-4 2.009680E-4 6.891550E-8
 3.140940E+0 3.877830E-1 8.166440E-2 3.643770E-4 5.351340E-4 2.880850E-7
 4.452710E+0 6.739550E-1 1.480220E-1 1.028640E-3 1.255470E-3 1.061420E-6
 6.131950E+0 1.053170E+0 2.643530E-1 2.849060E-3 2.732470E-3 3.627730E-6
 8.363850E+0 1.564730E+0 4.632370E-1 7.662130E-3 5.673580E-3 1.182440E-5
 1.124280E+1 2.207490E+0 7.953230E-1 1.998200E-2 1.141900E-2 3.731680E-5
 1.491450E+1 2.972910E+0 1.335730E+0 5.035410E-2 2.244890E-2 1.148020E-4
 1.965230E+1 3.924690E+0 2.181930E+0 1.208320E-1 4.324820E-2 3.449390E-4
 2.551720E+1 5.095920E+0 3.426120E+0 2.691680E-1 8.164640E-2 1.010140E-3
 3.278350E+1 6.627670E+0 5.154510E+0 5.508990E-1 1.506340E-1 2.865590E-3
 4.146710E+1 8.611780E+0 7.393120E+0 1.023730E+0 2.706170E-1 7.817790E-3
 5.138460E+1 1.099080E+1 1.009590E+1 1.708970E+0 4.705240E-1 2.026360E-2
 6.246600E+1 1.374230E+1 1.320580E+1 2.587600E+0 7.849120E-1 4.905050E-2
 7.452240E+1 1.666590E+1 1.664850E+1 3.584810E+0 1.246720E+0 1.089830E-1
 8.729890E+1 1.953070E+1 2.031470E+1 4.602260E+0 1.870800E+0 2.184280E-1
 1.025430E+2 2.240740E+1 2.443440E+1 5.614250E+0 2.667280E+0 3.937790E-1
 1.182810E+2 2.489280E+1 2.866770E+1 6.503860E+0 3.582190E+0 6.315480E-1
 1.329490E+2 2.686710E+1 3.287820E+1 7.224920E+0 4.585060E+0 9.091820E-1
 1.476880E+2 2.853260E+1 3.714850E+1 7.824560E+0 5.641870E+0 1.198790E+0
 1.625970E+2 2.988040E+1 4.148040E+1 8.303710E+0 6.729350E+0 1.470300E+0
 1.769980E+2 3.099150E+1 4.579610E+1 8.690610E+0 7.829070E+0 1.708130E+0
 2.036540E+0 1.972680E-1 3.471140E-2 1.003140E-4 6.600180E-5 2.295700E-8
 2.938610E+0 3.731480E-1 6.543410E-2 2.955360E-4 2.490090E-4 1.357290E-7
 4.137670E+0 6.397950E-1 1.204350E-1 8.469660E-4 7.093360E-4 6.065440E-7
 5.690560E+0 1.013840E+0 2.173870E-1 2.369980E-3 1.728880E-3 2.319630E-6
 7.632520E+0 1.464220E+0 3.847140E-1 6.452650E-3 3.845040E-3 8.092060E-6
 1.019730E+1 2.039390E+0 6.644260E-1 1.690510E-2 8.078750E-3 2.664390E-5
 1.345560E+1 2.725620E+0 1.117680E+0 4.254850E-2 1.634520E-2 8.431260E-5
 1.747710E+1 3.530210E+0 1.826820E+0 1.018960E-1 3.214210E-2 2.584510E-4
 2.254220E+1 4.543830E+0 2.872560E+0 2.273940E-1 6.163640E-2 7.685290E-4
 2.865660E+1 5.803310E+0 4.312970E+0 4.637090E-1 1.151590E-1 2.207660E-3
 3.592920E+1 7.426950E+0 6.168610E+0 8.579120E-1 2.088390E-1 6.075070E-3
 4.412840E+1 9.354560E+0 8.403540E+0 1.427140E+0 3.658120E-1 1.585310E-2
 5.313560E+1 1.153550E+1 1.093900E+1 2.143900E+0 6.134570E-1 3.854300E-2
 6.278970E+1 1.380400E+1 1.371050E+1 2.943670E+0 9.777330E-1 8.587270E-2
 7.318600E+1 1.599280E+1 1.665130E+1 3.746540E+0 1.470870E+0 1.722830E-1
 8.509750E+1 1.813080E+1 1.991960E+1 4.524580E+0 2.095700E+0 3.100610E-1
 9.771510E+1 1.991100E+1 2.323940E+1 5.187500E+0 2.813030E+0 4.951240E-1
 1.089040E+2 2.130750E+1 2.648410E+1 5.718720E+0 3.591190E+0 7.106200E-1
 1.197370E+2 2.242390E+1 2.974940E+1 6.141160E+0 4.410910E+0 9.321840E-1
 1.315940E+2 2.329900E+1 3.308940E+1 6.468510E+0 5.242530E+0 1.137600E+0
 1.429120E+2 2.395320E+1 3.641150E+1 6.712220E+0 6.085460E+0 1.312540E+0
 1.932070E+0 1.934240E-1 2.565150E-2 7.506150E-5 7.244520E-6 2.568200E-9
 2.762340E+0 3.627260E-1 5.061610E-2 2.312760E-4 6.761230E-5 3.741100E-8
 3.867840E+0 6.152950E-1 9.581490E-2 6.819680E-4 2.984650E-4 2.585250E-7
 5.264430E+0 9.552640E-1 1.760350E-1 1.941690E-3 9.230240E-4 1.252770E-6
 7.039750E+0 1.394620E+0 3.153300E-1 5.350730E-3 2.353530E-3 5.006230E-6
 9.276980E+0 1.904630E+0 5.498140E-1 1.417660E-2 5.365650E-3 1.787260E-5
 1.210860E+1 2.499120E+0 9.305000E-1 3.582800E-2 1.141870E-2 5.945110E-5
 1.558910E+1 3.192120E+0 1.521770E+0 8.562360E-2 2.319870E-2 1.881740E-4
 1.989660E+1 4.046310E+0 2.394050E+0 1.909960E-1 4.550650E-2 5.720350E-4
 2.497750E+1 5.076990E+0 3.591280E+0 3.889890E-1 8.644980E-2 1.670350E-3
 3.096320E+1 6.374740E+0 5.118760E+0 7.156810E-1 1.588180E-1 4.654930E-3
 3.767130E+1 7.896390E+0 6.944380E+0 1.181740E+0 2.806920E-1 1.224340E-2
 4.502510E+1 9.613230E+0 9.005750E+0 1.762450E+0 4.739380E-1 2.994680E-2
 5.272610E+1 1.135040E+1 1.121720E+1 2.397900E+0 7.583040E-1 6.689310E-2
 6.078940E+1 1.300280E+1 1.357540E+1 3.027440E+0 1.145910E+0 1.346920E-1
 7.040320E+1 1.454400E+1 1.610180E+1 3.613110E+0 1.628180E+0 2.412640E-1
 8.007270E+1 1.582800E+1 1.867200E+1 4.111130E+0 2.184900E+0 3.851810E-1
 8.861600E+1 1.677250E+1 2.116340E+1 4.491990E+0 2.784460E+0 5.506840E-1
 9.749210E+1 1.747420E+1 2.369890E+1 4.778130E+0 3.410990E+0 7.180140E-1
 1.060140E+2 1.799180E+1 2.620380E+1 4.989670E+0 4.044810E+0 8.710870E-1
 1.140950E+2 1.834260E+1 2.867360E+1 5.136210E+0 4.680760E+0 9.991590E-1
 1.830990E+0 1.858160E-1 1.845110E-2 5.454860E-5 -1.820390E-8 -5.706920E-12
 2.624500E+0 3.497970E-1 3.908610E-2 1.803910E-4 8.572340E-6 4.825430E-9
 3.662330E+0 5.940330E-1 7.714830E-2 5.543890E-4 9.205930E-5 8.076820E-8
 4.954050E+0 9.186200E-1 1.454200E-1 1.619970E-3 4.293480E-4 5.890890E-7
 6.584000E+0 1.324590E+0 2.645490E-1 4.531490E-3 1.363970E-3 2.929210E-6
 8.608460E+0 1.789770E+0 4.667140E-1 1.216130E-2 3.524530E-3 1.184290E-5
 1.108220E+1 2.326890E+0 7.953010E-1 3.095600E-2 8.076820E-3 4.239450E-5
 1.418770E+1 2.933660E+0 1.304390E+0 7.398960E-2 1.717360E-2 1.403640E-4
 1.797870E+1 3.674200E+0 2.053070E+0 1.649820E-1 3.467300E-2 4.389550E-4
 2.235590E+1 4.531990E+0 3.075010E+0 3.345790E-1 6.717530E-2 1.306270E-3
 2.744120E+1 5.600050E+0 4.374850E+0 6.128300E-1 1.251350E-1 3.690700E-3
 3.314930E+1 6.860630E+0 5.914710E+0 1.007360E+0 2.233700E-1 9.798470E-3
 3.920920E+1 8.239790E+0 7.635230E+0 1.492170E+0 3.796900E-1 2.409600E-2
 4.564100E+1 9.622680E+0 9.479320E+0 2.015850E+0 6.103190E-1 5.403740E-2
 5.206950E+1 1.091680E+1 1.140310E+1 2.527230E+0 9.247920E-1 1.090060E-1
 6.004280E+1 1.207800E+1 1.346510E+1 2.988460E+0 1.314940E+0 1.950660E-1
 6.800050E+1 1.302010E+1 1.553750E+1 3.372250E+0 1.763430E+0 3.107400E-1
 7.481690E+1 1.368020E+1 1.753240E+1 3.656500E+0 2.244430E+0 4.428030E-1
 8.187930E+1 1.413970E+1 1.955250E+1 3.860840E+0 2.744030E+0 5.749580E-1
 8.822880E+1 1.444860E+1 2.149010E+1 4.003200E+0 3.244270E+0 6.944460E-1
 9.490990E+1 1.463470E+1 2.348540E+1 4.094980E+0 3.749120E+0 7.925820E-1
 1.760570E+0 1.833550E-1 1.109860E-2 3.325410E-5 0.000000E+6 0.000000E+6
 2.499090E+0 3.382980E-1 2.732630E-2 1.274740E-4 -2.883260E-8 -1.431980E-11
 3.446780E+0 5.718320E-1 5.839590E-2 4.239510E-4 8.826550E-6 7.886940E-9
 4.665300E+0 8.802390E-1 1.153370E-1 1.297370E-3 1.160940E-4 1.614670E-7
 6.148550E+0 1.267500E+0 2.158420E-1 3.733450E-3 5.887710E-4 1.278780E-6
 7.973170E+0 1.702710E+0 3.872310E-1 1.018590E-2 1.948570E-3 6.613420E-6
 1.019070E+1 2.174270E+0 6.677960E-1 2.627070E-2 5.137220E-3 2.721140E-5
 1.283370E+1 2.671980E+0 1.101900E+0 6.315030E-2 1.186040E-2 9.776160E-5
 1.605320E+1 3.278270E+0 1.735590E+0 1.401250E-1 2.517780E-2 3.212560E-4
 1.986170E+1 4.014640E+0 2.599610E+0 2.842670E-1 5.034060E-2 9.859730E-4
 2.419130E+1 4.891410E+0 3.694380E+0 5.191460E-1 9.574800E-2 2.842330E-3
 2.892640E+1 5.904000E+0 4.980230E+0 8.489060E-1 1.733880E-1 7.652550E-3
 3.395520E+1 6.992110E+0 6.404130E+0 1.248140E+0 2.976420E-1 1.899560E-2
 3.917830E+1 8.057980E+0 7.911170E+0 1.671800E+0 4.814560E-1 4.279660E-2
 4.442080E+1 9.031950E+0 9.467550E+0 2.076850E+0 7.320180E-1 8.651670E-2
 5.077210E+1 9.882430E+0 1.111150E+1 2.433930E+0 1.042420E+0 1.548450E-1
 5.710700E+1 1.052710E+1 1.275580E+1 2.717710E+0 1.398320E+0 2.456030E-1
 6.243330E+1 1.095750E+1 1.432820E+1 2.922010E+0 1.778170E+0 3.488100E-1
 6.800120E+1 1.123690E+1 1.589090E+1 3.063130E+0 2.166410E+0 4.514930E-1
 7.312720E+1 1.138860E+1 1.741780E+1 3.151520E+0 2.556430E+0 5.424350E-1
 7.812560E+1 1.143640E+1 1.893610E+1 3.197220E+0 2.942320E+0 6.151330E-1
 1.683080E+0 1.782410E-1 3.922600E-3 1.192540E-5 0.000000E+6 0.000000E+6
 2.361410E+0 3.258470E-1 1.387470E-2 6.574820E-5 0.000000E+6 0.000000E+6
 3.248310E+0 5.495010E-1 3.652770E-2 2.685900E-4 -4.565660E-8 -3.591160E-11
 4.322930E+0 8.364410E-1 8.062120E-2 9.180350E-4 3.203020E-6 4.581610E-9
 5.653590E+0 1.189660E+0 1.609820E-1 2.818130E-3 9.586410E-5 2.119170E-7
 7.236180E+0 1.555630E+0 2.999060E-1 7.977810E-3 6.311420E-4 2.172480E-6
 9.179900E+0 1.970990E+0 5.291660E-1 2.104200E-2 2.361260E-3 1.266140E-5
 1.144560E+1 2.408590E+0 8.862830E-1 5.139040E-2 6.625000E-3 5.521140E-5
 1.411680E+1 2.890680E+0 1.404610E+0 1.145430E-1 1.575110E-2 2.030110E-4
 1.724850E+1 3.464530E+0 2.107040E+0 2.319350E-1 3.371420E-2 6.664740E-4
 2.073810E+1 4.126450E+0 2.987930E+0 4.211590E-1 6.687230E-2 2.001790E-3
 2.448570E+1 4.882650E+0 4.010320E+0 6.832050E-1 1.243800E-1 5.531380E-3
 2.843250E+1 5.682630E+0 5.132860E+0 9.954970E-1 2.172790E-1 1.395540E-2
 3.249230E+1 6.449420E+0 6.304480E+0 1.320690E+0 3.553730E-1 3.175090E-2
 3.670210E+1 7.125740E+0 7.506440E+0 1.623390E+0 5.437730E-1 6.447870E-2
 4.141560E+1 7.680500E+0 8.741800E+0 1.879510E+0 7.764220E-1 1.154490E-1
 4.638590E+1 8.077390E+0 9.972950E+0 2.075700E+0 1.041390E+0 1.828110E-1
 5.030290E+1 8.303530E+0 1.113190E+1 2.206980E+0 1.322090E+0 2.584930E-1
 5.410980E+1 8.418750E+0 1.226740E+1 2.289640E+0 1.608580E+0 3.327900E-1
 5.763240E+1 8.457950E+0 1.339570E+1 2.336710E+0 1.896210E+0 3.980880E-1
 6.107770E+1 8.409980E+0 1.447470E+1 2.348470E+0 2.174660E+0 4.485900E-1
 1.619390E+0 1.743900E-1 4.001630E-4 1.237250E-6 0.000000E+6 0.000000E+6
 2.255870E+0 3.158100E-1 3.946960E-3 1.898790E-5 0.000000E+6 0.000000E+6
 3.054530E+0 5.221310E-1 1.651590E-2 1.233800E-4 0.000000E+6 0.000000E+6
 4.046850E+0 7.980820E-1 4.677460E-2 5.404660E-4 0.000000E+6 0.000000E+6
 5.234510E+0 1.121370E+0 1.078940E-1 1.911280E-3 4.482550E-7 1.034240E-9
 6.600330E+0 1.455350E+0 2.176150E-1 5.856980E-3 6.647410E-5 2.332350E-7
 8.238800E+0 1.784670E+0 4.016680E-1 1.613930E-2 6.236060E-4 3.394160E-6
 1.017350E+1 2.155370E+0 6.906910E-1 4.042590E-2 2.722530E-3 2.297480E-5
 1.240800E+1 2.530880E+0 1.112780E+0 9.168470E-2 8.228300E-3 1.072370E-4
 1.498110E+1 2.955510E+0 1.680200E+0 1.861070E-1 2.020190E-2 4.034010E-4
 1.775760E+1 3.463400E+0 2.384260E+0 3.370950E-1 4.346620E-2 1.312860E-3
 2.073560E+1 4.008150E+0 3.191830E+0 5.429930E-1 8.491850E-2 3.805480E-3
 2.379820E+1 4.576890E+0 4.063960E+0 7.839460E-1 1.528720E-1 9.887670E-3
 2.680000E+1 5.103130E+0 4.968260E+0 1.029420E+0 2.552920E-1 2.293820E-2
 3.002100E+1 5.549530E+0 5.877940E+0 1.250690E+0 3.940940E-1 4.688990E-2
 3.355430E+1 5.893130E+0 6.798060E+0 1.431480E+0 5.662520E-1 8.428190E-2
 3.729440E+1 6.097770E+0 7.690550E+0 1.558580E+0 7.597680E-1 1.331310E-1
 3.993810E+1 6.188250E+0 8.508420E+0 1.638730E+0 9.644630E-1 1.877380E-1
 4.278750E+1 6.193180E+0 9.342700E+0 1.679720E+0 1.171020E+0 2.401870E-1
 4.517750E+1 6.135780E+0 1.012040E+1 1.691890E+0 1.374520E+0 2.848590E-1
 4.758860E+1 6.049250E+0 1.090520E+1 1.686840E+0 1.573750E+0 3.193930E-1
 1.598270E+0 1.757490E-1 2.426220E-6 8.219300E-9 0.000000E+6 0.000000E+6
 2.194940E+0 3.136250E-1 4.499480E-4 2.192750E-6 0.000000E+6 0.000000E+6
 2.934740E+0 5.088700E-1 5.132080E-3 3.881840E-5 0.000000E+6 0.000000E+6
 3.833990E+0 7.651530E-1 2.279770E-2 2.664030E-4 0.000000E+6 0.000000E+6
 4.884470E+0 1.053890E+0 6.596180E-2 1.182760E-3 0.000000E+6 0.000000E+6
 6.137240E+0 1.350360E+0 1.522980E-1 4.136630E-3 -1.805280E-7 -5.618610E-10
 7.593490E+0 1.666010E+0 3.020740E-1 1.224670E-2 7.420520E-5 4.108570E-7
 9.249570E+0 1.964470E+0 5.414890E-1 3.194880E-2 8.054240E-4 6.883910E-6
 1.114050E+1 2.254590E+0 8.928040E-1 7.405500E-2 3.696600E-3 4.867580E-5
 1.326750E+1 2.584290E+0 1.365750E+0 1.521840E-1 1.134370E-2 2.285690E-4
 1.555900E+1 2.966030E+0 1.947650E+0 2.759870E-1 2.770140E-2 8.434020E-4
 1.796630E+1 3.375840E+0 2.608390E+0 4.428450E-1 5.826900E-2 2.628790E-3
 2.055870E+1 3.793500E+0 3.314270E+0 6.356150E-1 1.096340E-1 7.130860E-3
 2.297040E+1 4.164280E+0 4.035030E+0 8.272370E-1 1.879780E-1 1.696660E-2
 2.534340E+1 4.458660E+0 4.745590E+0 9.944340E-1 2.946560E-1 3.515100E-2
 2.808020E+1 4.664960E+0 5.448040E+0 1.124620E+0 4.262950E-1 6.350630E-2
 3.097930E+1 4.770770E+0 6.135450E+0 1.212870E+0 5.747000E-1 1.004960E-1
 3.308160E+1 4.783170E+0 6.771750E+0 1.261570E+0 7.303090E-1 1.413530E-1
 3.504620E+1 4.735200E+0 7.376460E+0 1.280750E+0 8.859100E-1 1.802270E-1
 3.670930E+1 4.642700E+0 7.946840E+0 1.277610E+0 1.036590E+0 2.125440E-1
 3.834690E+1 4.517830E+0 8.493500E+0 1.258040E+0 1.180950E+0 2.361700E-1
 1.535710E+0 1.766880E-1 0.000000E+6 0.000000E+6 0.000000E+6 0.000000E+6
 2.142810E+0 3.113090E-1 3.798190E-6 2.025840E-8 0.000000E+6 0.000000E+6
 2.841640E+0 5.041930E-1 3.761900E-4 2.891810E-6 0.000000E+6 0.000000E+6
 3.665690E+0 7.410490E-1 5.973210E-3 7.071060E-5 0.000000E+6 0.000000E+6
 4.609530E+0 1.009540E+0 2.911180E-2 5.280360E-4 0.000000E+6 0.000000E+6
 5.675580E+0 1.266950E+0 8.700900E-2 2.392570E-3 0.000000E+6 0.000000E+6
 6.920100E+0 1.519340E+0 2.011640E-1 8.230390E-3 -2.845670E-7 -1.397190E-9
 8.314100E+0 1.757990E+0 3.913450E-1 2.328300E-2 7.069120E-5 6.141930E-7
 9.908740E+0 1.989990E+0 6.757170E-1 5.643300E-2 9.269250E-4 1.236580E-5
 1.162270E+1 2.224570E+0 1.060360E+0 1.187080E-1 4.600710E-3 9.368930E-5
 1.352000E+1 2.493850E+0 1.532200E+0 2.176520E-1 1.448270E-2 4.449390E-4
 1.543590E+1 2.783680E+0 2.063280E+0 3.497780E-1 3.513750E-2 1.597810E-3
 1.736330E+1 3.063320E+0 2.620190E+0 4.988250E-1 7.182430E-2 4.700080E-3
 1.921510E+1 3.303630E+0 3.178330E+0 6.433700E-1 1.289690E-1 1.169110E-2
 2.110370E+1 3.484670E+0 3.726690E+0 7.664270E-1 2.084710E-1 2.493350E-2
 2.312730E+1 3.591600E+0 4.260010E+0 8.575820E-1 3.067470E-1 4.568730E-2
 2.522520E+1 3.618790E+0 4.760410E+0 9.137330E-1 4.172250E-1 7.271270E-2
 2.673960E+1 3.575400E+0 5.219480E+0 9.384240E-1 5.310140E-1 1.021560E-1
 2.812670E+1 3.494500E+0 5.655920E+0 9.418470E-1 6.446550E-1 1.298280E-1
 2.933190E+1 3.390390E+0 6.083160E+0 9.305630E-1 7.549300E-1 1.524940E-1
 3.053070E+1 3.252220E+0 6.451210E+0 9.038560E-1 8.566560E-1 1.677250E-1
 1.471460E+0 1.737540E-1 0.000000E+6 0.000000E+6 0.000000E+6 0.000000E+6
 1.993990E+0 3.047030E-1 0.000000E+6 0.000000E+6 0.000000E+6 0.000000E+6
 2.602380E+0 4.861080E-1 0.000000E+6 0.000000E+6 0.000000E+6 0.000000E+6
 3.417050E+0 7.062450E-1 8.424990E-5 1.017540E-6 0.000000E+6 0.000000E+6
 4.220150E+0 9.363630E-1 4.036440E-3 7.432190E-5 0.000000E+6 0.000000E+6
 5.113560E+0 1.159180E+0 2.699300E-2 7.512880E-4 0.000000E+6 0.000000E+6
 6.119480E+0 1.350160E+0 9.104640E-2 3.775390E-3 0.000000E+6 0.000000E+6
 7.213210E+0 1.515130E+0 2.198070E-1 1.320230E-2 -4.473260E-7 -3.454790E-9
 8.435020E+0 1.662000E+0 4.265920E-1 3.589780E-2 1.807830E-5 2.482720E-7
 9.766060E+0 1.805660E+0 7.147140E-1 8.044030E-2 6.272330E-4 1.298090E-5
 1.114660E+1 1.964460E+0 1.070650E+0 1.523230E-1 4.069150E-3 1.266040E-4
 1.254820E+1 2.131840E+0 1.468080E+0 2.480830E-1 1.426790E-2 6.555090E-4
 1.395160E+1 2.288410E+0 1.878580E+0 3.542810E-1 3.571230E-2 2.356060E-3
 1.533140E+1 2.411390E+0 2.281220E+0 4.538090E-1 7.204880E-2 6.569300E-3
 1.647370E+1 2.481270E+0 2.662900E+0 5.333400E-1 1.243140E-1 1.490220E-2
 1.792380E+1 2.511440E+0 3.032870E+0 5.901820E-1 1.905720E-1 2.837630E-2
 1.913140E+1 2.480240E+0 3.366010E+0 6.194350E-1 2.645960E-1 4.595580E-2
 2.013780E+1 2.405650E+0 3.664360E+0 6.264640E-1 3.408220E-1 6.495350E-2
 2.093430E+1 2.315310E+0 3.955560E+0 6.205050E-1 4.161390E-1 8.261960E-2
 2.161820E+1 2.200140E+0 4.199820E+0 6.014510E-1 4.853750E-1 9.617710E-2
 2.232250E+1 2.081870E+0 4.436970E+0 5.768950E-1 5.514630E-1 1.051780E-1
 1.305760E+0 1.568260E-1 0.000000E+6 0.000000E+6 0.000000E+6 0.000000E+6
 1.773030E+0 2.757170E-1 0.000000E+6 0.000000E+6 0.000000E+6 0.000000E+6
 2.314740E+0 4.372850E-1 0.000000E+6 0.000000E+6 0.000000E+6 0.000000E+6
 2.910550E+0 6.280020E-1 0.000000E+6 0.000000E+6 0.000000E+6 0.000000E+6
 3.662870E+0 8.200150E-1 1.373660E-5 2.765470E-7 0.000000E+6 0.000000E+6
 4.362060E+0 9.901340E-1 1.750470E-3 4.953970E-5 0.000000E+6 0.000000E+6
 5.110300E+0 1.124290E+0 1.944400E-2 8.170230E-4 0.000000E+6 0.000000E+6
 5.896420E+0 1.221570E+0 7.878640E-2 4.791610E-3 0.000000E+6 0.000000E+6
 6.746810E+0 1.294360E+0 2.011040E-1 1.709560E-2 0.000000E+6 0.000000E+6
 7.671360E+0 1.361000E+0 3.934840E-1 4.439480E-2 -1.086440E-6 -2.041900E-8
 8.649370E+0 1.433400E+0 6.410680E-1 9.117540E-2 2.838420E-4 8.984510E-6
 9.712360E+0 1.514010E+0 9.217560E-1 1.548570E-1 2.811860E-3 1.307740E-4
 1.051020E+1 1.574650E+0 1.207180E+0 2.247690E-1 1.146640E-2 7.634960E-4
 1.136950E+1 1.617330E+0 1.482230E+0 2.887430E-1 3.003240E-2 2.754930E-3
 1.218280E+1 1.629490E+0 1.735440E+0 3.380060E-1 6.018820E-2 7.238290E-3
 1.289510E+1 1.606940E+0 1.973750E+0 3.688140E-1 1.002020E-1 1.490290E-2
 1.364660E+1 1.553580E+0 2.183530E+0 3.816580E-1 1.460930E-1 2.521770E-2
 1.415720E+1 1.476180E+0 2.367220E+0 3.799730E-1 1.935080E-1 3.639950E-2
 1.461740E+1 1.389600E+0 2.526520E+0 3.693570E-1 2.389070E-1 4.660310E-2
 1.505090E+1 1.296280E+0 2.672670E+0 3.522080E-1 2.814480E-1 5.421330E-2
 1.531610E+1 1.206210E+0 2.806010E+0 3.328100E-1 3.202090E-1 5.908710E-2
 1.076180E+0 1.307750E-1 0.000000E+6 0.000000E+6 0.000000E+6 0.000000E+6
 1.459360E+0 2.285790E-1 0.000000E+6 0.000000E+6 0.000000E+6 0.000000E+6
 1.897040E+0 3.605090E-1 0.000000E+6 0.000000E+6 0.000000E+6 0.000000E+6
 2.369800E+0 5.100310E-1 0.000000E+6 0.000000E+6 0.000000E+6 0.000000E+6
 2.850640E+0 6.553570E-1 0.000000E+6 0.000000E+6 0.000000E+6 0.000000E+6
 3.464300E+0 7.780060E-1 2.026430E-5 6.204980E-7 0.000000E+6 0.000000E+6
 3.989780E+0 8.667120E-1 9.366390E-4 3.992120E-5 0.000000E+6 0.000000E+6
 4.517620E+0 9.189390E-1 1.555610E-2 9.534110E-4 0.000000E+6 0.000000E+6
 5.074560E+0 9.467280E-1 6.852400E-2 5.862800E-3 0.000000E+6 0.000000E+6
 5.698010E+0 9.665590E-1 1.757820E-1 1.998710E-2 0.000000E+6 0.000000E+6
 6.318330E+0 9.872960E-1 3.343010E-1 4.748440E-2 -1.667900E-6 -4.816940E-8
 6.948850E+0 1.010230E+0 5.212790E-1 8.700200E-2 1.594990E-4 7.524860E-6
 7.501160E+0 1.029150E+0 7.166110E-1 1.316170E-1 2.134770E-3 1.434130E-4
 8.091780E+0 1.034460E+0 9.028350E-1 1.720330E-1 9.249540E-3 8.528810E-4
 8.539560E+0 1.019680E+0 1.069880E+0 2.020320E-1 2.409410E-2 2.902580E-3
 9.012810E+0 9.861170E-1 1.223400E+0 2.193730E-1 4.641020E-2 6.886080E-3
 9.368360E+0 9.339060E-1 1.352370E+0 2.246360E-1 7.356390E-2 1.260800E-2
 9.671240E+0 8.702730E-1 1.458700E+0 2.207500E-1 1.021870E-1 1.899490E-2
 9.876190E+0 8.038750E-1 1.554700E+0 2.114620E-1 1.296560E-1 2.481690E-2
 1.003640E+1 7.368950E-1 1.637710E+0 1.987620E-1 1.546730E-1 2.914200E-2
 1.016020E+1 6.732890E-1 1.709200E+0 1.847750E-1 1.774860E-1 3.169250E-2
---