PdfType: central
Format: lhagrid1
---
 1.000000E-6 1.700000E-6 3.200000E-6 6.000000E-6 1.000000E-5 1.700000E-5 3.200000E-5 6.000000E-5 1.000000E-4 1.700000E-4 3.200000E-4 6.000000E-4 1.000000E-3 1.700000E-3 3.200000E-3 6.000000E-3 1.000000E-2 1.700000E-2 3.200000E-2 6.000000E-2 1.000000E-1
 3.162278E-1 3.981068E-1 5.011876E-1 6.309572E-1 7.943280E-1 1.000000E+0 1.258924E+0 1.584894E+0 1.995262E+0 2.511886E+0 3.162278E+0 3.981068E+0 5.011876E+0 6.309572E+0 7.943280E+0 1.000000E+1 1.258924E+1 1.584894E+1 1.995262E+1 2.511886E+1 3.162278E+1
900 901 917 918 920 921
 1.772100E+1 1.216350E+0 1.053100E+0 2.668400E-3 2.344100E-2 7.477950E-6
 2.685250E+1 2.403980E+0 1.817910E+0 7.232130E-3 4.399790E-2 2.210510E-5
 3.963580E+1 4.272570E+0 3.139070E+0 1.960310E-2 8.201470E-2 6.486380E-5
 5.839020E+1 7.310730E+0 5.399860E+0 5.228850E-2 1.516170E-1 1.884960E-4
 8.574220E+1 1.194980E+1 9.234260E+0 1.382880E-1 2.773980E-1 5.408330E-4
 1.236070E+2 1.836200E+1 1.555190E+1 3.561590E-1 5.045470E-1 1.543820E-3
 1.774940E+2 2.785560E+1 2.570840E+1 8.825090E-1 9.142370E-1 4.390830E-3
 2.523260E+2 4.204930E+1 4.164820E+1 2.111300E+0 1.643020E+0 1.233210E-2
 3.535620E+2 6.187900E+1 6.550970E+1 4.737930E+0 2.922880E+0 3.409710E-2
 4.907710E+2 9.078290E+1 9.945890E+1 9.867420E+0 5.139140E+0 9.243470E-2
 6.607850E+2 1.320580E+2 1.452100E+2 1.891650E+1 8.834430E+0 2.419720E-1
 8.734490E+2 1.874620E+2 2.039780E+2 3.306850E+1 1.485950E+1 6.085320E-1
 1.134190E+3 2.589830E+2 2.768190E+2 5.304210E+1 2.419290E+1 1.442320E+0
 1.435960E+3 3.444960E+2 3.626900E+2 7.844230E+1 3.790070E+1 3.183620E+0
 1.787310E+3 4.414170E+2 4.631490E+2 1.080660E+2 5.669000E+1 6.401680E+0
 2.188370E+3 5.471820E+2 5.777930E+2 1.407770E+2 8.078590E+1 1.167710E+1
 2.630620E+3 6.542850E+2 7.037800E+2 1.741430E+2 1.097320E+2 1.917040E+1
 3.141940E+3 7.661830E+2 8.469130E+2 2.086520E+2 1.433450E+2 2.873780E+1
 3.659200E+3 8.728890E+2 9.970510E+2 2.414690E+2 1.804370E+2 3.947640E+1
 4.276840E+3 9.772940E+2 1.170990E+3 2.731790E+2 2.215400E+2 5.064220E+1
 4.980960E+3 1.086110E+3 1.370500E+3 3.057360E+2 2.682620E+2 6.199170E+1
 1.691990E+1 1.191260E+0 9.409230E-1 2.417740E-3 1.909190E-2 6.126140E-6
 2.542130E+1 2.342000E+0 1.621430E+0 6.510630E-3 3.607980E-2 1.823980E-5
 3.734240E+1 4.149770E+0 2.797050E+0 1.756860E-2 6.784010E-2 5.399400E-5
 5.496930E+1 7.054280E+0 4.815310E+0 4.717210E-2 1.263590E-1 1.581930E-4
 7.976900E+1 1.139960E+1 8.224690E+0 1.244310E-1 2.330750E-1 4.579950E-4
 1.148260E+2 1.753320E+1 1.391190E+1 3.218970E-1 4.258680E-1 1.311380E-3
 1.639980E+2 2.626340E+1 2.304460E+1 7.988990E-1 7.743780E-1 3.740760E-3
 2.321610E+2 3.965560E+1 3.735230E+1 1.910420E+0 1.395940E+0 1.053730E-2
 3.222420E+2 5.712750E+1 5.875560E+1 4.287050E+0 2.496410E+0 2.930720E-2
 4.421530E+2 8.346510E+1 8.885420E+1 8.894320E+0 4.392820E+0 7.949420E-2
 5.942050E+2 1.199230E+2 1.294970E+2 1.695370E+1 7.593940E+0 2.090970E-1
 7.862020E+2 1.698630E+2 1.819990E+2 2.967880E+1 1.277410E+1 5.254390E-1
 1.014670E+3 2.324850E+2 2.459720E+2 4.735250E+1 2.082800E+1 1.248500E+0
 1.281060E+3 3.070590E+2 3.212920E+2 6.959770E+1 3.263140E+1 2.752390E+0
 1.589210E+3 3.910450E+2 4.088080E+2 9.544430E+1 4.878320E+1 5.539240E+0
 1.929870E+3 4.795180E+2 5.062940E+2 1.231560E+2 6.955120E+1 1.008650E+1
 2.314920E+3 5.705570E+2 6.162530E+2 1.516500E+2 9.437130E+1 1.653050E+1
 2.759450E+3 6.635130E+2 7.402720E+2 1.804920E+2 1.230910E+2 2.466290E+1
 3.189820E+3 7.492870E+2 8.652690E+2 2.071360E+2 1.543880E+2 3.367810E+1
 3.713840E+3 8.354010E+2 1.013580E+3 2.334000E+2 1.892100E+2 4.307930E+1
 4.293340E+3 9.213600E+2 1.177560E+3 2.592840E+2 2.280780E+2 5.243400E+1
 1.574170E+1 1.152350E+0 8.194740E-1 2.148050E-3 1.479860E-2 4.783440E-6
 2.363840E+1 2.221010E+0 1.411390E+0 5.730580E-3 2.824150E-2 1.438120E-5
 3.484530E+1 4.024080E+0 2.429380E+0 1.541990E-2 5.347370E-2 4.287280E-5
 5.089690E+1 6.797800E+0 4.186140E+0 4.141210E-2 1.006440E-1 1.269620E-4
 7.345180E+1 1.090550E+1 7.170210E+0 1.096100E-1 1.874500E-1 3.715770E-4
 1.052440E+2 1.671030E+1 1.210660E+1 2.825650E-1 3.453300E-1 1.072640E-3
 1.484800E+2 2.458770E+1 2.008880E+1 7.033360E-1 6.302620E-1 3.062170E-3
 2.090000E+2 3.594070E+1 3.263180E+1 1.683780E+0 1.143820E+0 8.696260E-3
 2.895030E+2 5.238170E+1 5.124110E+1 3.777450E+0 2.050660E+0 2.421180E-2
 3.954770E+2 7.557750E+1 7.774240E+1 7.847270E+0 3.624930E+0 6.602640E-2
 5.281050E+2 1.074790E+2 1.130210E+2 1.495130E+1 6.277410E+0 1.739770E-1
 6.918210E+2 1.497590E+2 1.580420E+2 2.590840E+1 1.061320E+1 4.392550E-1
 8.896380E+2 2.035100E+2 2.129690E+2 4.111010E+1 1.734260E+1 1.045250E+0
 1.121720E+3 2.671470E+2 2.778270E+2 6.019350E+1 2.720070E+1 2.305570E+0
 1.376680E+3 3.361570E+2 3.504310E+2 8.172960E+1 4.063280E+1 4.629830E+0
 1.664740E+3 4.087320E+2 4.329210E+2 1.046800E+2 5.787110E+1 8.411070E+0
 1.979750E+3 4.822080E+2 5.229350E+2 1.279380E+2 7.836520E+1 1.374750E+1
 2.328620E+3 5.538370E+2 6.215120E+2 1.504980E+2 1.017420E+2 2.037340E+1
 2.709500E+3 6.250190E+2 7.310550E+2 1.726250E+2 1.280320E+2 2.785780E+1
 3.105080E+3 6.871010E+2 8.438080E+2 1.918750E+2 1.556210E+2 3.525960E+1
 3.584040E+3 7.543480E+2 9.781260E+2 2.122080E+2 1.870770E+2 4.277770E+1
 1.493460E+1 1.141090E+0 7.056830E-1 1.884770E-3 1.131400E-2 3.684840E-6
 2.221630E+1 2.142770E+0 1.227810E+0 5.075240E-3 2.184300E-2 1.120480E-5
 3.267840E+1 3.934230E+0 2.108480E+0 1.349540E-2 4.177280E-2 3.374090E-5
 4.741480E+1 6.537310E+0 3.628790E+0 3.624090E-2 7.921680E-2 1.006810E-4
 6.778320E+1 1.033890E+1 6.223410E+0 9.627210E-2 1.489140E-1 2.974260E-4
 9.557060E+1 1.554300E+1 1.053940E+1 2.488530E-1 2.775650E-1 8.697540E-4
 1.353200E+2 2.284850E+1 1.749680E+1 6.208260E-1 5.101970E-1 2.498950E-3
 1.886970E+2 3.346130E+1 2.842230E+1 1.482240E+0 9.291450E-1 7.103580E-3
 2.590830E+2 4.754130E+1 4.468600E+1 3.324400E+0 1.676210E+0 1.993380E-2
 3.523150E+2 6.813620E+1 6.766880E+1 6.900340E+0 2.976630E+0 5.455590E-2
 4.677840E+2 9.613380E+1 9.822800E+1 1.311310E+1 5.172500E+0 1.443100E-1
 6.064130E+2 1.321020E+2 1.367520E+2 2.256600E+1 8.768060E+0 3.653990E-1
 7.735770E+2 1.773330E+2 1.831040E+2 3.554240E+1 1.436190E+1 8.707320E-1
 9.662600E+2 2.301930E+2 2.375180E+2 5.159850E+1 2.252510E+1 1.918630E+0
 1.182780E+3 2.875090E+2 2.991980E+2 6.964860E+1 3.368430E+1 3.853660E+0
 1.422820E+3 3.470960E+2 3.674120E+2 8.866180E+1 4.792420E+1 6.991520E+0
 1.686680E+3 4.053790E+2 4.426230E+2 1.073570E+2 6.483260E+1 1.138450E+1
 1.970660E+3 4.617080E+2 5.232030E+2 1.253110E+2 8.400480E+1 1.680330E+1
 2.274670E+3 5.157590E+2 6.098160E+2 1.423370E+2 1.051350E+2 2.282710E+1
 2.595330E+3 5.651200E+2 7.016450E+2 1.577300E+2 1.277170E+2 2.884970E+1
 2.977640E+3 6.142450E+2 8.094260E+2 1.727310E+2 1.527480E+2 3.470580E+1
 1.398050E+1 1.064580E+0 6.184000E-1 1.668560E-3 8.968520E-3 2.939590E-6
 2.095420E+1 2.104570E+0 1.087800E+0 4.564630E-3 1.751860E-2 9.042300E-6
 3.060800E+1 3.758150E+0 1.879150E+0 1.218020E-2 3.382950E-2 2.749110E-5
 4.427020E+1 6.289280E+0 3.226630E+0 3.245130E-2 6.469540E-2 8.272600E-5
 6.303690E+1 9.934260E+0 5.516550E+0 8.572260E-2 1.225690E-1 2.463100E-4
 8.919930E+1 1.474100E+1 9.370090E+0 2.230600E-1 2.299030E-1 7.251490E-4
 1.247910E+2 2.163260E+1 1.556850E+1 5.575530E-1 4.267540E-1 2.105240E-3
 1.731810E+2 3.107680E+1 2.530720E+1 1.331330E+0 7.806930E-1 6.002030E-3
 2.366060E+2 4.410340E+1 3.976850E+1 2.983400E+0 1.412150E+0 1.686360E-2
 3.188010E+2 6.229500E+1 6.008410E+1 6.166410E+0 2.519450E+0 4.639790E-2
 4.211220E+2 8.688630E+1 8.719940E+1 1.169320E+1 4.400610E+0 1.234240E-1
 5.472000E+2 1.189590E+2 1.210990E+2 2.007600E+1 7.464900E+0 3.124330E-1
 6.919740E+2 1.585940E+2 1.619060E+2 3.153750E+1 1.225620E+1 7.466340E-1
 8.575180E+2 2.037440E+2 2.090810E+2 4.546870E+1 1.927510E+1 1.649530E+0
 1.044400E+3 2.522340E+2 2.622630E+2 6.092700E+1 2.881720E+1 3.309540E+0
 1.252780E+3 3.018070E+2 3.209350E+2 7.693260E+1 4.094180E+1 5.985990E+0
 1.470660E+3 3.507940E+2 3.844320E+2 9.277310E+1 5.534760E+1 9.730650E+0
 1.717630E+3 3.971940E+2 4.533770E+2 1.076970E+2 7.167600E+1 1.433340E+1
 1.966870E+3 4.397320E+2 5.257280E+2 1.212740E+2 8.934610E+1 1.934320E+1
 2.231520E+3 4.793240E+2 6.011750E+2 1.337320E+2 1.082010E+2 2.437380E+1
 2.556140E+3 5.179460E+2 6.921170E+2 1.456020E+2 1.290190E+2 2.916570E+1
 1.325580E+1 1.055710E+0 5.353390E-1 1.460020E-3 6.919060E-3 2.283900E-6
 1.980890E+1 2.069210E+0 9.515160E-1 4.052740E-3 1.373490E-2 7.136350E-6
 2.875260E+1 3.593300E+0 1.659710E+0 1.091730E-2 2.686370E-2 2.197280E-5
 4.136160E+1 6.059090E+0 2.854470E+0 2.897180E-2 5.190020E-2 6.678850E-5
 5.931730E+1 9.443700E+0 4.875500E+0 7.637080E-2 9.922500E-2 2.007000E-4
 8.234080E+1 1.422600E+1 8.254580E+0 1.980070E-1 1.876880E-1 5.957500E-4
 1.143020E+2 2.018190E+1 1.374060E+1 4.949520E-1 3.515430E-1 1.747110E-3
 1.579180E+2 2.894560E+1 2.236130E+1 1.187780E+0 6.478140E-1 5.015870E-3
 2.152280E+2 4.064820E+1 3.515410E+1 2.652160E+0 1.177360E+0 1.413930E-2
 2.878130E+2 5.675450E+1 5.312970E+1 5.495800E+0 2.109400E+0 3.906870E-2
 3.778440E+2 7.867400E+1 7.680030E+1 1.037640E+1 3.696290E+0 1.041650E-1
 4.868900E+2 1.064390E+2 1.066120E+2 1.775670E+1 6.308830E+0 2.655450E-1
 6.110960E+2 1.402010E+2 1.417400E+2 2.768680E+1 1.037340E+1 6.352100E-1
 7.552610E+2 1.786680E+2 1.824130E+2 3.965470E+1 1.631730E+1 1.401650E+0
 9.150010E+2 2.196110E+2 2.276080E+2 5.284680E+1 2.435940E+1 2.807220E+0
 1.088930E+3 2.603860E+2 2.774510E+2 6.621430E+1 3.461140E+1 5.064810E+0
 1.280020E+3 3.001440E+2 3.311270E+2 7.924050E+1 4.669170E+1 8.214650E+0
 1.480880E+3 3.373480E+2 3.888130E+2 9.136300E+1 6.037140E+1 1.205560E+1
 1.689660E+3 3.715480E+2 4.486190E+2 1.023890E+2 7.507460E+1 1.622860E+1
 1.905720E+3 4.022880E+2 5.117950E+2 1.121720E+2 9.079520E+1 2.034730E+1
 2.171350E+3 4.310770E+2 5.846260E+2 1.211380E+2 1.076380E+2 2.419160E+1
 1.251260E+1 1.030550E+0 4.475020E-1 1.234800E-3 4.902110E-3 1.632990E-6
 1.857270E+1 1.969720E+0 8.009820E-1 3.451790E-3 1.001780E-2 5.249990E-6
 2.697600E+1 3.584960E+0 1.416200E+0 9.489670E-3 2.000450E-2 1.649380E-5
 3.840690E+1 5.797990E+0 2.452440E+0 2.525350E-2 3.927390E-2 5.092960E-5
 5.416860E+1 9.086140E+0 4.193950E+0 6.642880E-2 7.606330E-2 1.550520E-4
 7.511470E+1 1.307820E+1 7.095780E+0 1.717630E-1 1.455190E-1 4.654970E-4
 1.040030E+2 1.883720E+1 1.182940E+1 4.318790E-1 2.749340E-1 1.376860E-3
 1.414520E+2 2.625970E+1 1.919030E+1 1.027340E+0 5.129950E-1 4.007060E-3
 1.911820E+2 3.682760E+1 3.024410E+1 2.308190E+0 9.392700E-1 1.136750E-2
 2.538940E+2 5.057520E+1 4.556360E+1 4.751540E+0 1.690280E+0 3.148360E-2
 3.314090E+2 6.901170E+1 6.582400E+1 8.939470E+0 2.981360E+0 8.456120E-2
 4.227480E+2 9.257650E+1 9.089490E+1 1.523380E+1 5.104270E+0 2.161680E-1
 5.294200E+2 1.204410E+2 1.204610E+2 2.354970E+1 8.416430E+0 5.177650E-1
 6.487680E+2 1.519500E+2 1.543010E+2 3.351380E+1 1.327330E+1 1.145540E+0
 7.805930E+2 1.848070E+2 1.917050E+2 4.428100E+1 1.986680E+1 2.297620E+0
 9.191460E+2 2.174220E+2 2.321890E+2 5.512570E+1 2.814490E+1 4.134350E+0
 1.073270E+3 2.482500E+2 2.756720E+2 6.541560E+1 3.798090E+1 6.686180E+0
 1.237790E+3 2.766590E+2 3.222460E+2 7.482000E+1 4.892770E+1 9.768640E+0
 1.403430E+3 3.018810E+2 3.699870E+2 8.310680E+1 6.068310E+1 1.306990E+1
 1.577590E+3 3.242080E+2 4.204130E+2 9.033300E+1 7.309060E+1 1.629460E+1
 1.782620E+3 3.452170E+2 4.771690E+2 9.696460E+1 8.644730E+1 1.929290E+1
 1.174050E+1 9.918900E-1 3.707260E-1 1.035520E-3 3.263580E-3 1.097980E-6
 1.710570E+1 1.868150E+0 6.690010E-1 2.919890E-3 7.015210E-3 3.710740E-6
 2.508210E+1 3.394570E+0 1.193050E+0 8.106250E-3 1.447980E-2 1.204340E-5
 3.545210E+1 5.550860E+0 2.092880E+0 2.196880E-2 2.909330E-2 3.804270E-5
 4.921950E+1 8.397740E+0 3.590510E+0 5.753130E-2 5.732620E-2 1.177710E-4
 6.830090E+1 1.231440E+1 6.078860E+0 1.484460E-1 1.112070E-1 3.584990E-4
 9.375270E+1 1.761820E+1 1.013660E+1 3.736830E-1 2.126150E-1 1.073010E-3
 1.268710E+2 2.426520E+1 1.643780E+1 8.876530E-1 4.004340E-1 3.152250E-3
 1.690790E+2 3.304360E+1 2.580040E+1 1.986170E+0 7.420590E-1 9.056650E-3
 2.243680E+2 4.502440E+1 3.896530E+1 4.090420E+0 1.344770E+0 2.522700E-2
 2.895600E+2 6.043360E+1 5.604520E+1 7.655890E+0 2.377790E+0 6.777920E-2
 3.682420E+2 8.015980E+1 7.728280E+1 1.298140E+1 4.090520E+0 1.740810E-1
 4.565630E+2 1.033550E+2 1.020390E+2 1.998800E+1 6.765270E+0 4.180770E-1
 5.550050E+2 1.287740E+2 1.299470E+2 2.819900E+1 1.069620E+1 9.273210E-1
 6.619590E+2 1.547810E+2 1.605780E+2 3.690210E+1 1.601950E+1 1.858340E+0
 7.784800E+2 1.803210E+2 1.937360E+2 4.555380E+1 2.272650E+1 3.343950E+0
 8.985980E+2 2.036250E+2 2.282530E+2 5.353010E+1 3.060550E+1 5.387030E+0
 1.024820E+3 2.245870E+2 2.647500E+2 6.064970E+1 3.930240E+1 7.832300E+0
 1.161170E+3 2.437800E+2 3.033350E+2 6.704110E+1 4.874190E+1 1.046060E+1
 1.292090E+3 2.596680E+2 3.420550E+2 7.230340E+1 5.849300E+1 1.296820E+1
 1.459610E+3 2.742990E+2 3.873420E+2 7.700510E+1 6.892930E+1 1.525900E+1
 1.119330E+1 9.597990E-1 3.151370E-1 8.884730E-4 2.149940E-3 7.297910E-7
 1.651100E+1 1.855400E+0 5.734780E-1 2.527290E-3 4.978240E-3 2.655150E-6
 2.356180E+1 3.232530E+0 1.029630E+0 7.067690E-3 1.075420E-2 9.013500E-6
 3.317420E+1 5.273500E+0 1.823580E+0 1.939640E-2 2.225120E-2 2.930660E-5
 4.634180E+1 8.106050E+0 3.154450E+0 5.124920E-2 4.474280E-2 9.255120E-5
 6.345530E+1 1.175870E+1 5.342410E+0 1.316100E-1 8.808780E-2 2.858280E-4
 8.604430E+1 1.625570E+1 8.889420E+0 3.289520E-1 1.704120E-1 8.655340E-4
 1.159530E+2 2.250360E+1 1.443580E+1 7.856780E-1 3.241890E-1 2.568360E-3
 1.536290E+2 3.011900E+1 2.268290E+1 1.758270E+0 6.053760E-1 7.437790E-3
 2.009700E+2 4.068580E+1 3.411890E+1 3.608970E+0 1.107480E+0 2.091300E-2
 2.594690E+2 5.445530E+1 4.909480E+1 6.747730E+0 1.968480E+0 5.641370E-2
 3.264810E+2 7.128270E+1 6.744170E+1 1.138910E+1 3.398410E+0 1.453450E-1
 4.027750E+2 9.078780E+1 8.862520E+1 1.740620E+1 5.642590E+0 3.506750E-1
 4.865230E+2 1.118530E+2 1.123920E+2 2.434190E+1 8.933150E+0 7.770410E-1
 5.777220E+2 1.335710E+2 1.383850E+2 3.171530E+1 1.339610E+1 1.559050E+0
 6.806120E+2 1.540140E+2 1.662620E+2 3.879550E+1 1.898890E+1 2.799070E+0
 7.779980E+2 1.726310E+2 1.951670E+2 4.529250E+1 2.554470E+1 4.500480E+0
 8.827050E+2 1.891680E+2 2.252940E+2 5.101380E+1 3.277000E+1 6.524530E+0
 9.945130E+2 2.033320E+2 2.567980E+2 5.586150E+1 4.044720E+1 8.654880E+0
 1.108110E+3 2.154710E+2 2.893600E+2 5.995110E+1 4.848660E+1 1.069550E+1
 1.233520E+3 2.259270E+2 3.247750E+2 6.339720E+1 5.690030E+1 1.251660E+1
 1.056550E+1 9.374480E-1 2.629200E-1 7.492880E-4 1.195370E-3 4.098860E-7
 1.551860E+1 1.804570E+0 4.837430E-1 2.152670E-3 3.182850E-3 1.713440E-6
 2.203710E+1 3.141120E+0 8.762440E-1 6.074830E-3 7.467370E-3 6.312960E-6
 3.094720E+1 5.076190E+0 1.563860E+0 1.680850E-2 1.625140E-2 2.157670E-5
 4.318040E+1 7.770390E+0 2.735850E+0 4.512940E-2 3.374280E-2 7.032400E-5
 5.884140E+1 1.115670E+1 4.664250E+0 1.163710E-1 6.790720E-2 2.219300E-4
 7.925130E+1 1.534830E+1 7.756860E+0 2.894640E-1 1.334910E-1 6.826710E-4
 1.058470E+2 2.080440E+1 1.257640E+1 6.892900E-1 2.571450E-1 2.050650E-3
 1.388920E+2 2.765870E+1 1.969850E+1 1.537680E+0 4.853480E-1 6.003170E-3
 1.804060E+2 3.669760E+1 2.963510E+1 3.153850E+0 8.949260E-1 1.701640E-2
 2.307190E+2 4.834880E+1 4.255840E+1 5.870560E+0 1.604310E+0 4.626140E-2
 2.878290E+2 6.248670E+1 5.818950E+1 9.845710E+0 2.783450E+0 1.196380E-1
 3.521120E+2 7.867770E+1 7.627610E+1 1.494130E+1 4.636000E+0 2.893120E-1
 4.233520E+2 9.621560E+1 9.630530E+1 2.080300E+1 7.358410E+0 6.424400E-1
 5.007170E+2 1.138040E+2 1.180820E+2 2.689640E+1 1.104630E+1 1.289410E+0
 5.818700E+2 1.301580E+2 1.410450E+2 3.269170E+1 1.568110E+1 2.314270E+0
 6.629480E+2 1.443590E+2 1.647420E+2 3.778980E+1 2.102190E+1 3.700670E+0
 7.513930E+2 1.571520E+2 1.895660E+2 4.231320E+1 2.694370E+1 5.356120E+0
 8.550680E+2 1.689280E+2 2.179520E+2 4.634580E+1 3.340860E+1 7.111790E+0
 9.250430E+2 1.764170E+2 2.408310E+2 4.905220E+1 3.969720E+1 8.703140E+0
 1.036140E+3 1.835770E+2 2.699630E+2 5.148500E+1 4.643000E+1 1.012260E+1
 9.999370E+0 9.130650E-1 2.057040E-1 5.933600E-4 3.926250E-4 1.365530E-7
 1.443620E+1 1.733020E+0 3.877380E-1 1.747340E-3 1.481180E-3 8.073220E-7
 2.061890E+1 3.014020E+0 7.136090E-1 5.009110E-3 4.219120E-3 3.607630E-6
 2.882380E+1 4.885890E+0 1.287360E+0 1.400600E-2 1.028310E-2 1.379660E-5
 3.982680E+1 7.417560E+0 2.274630E+0 3.805660E-2 2.286800E-2 4.812770E-5
 5.360490E+1 1.043620E+1 3.919970E+0 9.945430E-2 4.804690E-2 1.584560E-4
 7.111410E+1 1.425150E+1 6.550410E+0 2.476000E-1 9.720250E-2 5.014140E-4
 9.417960E+1 1.876650E+1 1.061820E+1 5.869700E-1 1.911500E-1 1.537010E-3
 1.227870E+2 2.470680E+1 1.661160E+1 1.304870E+0 3.664750E-1 4.568630E-3
 1.582430E+2 3.241850E+1 2.494060E+1 2.673750E+0 6.846010E-1 1.312100E-2
 2.004630E+2 4.181500E+1 3.562560E+1 4.939140E+0 1.240410E+0 3.605730E-2
 2.470410E+2 5.328840E+1 4.859090E+1 8.236710E+0 2.167680E+0 9.378000E-2
 2.999630E+2 6.628330E+1 6.333950E+1 1.242460E+1 3.630480E+0 2.277340E-1
 3.569150E+2 8.001700E+1 7.962680E+1 1.714800E+1 5.780970E+0 5.069820E-1
 4.185670E+2 9.342020E+1 9.709000E+1 2.194490E+1 8.695600E+0 1.017920E+0
 4.821790E+2 1.056580E+2 1.151440E+2 2.642800E+1 1.234560E+1 1.825540E+0
 5.470880E+2 1.160450E+2 1.338000E+2 3.029650E+1 1.654820E+1 2.914690E+0
 6.169600E+2 1.249210E+2 1.531150E+2 3.356860E+1 2.114670E+1 4.192860E+0
 6.828830E+2 1.320840E+2 1.727030E+2 3.620020E+1 2.597780E+1 5.513970E+0
 7.662230E+2 1.381780E+2 1.948160E+2 3.837170E+1 3.108690E+1 6.753800E+0
 8.305790E+2 1.421570E+2 2.142350E+2 3.984290E+1 3.605930E+1 7.796420E+0
 9.363100E+0 8.837150E-1 1.519900E-1 4.438830E-4 4.309930E-5 1.527790E-8
 1.355740E+1 1.668720E+0 2.999350E-1 1.367280E-3 4.022180E-4 2.225400E-7
 1.920260E+1 2.888140E+0 5.679300E-1 4.035460E-3 1.775460E-3 1.537800E-6
 2.653610E+1 4.578530E+0 1.043210E+0 1.148450E-2 5.490510E-3 7.451710E-6
 3.607190E+1 6.903500E+0 1.867080E+0 3.160670E-2 1.399900E-2 2.977710E-5
 4.818630E+1 9.526030E+0 3.256470E+0 8.392640E-2 3.191400E-2 1.063040E-4
 6.434990E+1 1.302610E+1 5.489540E+0 2.107940E-1 6.790990E-2 3.535720E-4
 8.362460E+1 1.711830E+1 8.896880E+0 4.965980E-1 1.379670E-1 1.119140E-3
 1.087740E+2 2.215900E+1 1.394770E+1 1.105960E+0 2.706010E-1 3.401770E-3
 1.372420E+2 2.813450E+1 2.081390E+1 2.236000E+0 5.140650E-1 9.929340E-3
 1.725460E+2 3.600630E+1 2.967350E+1 4.130760E+0 9.439560E-1 2.765970E-2
 2.117530E+2 4.517880E+1 4.028480E+1 6.838050E+0 1.666560E+0 7.262650E-2
 2.543510E+2 5.551530E+1 5.232120E+1 1.025670E+1 2.808990E+0 1.772250E-1
 3.004580E+2 6.607210E+1 6.540410E+1 1.402130E+1 4.492740E+0 3.957670E-1
 3.489280E+2 7.609060E+1 7.915890E+1 1.776300E+1 6.771990E+0 7.953050E-1
 4.009370E+2 8.507410E+1 9.360890E+1 2.118370E+1 9.622320E+0 1.425490E+0
 4.494760E+2 9.242710E+1 1.080040E+2 2.405480E+1 1.288500E+1 2.269070E+0
 5.018860E+2 9.839320E+1 1.228000E+2 2.638490E+1 1.643270E+1 3.249140E+0
 5.539180E+2 1.031380E+2 1.379610E+2 2.822550E+1 2.015680E+1 4.252880E+0
 6.094880E+2 1.066220E+2 1.534000E+2 2.958230E+1 2.395760E+1 5.173350E+0
 6.653650E+2 1.091190E+2 1.693830E+2 3.055990E+1 2.781030E+1 5.947630E+0
 8.869670E+0 8.357890E-1 1.093640E-1 3.228150E-4 -1.083040E-7 -3.394820E-11
 1.298120E+1 1.638750E+0 2.316810E-1 1.067540E-3 5.099950E-5 2.870620E-8
 1.806860E+1 2.775210E+0 4.572610E-1 3.279800E-3 5.476670E-4 4.804670E-7
 2.491320E+1 4.453180E+0 8.617240E-1 9.578390E-3 2.554150E-3 3.504290E-6
 3.367360E+1 6.496650E+0 1.567020E+0 2.678980E-2 8.113780E-3 1.742390E-5
 4.445550E+1 8.926460E+0 2.761090E+0 7.174750E-2 2.096400E-2 7.044320E-5
 5.925030E+1 1.222670E+1 4.706060E+0 1.829530E-1 4.804040E-2 2.521590E-4
 7.627310E+1 1.562360E+1 7.678940E+0 4.333120E-1 1.021420E-1 8.348410E-4
 9.783830E+1 2.002230E+1 1.200360E+1 9.558630E-1 2.062000E-1 2.610440E-3
 1.235300E+2 2.527220E+1 1.792160E+1 1.935240E+0 3.994510E-1 7.765920E-3
 1.532820E+2 3.176340E+1 2.547190E+1 3.554180E+0 7.439950E-1 2.193580E-2
 1.861160E+2 3.931430E+1 3.443170E+1 5.855580E+0 1.327660E+0 5.821700E-2
 2.221840E+2 4.771030E+1 4.454880E+1 8.710990E+0 2.254610E+0 1.430110E-1
 2.596670E+2 5.612730E+1 5.536340E+1 1.181530E+1 3.619830E+0 3.201520E-1
 3.006190E+2 6.381950E+1 6.675090E+1 1.480920E+1 5.470260E+0 6.436430E-1
 3.404340E+2 7.071910E+1 7.833130E+1 1.754040E+1 7.773540E+0 1.152970E+0
 3.821580E+2 7.623830E+1 9.017700E+1 1.978500E+1 1.041870E+1 1.834210E+0
 4.233510E+2 8.036500E+1 1.020610E+2 2.150530E+1 1.326450E+1 2.615200E+0
 4.668480E+2 8.367320E+1 1.144060E+2 2.286370E+1 1.626060E+1 3.413590E+0
 5.128060E+2 8.587080E+1 1.270160E+2 2.379750E+1 1.928980E+1 4.130730E+0
 5.553520E+2 8.705410E+1 1.388630E+2 2.436250E+1 2.227150E+1 4.717880E+0
 8.586400E+0 8.372480E-1 6.615760E-2 1.975930E-4 0.000000E+6 0.000000E+6
 1.230180E+1 1.557680E+0 1.620210E-1 7.548230E-4 -1.715400E-7 -8.519000E-11
 1.733780E+1 2.720940E+0 3.462760E-1 2.510450E-3 5.251240E-5 4.691970E-8
 2.342480E+1 4.246700E+0 6.836820E-1 7.676110E-3 6.906690E-4 9.605550E-7
 3.129990E+1 6.211770E+0 1.278730E+0 2.206750E-2 3.502440E-3 7.606990E-6
 4.149790E+1 8.506710E+0 2.293170E+0 6.018590E-2 1.159110E-2 3.933940E-5
 5.377320E+1 1.119330E+1 3.951910E+0 1.551160E-1 3.055730E-2 1.618520E-4
 6.934480E+1 1.433520E+1 6.512630E+0 3.727800E-1 7.054320E-2 5.814590E-4
 8.791790E+1 1.810020E+1 1.022190E+1 8.223580E-1 1.497500E-1 1.910740E-3
 1.101250E+2 2.240400E+1 1.523310E+1 1.653750E+0 2.993810E-1 5.863160E-3
 1.351740E+2 2.784560E+1 2.161030E+1 3.025040E+0 5.693610E-1 1.689780E-2
 1.620550E+2 3.389460E+1 2.909660E+1 4.944490E+0 1.032620E+0 4.557990E-2
 1.918340E+2 4.049070E+1 3.744640E+1 7.296400E+0 1.771730E+0 1.130550E-1
 2.250540E+2 4.707770E+1 4.632560E+1 9.810360E+0 2.858400E+0 2.539500E-1
 2.564390E+2 5.299470E+1 5.557200E+1 1.221360E+1 4.335890E+0 5.117680E-1
 2.894790E+2 5.798330E+1 6.486400E+1 1.431200E+1 6.172850E+0 9.162230E-1
 3.192090E+2 6.178200E+1 7.409860E+1 1.598320E+1 8.262580E+0 1.453250E+0
 3.610030E+2 6.492730E+1 8.438940E+1 1.732520E+1 1.054440E+1 2.071600E+0
 3.848670E+2 6.658400E+1 9.305840E+1 1.816530E+1 1.285570E+1 2.683570E+0
 4.227170E+2 6.772150E+1 1.028590E+2 1.874590E+1 1.520110E+1 3.229020E+0
 4.540930E+2 6.790550E+1 1.116540E+2 1.898840E+1 1.746760E+1 3.657120E+0
 8.449320E+0 8.401200E-1 2.341430E-2 7.104290E-5 0.000000E+6 0.000000E+6
 1.186600E+1 1.552850E+0 8.273660E-2 3.909530E-4 0.000000E+6 0.000000E+6
 1.632750E+1 2.664340E+0 2.166830E-1 1.591380E-3 -2.716380E-7 -2.136430E-10
 2.183640E+1 4.040080E+0 4.780440E-1 5.434220E-3 1.905610E-5 2.725660E-8
 2.901650E+1 5.897390E+0 9.544150E-1 1.668060E-2 5.703240E-4 1.260690E-6
 3.798710E+1 8.042460E+0 1.777780E+0 4.720710E-2 3.754630E-3 1.292350E-5
 4.911920E+1 1.040290E+1 3.133530E+0 1.242960E-1 1.404640E-2 7.531670E-5
 6.200970E+1 1.292890E+1 5.249170E+0 3.038860E-1 3.940670E-2 3.284020E-4
 7.761700E+1 1.591940E+1 8.309280E+0 6.765920E-1 9.368640E-2 1.207470E-3
 9.525600E+1 1.941350E+1 1.242090E+1 1.361100E+0 2.005190E-1 3.963910E-3
 1.152810E+2 2.352090E+1 1.755530E+1 2.463800E+0 3.977210E-1 1.190410E-2
 1.379660E+2 2.824680E+1 2.358400E+1 4.006160E+0 7.396740E-1 3.288610E-2
 1.622260E+2 3.305170E+1 3.015700E+1 5.836520E+0 1.292150E+0 8.298810E-2
 1.851090E+2 3.776310E+1 3.707140E+1 7.770450E+0 2.112580E+0 1.886900E-1
 2.107160E+2 4.184490E+1 4.414890E+1 9.558450E+0 3.224480E+0 3.819730E-1
 2.356360E+2 4.517820E+1 5.123590E+1 1.108120E+1 4.606510E+0 6.843750E-1
 2.626120E+2 4.756250E+1 5.830120E+1 1.224470E+1 6.169200E+0 1.083780E+0
 2.888480E+2 4.915810E+1 6.551680E+1 1.307720E+1 7.851820E+0 1.536520E+0
 3.103110E+2 4.993730E+1 7.221200E+1 1.359020E+1 9.552780E+0 1.979240E+0
 3.337680E+2 5.012780E+1 7.891240E+1 1.385320E+1 1.123710E+1 2.361450E+0
 3.563350E+2 4.988880E+1 8.540440E+1 1.393390E+1 1.289820E+1 2.662800E+0
 8.498990E+0 8.682620E-1 2.380050E-3 7.358970E-6 0.000000E+6 0.000000E+6
 1.163670E+1 1.552460E+0 2.357200E-2 1.132050E-4 0.000000E+6 0.000000E+6
 1.573910E+1 2.575290E+0 9.853320E-2 7.342130E-4 0.000000E+6 0.000000E+6
 2.092250E+1 3.972910E+0 2.789470E-1 3.213880E-3 0.000000E+6 0.000000E+6
 2.712510E+1 5.605600E+0 6.399780E-1 1.132130E-2 2.666730E-6 6.152730E-9
 3.508080E+1 7.570220E+0 1.290650E+0 3.468440E-2 3.954720E-4 1.387520E-6
 4.418410E+1 9.504760E+0 2.381320E+0 9.549480E-2 3.709830E-3 2.019100E-5
 5.547660E+1 1.163990E+1 4.091930E+0 2.389630E-1 1.619550E-2 1.366650E-4
 6.854280E+1 1.416130E+1 6.590140E+0 5.422140E-1 4.894490E-2 6.378470E-4
 8.316990E+1 1.672350E+1 9.949280E+0 1.101330E+0 1.201660E-1 2.399630E-3
 9.984320E+1 1.984660E+1 1.409060E+1 1.987060E+0 2.585400E-1 7.808940E-3
 1.173010E+2 2.324320E+1 1.884230E+1 3.198450E+0 5.050720E-1 2.263240E-2
 1.352060E+2 2.673690E+1 2.398160E+1 4.622500E+0 9.091010E-1 5.878810E-2
 1.538050E+2 2.992380E+1 2.930430E+1 6.065010E+0 1.514690E+0 1.359980E-1
 1.779510E+2 3.280790E+1 3.479970E+1 7.403110E+0 2.339480E+0 2.781940E-1
 1.926640E+2 3.465110E+1 3.988420E+1 8.436590E+0 3.358860E+0 4.997130E-1
 2.135990E+2 3.605650E+1 4.531400E+1 9.226670E+0 4.512790E+0 7.906770E-1
 2.295000E+2 3.662160E+1 5.017970E+1 9.706810E+0 5.725450E+0 1.114530E+0
 2.466290E+2 3.677320E+1 5.521420E+1 9.978450E+0 6.958220E+0 1.427800E+0
 2.624250E+2 3.654250E+1 6.002780E+1 1.007880E+1 8.182320E+0 1.697440E+0
 2.770630E+2 3.593760E+1 6.451260E+1 1.002310E+1 9.350880E+0 1.898450E+0
 8.764580E+0 9.298660E-1 1.438160E-5 4.875680E-8 0.000000E+6 0.000000E+6
 1.182140E+1 1.634800E+0 2.676350E-3 1.304320E-5 0.000000E+6 0.000000E+6
 1.574980E+1 2.644340E+0 3.064860E-2 2.314400E-4 0.000000E+6 0.000000E+6
 2.045220E+1 3.973670E+0 1.360280E-1 1.585720E-3 0.000000E+6 0.000000E+6
 2.622940E+1 5.548540E+0 3.933710E-1 7.033500E-3 0.000000E+6 0.000000E+6
 3.320920E+1 7.289030E+0 9.036450E-1 2.452090E-2 -1.073880E-6 -3.342440E-9
 4.109410E+1 8.925240E+0 1.792080E+0 7.255630E-2 4.414870E-4 2.444240E-6
 5.089660E+1 1.077220E+1 3.210780E+0 1.891030E-1 4.791480E-3 4.095110E-5
 6.206800E+1 1.264930E+1 5.291210E+0 4.381280E-1 2.199060E-2 2.895640E-4
 7.463720E+1 1.482880E+1 8.092820E+0 9.016400E-1 6.747960E-2 1.359660E-3
 8.827070E+1 1.717080E+1 1.154420E+1 1.637080E+0 1.647720E-1 5.016610E-3
 1.027090E+2 1.966520E+1 1.544620E+1 2.620150E+0 3.465970E-1 1.563790E-2
 1.164280E+2 2.220080E+1 1.960750E+1 3.757500E+0 6.520790E-1 4.240980E-2
 1.316890E+2 2.450110E+1 2.385420E+1 4.890790E+0 1.115440E+0 1.006090E-1
 1.458260E+2 2.625650E+1 2.803320E+1 5.873880E+0 1.748040E+0 2.083880E-1
 1.616900E+2 2.752220E+1 3.212610E+1 6.649930E+0 2.533140E+0 3.772090E-1
 1.776680E+2 2.830390E+1 3.633830E+1 7.204520E+0 3.420310E+0 5.983030E-1
 1.903510E+2 2.844070E+1 4.013630E+1 7.507470E+0 4.348910E+0 8.424230E-1
 2.025300E+2 2.817220E+1 4.376990E+1 7.623420E+0 5.275290E+0 1.073530E+0
 2.131220E+2 2.765710E+1 4.721860E+1 7.613010E+0 6.178480E+0 1.267020E+0
 2.240270E+2 2.692980E+1 5.053810E+1 7.500040E+0 7.043970E+0 1.408200E+0
 8.622720E+0 9.816240E-1 0.000000E+6 0.000000E+6 0.000000E+6 0.000000E+6
 1.201070E+1 1.713580E+0 2.251670E-5 1.201760E-7 0.000000E+6 0.000000E+6
 1.580110E+1 2.746350E+0 2.237760E-3 1.720210E-5 0.000000E+6 0.000000E+6
 2.022160E+1 4.006340E+0 3.563760E-2 4.214040E-4 0.000000E+6 0.000000E+6
 2.545030E+1 5.497400E+0 1.737150E-1 3.144010E-3 0.000000E+6 0.000000E+6
 3.157540E+1 7.021480E+0 5.189750E-1 1.423130E-2 0.000000E+6 0.000000E+6
 3.871910E+1 8.505550E+0 1.194200E+0 4.882250E-2 -1.692960E-6 -8.312600E-9
 4.694920E+1 9.915250E+0 2.322160E+0 1.379390E-1 4.205580E-4 3.653840E-6
 5.617800E+1 1.136200E+1 4.007450E+0 3.341320E-1 5.514270E-3 7.356240E-5
 6.651130E+1 1.287090E+1 6.281930E+0 7.019610E-1 2.736980E-2 5.573480E-4
 7.753020E+1 1.454440E+1 9.081120E+0 1.289360E+0 8.615190E-2 2.646760E-3
 8.898760E+1 1.634340E+1 1.223850E+1 2.074770E+0 2.090130E-1 9.503830E-3
 1.008270E+2 1.806030E+1 1.554090E+1 2.960080E+0 4.272330E-1 2.795630E-2
 1.111590E+2 1.957030E+1 1.888080E+1 3.828390E+0 7.694420E-1 6.978730E-2
 1.233220E+2 2.065930E+1 2.212880E+1 4.555990E+0 1.241110E+0 1.484680E-1
 1.325790E+2 2.121620E+1 2.512420E+1 5.076370E+0 1.821570E+0 2.713480E-1
 1.462290E+2 2.144430E+1 2.818210E+1 5.419630E+0 2.476030E+0 4.320370E-1
 1.552240E+2 2.127150E+1 3.100480E+1 5.586630E+0 3.162690E+0 6.088210E-1
 1.631620E+2 2.080270E+1 3.361610E+1 5.609020E+0 3.838990E+0 7.734960E-1
 1.700860E+2 2.012740E+1 3.603180E+1 5.526110E+0 4.489270E+0 9.056330E-1
 1.774410E+2 1.937770E+1 3.828240E+1 5.386870E+0 5.096570E+0 1.000430E+0
 8.456940E+0 9.929870E-1 0.000000E+6 0.000000E+6 0.000000E+6 0.000000E+6
 1.138430E+1 1.733200E+0 0.000000E+6 0.000000E+6 0.000000E+6 0.000000E+6
 1.487680E+1 2.756790E+0 0.000000E+6 0.000000E+6 0.000000E+6 0.000000E+6
 1.949580E+1 3.996010E+0 5.011970E-4 6.053580E-6 0.000000E+6 0.000000E+6
 2.420010E+1 5.342250E+0 2.400590E-2 4.420070E-4 0.000000E+6 0.000000E+6
 2.936050E+1 6.620890E+0 1.604500E-1 4.464230E-3 0.000000E+6 0.000000E+6
 3.512120E+1 7.793480E+0 5.432330E-1 2.247120E-2 0.000000E+6 0.000000E+6
 4.172890E+1 8.820010E+0 1.305420E+0 7.834930E-2 -2.661390E-6 -2.055310E-8
 4.887490E+1 9.684710E+0 2.533310E+0 2.130240E-1 1.075550E-4 1.477050E-6
 5.677330E+1 1.061460E+1 4.242040E+0 4.770630E-1 3.731520E-3 7.722520E-5
 6.504130E+1 1.158640E+1 6.351830E+0 9.029640E-1 2.420710E-2 7.531600E-4
 7.362860E+1 1.259790E+1 8.710340E+0 1.472270E+0 8.487090E-2 3.899260E-3
 8.150190E+1 1.354980E+1 1.114830E+1 2.103210E+0 2.124350E-1 1.401520E-2
 9.000500E+1 1.430300E+1 1.353430E+1 2.696100E+0 4.285290E-1 3.907580E-2
 9.710640E+1 1.478340E+1 1.584880E+1 3.181450E+0 7.417060E-1 8.899320E-2
 1.043810E+2 1.490170E+1 1.799100E+1 3.505900E+0 1.133350E+0 1.687660E-1
 1.115860E+2 1.473580E+1 1.997720E+1 3.682760E+0 1.573810E+0 2.734070E-1
 1.172700E+2 1.432610E+1 2.180810E+1 3.732520E+0 2.029880E+0 3.870940E-1
 1.227230E+2 1.376380E+1 2.348540E+1 3.689750E+0 2.475040E+0 4.914460E-1
 1.270930E+2 1.311950E+1 2.503880E+1 3.586890E+0 2.895570E+0 5.736050E-1
 1.304200E+2 1.243430E+1 2.646610E+1 3.446210E+0 3.288610E+0 6.286570E-1
 7.575110E+0 9.098370E-1 0.000000E+6 0.000000E+6 0.000000E+6 0.000000E+6
 1.026980E+1 1.588100E+0 0.000000E+6 0.000000E+6 0.000000E+6 0.000000E+6
 1.340770E+1 2.518600E+0 0.000000E+6 0.000000E+6 0.000000E+6 0.000000E+6
 1.680950E+1 3.603270E+0 0.000000E+6 0.000000E+6 0.000000E+6 0.000000E+6
 2.118520E+1 4.690600E+0 8.172070E-5 1.645200E-6 0.000000E+6 0.000000E+6
 2.529120E+1 5.729170E+0 1.041270E-2 2.946950E-4 0.000000E+6 0.000000E+6
 2.962030E+1 6.521740E+0 1.160330E-1 4.867710E-3 0.000000E+6 0.000000E+6
 3.428990E+1 7.113200E+0 4.698870E-1 2.852350E-2 0.000000E+6 0.000000E+6
 3.937290E+1 7.577470E+0 1.199680E+0 1.016880E-1 0.000000E+6 0.000000E+6
 4.503690E+1 8.026410E+0 2.339260E+0 2.641880E-1 -6.463800E-6 -1.214780E-7
 5.064690E+1 8.457280E+0 3.807980E+0 5.414480E-1 1.688670E-3 5.345200E-5
 5.627270E+1 8.922670E+0 5.468660E+0 9.185290E-1 1.672710E-2 7.779570E-4
 6.169190E+1 9.326200E+0 7.166580E+0 1.334620E+0 6.821090E-2 4.541730E-3
 6.700240E+1 9.616300E+0 8.812060E+0 1.719230E+0 1.790240E-1 1.643350E-2
 7.220970E+1 9.704400E+0 1.035950E+1 2.014230E+0 3.583220E-1 4.305730E-2
 7.563300E+1 9.543990E+0 1.171780E+1 2.192340E+0 5.960400E-1 8.865200E-2
 8.011900E+1 9.238210E+0 1.297180E+1 2.270590E+0 8.693970E-1 1.500990E-1
 8.322430E+1 8.769320E+0 1.399310E+1 2.258410E+0 1.150330E+0 2.168430E-1
 8.602150E+1 8.277170E+0 1.505650E+1 2.200400E+0 1.424020E+0 2.777260E-1
 8.942050E+1 7.730640E+0 1.591610E+1 2.100760E+0 1.675760E+0 3.235100E-1
 9.105360E+1 7.195310E+0 1.671590E+1 1.985490E+0 1.905410E+0 3.526560E-1
 6.250700E+0 7.616240E-1 0.000000E+6 0.000000E+6 0.000000E+6 0.000000E+6
 8.467370E+0 1.327760E+0 0.000000E+6 0.000000E+6 0.000000E+6 0.000000E+6
 1.098640E+1 2.086220E+0 0.000000E+6 0.000000E+6 0.000000E+6 0.000000E+6
 1.377880E+1 2.958760E+0 0.000000E+6 0.000000E+6 0.000000E+6 0.000000E+6
 1.662170E+1 3.802010E+0 0.000000E+6 0.000000E+6 0.000000E+6 0.000000E+6
 2.020020E+1 4.520950E+0 1.205550E-4 3.691380E-6 0.000000E+6 0.000000E+6
 2.327670E+1 5.038510E+0 5.571680E-3 2.374820E-4 0.000000E+6 0.000000E+6
 2.637610E+1 5.368080E+0 9.251770E-2 5.670170E-3 0.000000E+6 0.000000E+6
 2.977020E+1 5.561910E+0 4.083480E-1 3.485000E-2 0.000000E+6 0.000000E+6
 3.330290E+1 5.687380E+0 1.047570E+0 1.187160E-1 0.000000E+6 0.000000E+6
 3.718080E+1 5.836040E+0 1.986960E+0 2.821370E-1 -9.923060E-6 -2.865640E-7
 4.077810E+1 5.977610E+0 3.099210E+0 5.169880E-1 9.488660E-4 4.476700E-5
 4.363920E+1 6.098380E+0 4.258100E+0 7.817090E-1 1.269880E-2 8.531110E-4
 4.728410E+1 6.144000E+0 5.368050E+0 1.024230E+0 5.512470E-2 5.088140E-3
 5.024160E+1 6.070530E+0 6.385560E+0 1.203800E+0 1.434020E-1 1.728610E-2
 5.304830E+1 5.861250E+0 7.270050E+0 1.304690E+0 2.760820E-1 4.096990E-2
 5.512960E+1 5.555810E+0 8.036850E+0 1.336990E+0 4.378020E-1 7.505930E-2
 5.689500E+1 5.185040E+0 8.696580E+0 1.315060E+0 6.085090E-1 1.132730E-1
 5.826750E+1 4.785860E+0 9.272410E+0 1.259050E+0 7.731200E-1 1.476950E-1
 5.937230E+1 4.394800E+0 9.777910E+0 1.185420E+0 9.242520E-1 1.736680E-1
 6.032580E+1 4.023540E+0 1.021720E+1 1.104250E+0 1.057040E+0 1.894910E-1
---