PdfType: central
Format: lhagrid1
---
 1.000000E-6 1.700000E-6 3.200000E-6 6.000000E-6 1.000000E-5 1.700000E-5 3.200000E-5 6.000000E-5 1.000000E-4 1.700000E-4 3.200000E-4 6.000000E-4 1.000000E-3 1.700000E-3 3.200000E-3 6.000000E-3 1.000000E-2 1.700000E-2 3.200000E-2 6.000000E-2 1.000000E-1
 3.162278E-1 3.981068E-1 5.011876E-1 6.309572E-1 7.943280E-1 1.000000E+0 1.258924E+0 1.584894E+0 1.995262E+0 2.511886E+0 3.162278E+0 3.981068E+0 5.011876E+0 6.309572E+0 7.943280E+0 1.000000E+1 1.258924E+1 1.584894E+1 1.995262E+1 2.511886E+1 3.162278E+1
900 901 917 918 920 921
 2.747010E-1 2.060500E-2 1.170590E-2 3.211970E-5 2.104080E-4 6.760080E-8
 4.138970E-1 4.073040E-2 2.060360E-2 8.898140E-5 3.794740E-4 1.930180E-7
 6.106250E-1 7.529210E-2 3.600980E-2 2.436710E-4 6.833750E-4 5.499660E-7
 8.954310E-1 1.312180E-1 6.264480E-2 6.609450E-4 1.229470E-3 1.564550E-6
 1.273990E+0 2.109160E-1 1.071560E-1 1.750960E-3 2.207180E-3 4.437490E-6
 1.795000E+0 3.232620E-1 1.809370E-1 4.523760E-3 3.955830E-3 1.255360E-5
 2.518620E+0 4.790910E-1 2.997600E-1 1.129510E-2 7.065520E-3 3.530850E-5
 3.453630E+0 6.833620E-1 4.812070E-1 2.664570E-2 1.253760E-2 9.823770E-5
 4.801590E+0 9.875690E-1 7.600490E-1 6.003270E-2 2.214300E-2 2.705820E-4
 6.341130E+0 1.348610E+0 1.129440E+0 1.218310E-1 3.848370E-2 7.268720E-4
 8.113380E+0 1.791770E+0 1.592760E+0 2.233590E-1 6.552550E-2 1.889340E-3
 1.021730E+1 2.325750E+0 2.161450E+0 3.702480E-1 1.092910E-1 4.708010E-3
 1.275890E+1 2.958980E+0 2.840090E+0 5.618060E-1 1.757710E-1 1.101380E-2
 1.519590E+1 3.543340E+0 3.532520E+0 7.644740E-1 2.697260E-1 2.366390E-2
 1.770740E+1 4.079540E+0 4.257440E+0 9.620100E-1 3.935500E-1 4.609850E-2
 2.031890E+1 4.542470E+0 5.006650E+0 1.138550E+0 5.439800E-1 8.042340E-2
 2.296740E+1 4.917390E+0 5.768760E+0 1.284980E+0 7.138770E-1 1.254230E-1
 2.564890E+1 5.211500E+0 6.540990E+0 1.401180E+0 8.967000E-1 1.767600E-1
 2.831000E+1 5.425500E+0 7.304810E+0 1.487300E+0 1.084590E+0 2.279370E-1
 3.099310E+1 5.588540E+0 8.084040E+0 1.552510E+0 1.278340E+0 2.747540E-1
 3.367530E+1 5.699030E+0 8.859570E+0 1.597610E+0 1.472700E+0 3.137210E-1
 2.635830E-1 2.033220E-2 1.029500E-2 2.831460E-5 1.809920E-4 5.817100E-8
 3.699730E-1 4.116270E-2 1.665380E-2 7.886410E-5 3.266200E-4 1.662190E-7
 5.945520E-1 7.615220E-2 3.210160E-2 2.183470E-4 5.888260E-4 4.742740E-7
 8.364330E-1 1.264300E-1 5.514950E-2 5.840680E-4 1.059010E-3 1.348550E-6
 1.227610E+0 2.095130E-1 9.606890E-2 1.577240E-3 1.904910E-3 3.834440E-6
 1.684380E+0 3.103360E-1 1.608060E-1 4.035980E-3 3.411400E-3 1.083160E-5
 2.323280E+0 4.516570E-1 2.654410E-1 1.002770E-2 6.088990E-3 3.042660E-5
 3.176070E+0 6.366320E-1 4.267840E-1 2.369250E-2 1.081390E-2 8.476090E-5
 4.289610E+0 8.872540E-1 6.643630E-1 5.251790E-2 1.905600E-2 2.329290E-4
 5.750790E+0 1.229300E+0 1.000050E+0 1.081310E-1 3.320920E-2 6.275870E-4
 7.183790E+0 1.586040E+0 1.392650E+0 1.951980E-1 5.649850E-2 1.628000E-3
 9.163510E+0 2.076830E+0 1.908050E+0 3.268340E-1 9.439230E-2 4.069890E-3
 1.138680E+1 2.616530E+0 2.499470E+0 4.931600E-1 1.517520E-1 9.513780E-3
 1.350560E+1 3.110370E+0 3.101400E+0 6.680410E-1 2.328620E-1 2.043750E-2
 1.567360E+1 3.561780E+0 3.729370E+0 8.375650E-1 3.397620E-1 3.980070E-2
 1.791790E+1 3.948260E+0 4.375410E+0 9.878910E-1 4.694730E-1 6.939170E-2
 2.020130E+1 4.260380E+0 5.032560E+0 1.112080E+0 6.159110E-1 1.081470E-1
 2.250230E+1 4.503240E+0 5.696650E+0 1.209920E+0 7.732560E-1 1.522710E-1
 2.478500E+1 4.681730E+0 6.356030E+0 1.282860E+0 9.355090E-1 1.962540E-1
 2.709050E+1 4.813220E+0 7.022470E+0 1.336750E+0 1.101250E+0 2.363390E-1
 2.940290E+1 4.907200E+0 7.700760E+0 1.375390E+0 1.269600E+0 2.699130E-1
 2.458000E-1 1.974860E-2 8.779790E-3 2.423100E-5 1.511890E-4 4.860730E-8
 3.686890E-1 3.895790E-2 1.551750E-2 6.739170E-5 2.729070E-4 1.389340E-7
 5.345780E-1 7.040940E-2 2.714990E-2 1.851410E-4 4.919240E-4 3.962340E-7
 7.957080E-1 1.246480E-1 4.785800E-2 5.094760E-4 8.865130E-4 1.129890E-6
 1.127680E+0 1.986930E-1 8.250040E-2 1.359950E-3 1.593810E-3 3.209850E-6
 1.528280E+0 2.897450E-1 1.380940E-1 3.480690E-3 2.854170E-3 9.067310E-6
 2.115100E+0 4.234060E-1 2.296190E-1 8.742900E-3 5.101550E-3 2.552610E-5
 2.881040E+0 5.911910E-1 3.702570E-1 2.067260E-2 9.064620E-3 7.111820E-5
 3.816370E+0 7.990270E-1 5.721970E-1 4.545460E-2 1.596060E-2 1.952520E-4
 5.041050E+0 1.081950E+0 8.548900E-1 9.279780E-2 2.779780E-2 5.257920E-4
 6.351360E+0 1.397320E+0 1.200900E+0 1.685050E-1 4.739810E-2 1.366780E-3
 8.044570E+0 1.806390E+0 1.639580E+0 2.805710E-1 7.903450E-2 3.408520E-3
 9.891000E+0 2.249870E+0 2.138140E+0 4.206560E-1 1.273960E-1 7.992050E-3
 1.170270E+1 2.656050E+0 2.647970E+0 5.675460E-1 1.952770E-1 1.714540E-2
 1.352050E+1 3.022340E+0 3.176290E+0 7.084890E-1 2.848850E-1 3.337560E-2
 1.539780E+1 3.334560E+0 3.718410E+0 8.327190E-1 3.935520E-1 5.815010E-2
 1.730850E+1 3.586120E+0 4.268980E+0 9.349280E-1 5.161190E-1 9.056560E-2
 1.922320E+1 3.779300E+0 4.822510E+0 1.014610E+0 6.475310E-1 1.273740E-1
 2.114750E+1 3.923750E+0 5.379790E+0 1.074650E+0 7.840060E-1 1.642460E-1
 2.307260E+1 4.027580E+0 5.937580E+0 1.118200E+0 9.226910E-1 1.975640E-1
 2.498370E+1 4.102090E+0 6.494900E+0 1.149500E+0 1.062440E+0 2.254780E-1
 2.378780E-1 1.982120E-2 7.528310E-3 2.086880E-5 1.264050E-4 4.064800E-8
 3.431300E-1 3.739980E-2 1.323230E-2 5.763690E-5 2.282010E-4 1.162060E-7
 4.988980E-1 6.754570E-2 2.325530E-2 1.589090E-4 4.116570E-4 3.318120E-7
 7.177440E-1 1.154290E-1 4.058830E-2 4.331720E-4 7.416550E-4 9.455780E-7
 1.035840E+0 1.883740E-1 7.069910E-2 1.170080E-3 1.334250E-3 2.688380E-6
 1.403200E+0 2.737730E-1 1.190190E-1 3.012660E-3 2.391400E-3 7.600400E-6
 1.921510E+0 3.904570E-1 1.977590E-1 7.536290E-3 4.274790E-3 2.139060E-5
 2.568810E+0 5.333990E-1 3.175520E-1 1.777890E-2 7.593270E-3 5.959650E-5
 3.427250E+0 7.247480E-1 4.948870E-1 3.939870E-2 1.338910E-2 1.638720E-4
 4.516360E+0 9.707650E-1 7.414900E-1 8.045600E-2 2.334290E-2 4.417110E-4
 5.619840E+0 1.231500E+0 1.036520E+0 1.454470E-1 3.979720E-2 1.148520E-3
 7.030850E+0 1.566870E+0 1.405390E+0 2.403170E-1 6.631150E-2 2.861600E-3
 8.588050E+0 1.930130E+0 1.826030E+0 3.581380E-1 1.069450E-1 6.713980E-3
 1.011670E+1 2.263470E+0 2.255570E+0 4.814100E-1 1.637900E-1 1.438560E-2
 1.166570E+1 2.562360E+0 2.700750E+0 5.988190E-1 2.386540E-1 2.795080E-2
 1.322340E+1 2.814580E+0 3.156530E+0 7.016160E-1 3.300090E-1 4.874730E-2
 1.482310E+1 3.017650E+0 3.617730E+0 7.858390E-1 4.326200E-1 7.587070E-2
 1.642700E+1 3.173160E+0 4.081450E+0 8.512750E-1 5.426260E-1 1.066360E-1
 1.803110E+1 3.288700E+0 4.546790E+0 9.003100E-1 6.566980E-1 1.374110E-1
 1.963870E+1 3.371590E+0 5.012740E+0 9.358020E-1 7.725360E-1 1.651920E-1
 2.119150E+1 3.424500E+0 5.462580E+0 9.594610E-1 8.870140E-1 1.881220E-1
 2.249960E-1 1.926240E-2 6.588270E-3 1.829690E-5 1.092680E-4 3.514110E-8
 3.222350E-1 3.609330E-2 1.159460E-2 5.057620E-5 1.972710E-4 1.004790E-7
 4.829350E-1 6.770900E-2 2.056310E-2 1.409670E-4 3.559920E-4 2.870090E-7
 6.653600E-1 1.095740E-1 3.561950E-2 3.809820E-4 6.414680E-4 8.181200E-7
 9.457730E-1 1.759610E-1 6.182680E-2 1.025590E-3 1.154030E-3 2.325730E-6
 1.293870E+0 2.576380E-1 1.046170E-1 2.656380E-3 2.069170E-3 6.580240E-6
 1.765700E+0 3.655380E-1 1.740000E-1 6.628090E-3 3.697880E-3 1.849400E-5
 2.417280E+0 5.117150E-1 2.844340E-1 1.598790E-2 6.586950E-3 5.173340E-5
 3.099030E+0 6.622090E-1 4.363090E-1 3.486420E-2 1.159310E-2 1.419030E-4
 4.081650E+0 8.786130E-1 6.544540E-1 7.112740E-2 2.022070E-2 3.828220E-4
 5.031130E+0 1.103050E+0 9.128020E-1 1.284090E-1 3.448410E-2 9.959040E-4
 6.291750E+0 1.391600E+0 1.237350E+0 2.113840E-1 5.746750E-2 2.481150E-3
 7.646800E+0 1.700820E+0 1.603520E+0 3.137150E-1 9.266100E-2 5.819120E-3
 8.969360E+0 1.983800E+0 1.976460E+0 4.204230E-1 1.419030E-1 1.246590E-2
 1.031310E+1 2.236820E+0 2.362970E+0 5.216050E-1 2.067520E-1 2.421520E-2
 1.166440E+1 2.449790E+0 2.758630E+0 6.098550E-1 2.858570E-1 4.221910E-2
 1.303130E+1 2.621130E+0 3.150450E+0 6.820480E-1 3.740320E-1 6.566280E-2
 1.443290E+1 2.750910E+0 3.558760E+0 7.375930E-1 4.698240E-1 9.225000E-2
 1.582130E+1 2.848250E+0 3.961280E+0 7.794640E-1 5.684480E-1 1.188480E-1
 1.720350E+1 2.917800E+0 4.363460E+0 8.096750E-1 6.685790E-1 1.428340E-1
 1.858150E+1 2.967010E+0 4.765790E+0 8.311550E-1 7.694400E-1 1.628710E-1
 2.064950E-1 1.802090E-2 5.717370E-3 1.589960E-5 9.389970E-5 3.020180E-8
 3.127850E-1 3.614840E-2 1.016650E-2 4.452590E-5 1.695810E-4 8.638270E-8
 4.406160E-1 6.320320E-2 1.781170E-2 1.222530E-4 3.060070E-4 2.467610E-7
 6.281740E-1 1.064960E-1 3.124070E-2 3.349420E-4 5.516220E-4 7.036700E-7
 8.946410E-1 1.699460E-1 5.439860E-2 9.044450E-4 9.928710E-4 2.001870E-6
 1.183650E+0 2.449560E-1 8.968340E-2 2.325520E-3 1.781590E-3 5.666380E-6
 1.621920E+0 3.411280E-1 1.530530E-1 5.865870E-3 3.184240E-3 1.594210E-5
 2.144100E+0 4.565540E-1 2.463330E-1 1.386010E-2 5.661760E-3 4.446410E-5
 2.809030E+0 6.035690E-1 3.830760E-1 3.068280E-2 9.982930E-3 1.223080E-4
 3.667270E+0 7.889500E-1 5.735160E-1 6.238940E-2 1.740830E-2 3.297010E-4
 4.494210E+0 9.790120E-1 7.990390E-1 1.122510E-1 2.969750E-2 8.578340E-4
 5.593260E+0 1.227620E+0 1.081860E+0 1.846780E-1 4.949970E-2 2.138000E-3
 6.775170E+0 1.490130E+0 1.398520E+0 2.732840E-1 7.977910E-2 5.011480E-3
 7.907410E+0 1.727110E+0 1.721130E+0 3.647370E-1 1.222080E-1 1.073750E-2
 9.068100E+0 1.940060E+0 2.054780E+0 4.514230E-1 1.780390E-1 2.085330E-2
 1.022860E+1 2.118960E+0 2.395510E+0 5.267980E-1 2.461470E-1 3.634780E-2
 1.140650E+1 2.262240E+0 2.732530E+0 5.881750E-1 3.219990E-1 5.650520E-2
 1.260530E+1 2.370720E+0 3.083390E+0 6.353220E-1 4.043710E-1 7.934880E-2
 1.379690E+1 2.452220E+0 3.429710E+0 6.708610E-1 4.891740E-1 1.021960E-1
 1.498410E+1 2.510040E+0 3.775890E+0 6.963750E-1 5.752430E-1 1.227730E-1
 1.616240E+1 2.550900E+0 4.120300E+0 7.144910E-1 6.617710E-1 1.399560E-1
 1.911200E-1 1.725730E-2 4.832780E-3 1.348030E-5 7.837200E-5 2.521100E-8
 2.899320E-1 3.451870E-2 8.599480E-3 3.774120E-5 1.415600E-4 7.211770E-8
 4.055890E-1 5.997680E-2 1.510930E-2 1.038210E-4 2.554730E-4 2.060450E-7
 5.736820E-1 9.932800E-2 2.646260E-2 2.841580E-4 4.606280E-4 5.877720E-7
 7.973810E-1 1.539700E-1 4.591690E-2 7.644170E-4 8.291840E-4 1.672220E-6
 1.079760E+0 2.238250E-1 7.808950E-2 1.992970E-3 1.488600E-3 4.736970E-6
 1.447510E+0 3.090140E-1 1.301190E-1 4.999000E-3 2.662030E-3 1.333380E-5
 1.908330E+0 4.117290E-1 2.101720E-1 1.187130E-2 4.733940E-3 3.719730E-5
 2.487230E+0 5.322240E-1 3.264890E-1 2.610620E-2 8.348950E-3 1.023020E-4
 3.217130E+0 6.912310E-1 4.885660E-1 5.322940E-2 1.455650E-2 2.757730E-4
 3.928220E+0 8.517140E-1 6.813570E-1 9.586230E-2 2.484670E-2 7.180440E-4
 4.850960E+0 1.052510E+0 9.193600E-1 1.566510E-1 4.140890E-2 1.789110E-3
 5.843200E+0 1.267810E+0 1.185200E+0 2.310190E-1 6.673050E-2 4.193060E-3
 6.796370E+0 1.461550E+0 1.456790E+0 3.074380E-1 1.022210E-1 8.982460E-3
 7.765960E+0 1.634930E+0 1.736390E+0 3.795100E-1 1.489040E-1 1.744100E-2
 8.734460E+0 1.780550E+0 2.021250E+0 4.420230E-1 2.058450E-1 3.039310E-2
 9.717850E+0 1.896520E+0 2.302470E+0 4.926490E-1 2.692120E-1 4.722510E-2
 1.072780E+1 1.982270E+0 2.592180E+0 5.309380E-1 3.375730E-1 6.619450E-2
 1.170920E+1 2.050420E+0 2.885150E+0 5.607380E-1 4.088020E-1 8.534180E-2
 1.270050E+1 2.095110E+0 3.168530E+0 5.811350E-1 4.801370E-1 1.023940E-1
 1.370710E+1 2.126440E+0 3.457430E+0 5.955160E-1 5.519230E-1 1.166100E-1
 1.765680E-1 1.628280E-2 4.078790E-3 1.139380E-5 6.548110E-5 2.106580E-8
 2.598510E-1 3.161730E-2 7.255040E-3 3.189360E-5 1.182730E-4 6.026210E-8
 3.849020E-1 5.870900E-2 1.286030E-2 8.873450E-5 2.134950E-4 1.722140E-7
 5.392170E-1 9.633190E-2 2.256290E-2 2.429320E-4 3.849830E-4 4.913300E-7
 7.360630E-1 1.468880E-1 3.913240E-2 6.537280E-4 6.931630E-4 1.398250E-6
 9.756310E-1 2.041060E-1 6.645980E-2 1.698830E-3 1.244940E-3 3.963230E-6
 1.330250E+0 2.889880E-1 1.117130E-1 4.305990E-3 2.227910E-3 1.116630E-5
 1.708490E+0 3.717340E-1 1.789250E-1 1.015270E-2 3.961460E-3 3.113950E-5
 2.189770E+0 4.728910E-1 2.781800E-1 2.234690E-2 6.986360E-3 8.561790E-5
 2.818420E+0 6.034380E-1 4.155470E-1 4.531560E-2 1.218140E-2 2.308540E-4
 3.462460E+0 7.411730E-1 5.827240E-1 8.181390E-2 2.081940E-2 6.018410E-4
 4.196690E+0 9.009610E-1 7.800930E-1 1.328310E-1 3.472820E-2 1.501330E-3
 5.033770E+0 1.076300E+0 1.002590E+0 1.949510E-1 5.583370E-2 3.508250E-3
 5.825870E+0 1.235010E+0 1.231670E+0 2.589390E-1 8.568040E-2 7.532530E-3
 6.638040E+0 1.377140E+0 1.466240E+0 3.190560E-1 1.247820E-1 1.462240E-2
 7.457150E+0 1.496150E+0 1.704410E+0 3.709360E-1 1.722560E-1 2.543060E-2
 8.278560E+0 1.590390E+0 1.939740E+0 4.127960E-1 2.252320E-1 3.949710E-2
 9.111650E+0 1.662430E+0 2.184820E+0 4.450320E-1 2.827480E-1 5.543840E-2
 9.940540E+0 1.713790E+0 2.420960E+0 4.685620E-1 3.411430E-1 7.125750E-2
 1.078550E+1 1.750590E+0 2.664370E+0 4.854670E-1 4.012390E-1 8.549410E-2
 1.160550E+1 1.777130E+0 2.904490E+0 4.976230E-1 4.614180E-1 9.741080E-2
 1.683880E-1 1.599050E-2 3.549900E-3 9.932120E-6 5.657590E-5 1.820180E-8
 2.454930E-1 3.058760E-2 6.325790E-3 2.786490E-5 1.021990E-4 5.207610E-8
 3.594690E-1 5.593200E-2 1.121620E-2 7.751760E-5 1.844920E-4 1.488330E-7
 4.922850E-1 8.927470E-2 1.964600E-2 2.116680E-4 3.326940E-4 4.246420E-7
 6.715900E-1 1.351580E-1 3.408340E-2 5.693470E-4 5.990780E-4 1.208630E-6
 8.978340E-1 1.924100E-1 5.816230E-2 1.489890E-3 1.076120E-3 3.426560E-6
 1.207680E+0 2.640510E-1 9.754620E-2 3.763500E-3 1.925980E-3 9.656160E-6
 1.548470E+0 3.388830E-1 1.571120E-1 8.898560E-3 3.427070E-3 2.694270E-5
 1.974140E+0 4.266590E-1 2.435940E-1 1.960500E-2 6.043610E-3 7.408970E-5
 2.491260E+0 5.326980E-1 3.614090E-1 3.950870E-2 1.052940E-2 1.995910E-4
 3.100240E+0 6.580830E-1 5.102410E-1 7.164410E-2 1.801060E-2 5.207230E-4
 3.726920E+0 7.924500E-1 6.817570E-1 1.158930E-1 3.005920E-2 1.299970E-3
 4.454440E+0 9.412450E-1 8.744930E-1 1.697330E-1 4.830170E-2 3.035540E-3
 5.149260E+0 1.076720E+0 1.072940E+0 2.250790E-1 7.401310E-2 6.505310E-3
 5.843050E+0 1.196780E+0 1.276060E+0 2.768310E-1 1.079430E-1 1.264910E-2
 6.556820E+0 1.298020E+0 1.482690E+0 3.214940E-1 1.489990E-1 2.199560E-2
 7.270520E+0 1.377840E+0 1.689880E+0 3.573710E-1 1.951400E-1 3.416090E-2
 7.984000E+0 1.438920E+0 1.897980E+0 3.850500E-1 2.445120E-1 4.792630E-2
 8.678320E+0 1.481440E+0 2.102710E+0 4.049170E-1 2.954140E-1 6.152870E-2
 9.391190E+0 1.513390E+0 2.311350E+0 4.196300E-1 3.472990E-1 7.386650E-2
 1.009830E+1 1.536050E+0 2.519570E+0 4.300810E-1 3.994350E-1 8.415900E-2
 1.566990E-1 1.517820E-2 3.067640E-3 8.591640E-6 4.860410E-5 1.563830E-8
 2.296340E-1 2.916820E-2 5.473600E-3 2.413870E-5 8.780280E-5 4.474430E-8
 3.290710E-1 5.181160E-2 9.710210E-3 6.719710E-5 1.585110E-4 1.278840E-7
 4.631340E-1 8.583420E-2 1.707940E-2 1.844790E-4 2.858850E-4 3.649320E-7
 6.305520E-1 1.289810E-1 2.971000E-2 4.972220E-4 5.148350E-4 1.038790E-6
 8.254250E-1 1.784710E-1 5.060930E-2 1.297470E-3 9.249270E-4 2.945430E-6
 1.102150E+0 2.433470E-1 8.493640E-2 3.281620E-3 1.655810E-3 8.302100E-6
 1.421570E+0 3.120660E-1 1.374810E-1 7.801730E-3 2.947360E-3 2.318000E-5
 1.803770E+0 3.887970E-1 2.134280E-1 1.717090E-2 5.200880E-3 6.378460E-5
 2.251100E+0 4.772480E-1 3.159960E-1 3.451260E-2 9.061040E-3 1.717800E-4
 2.754010E+0 5.786140E-1 4.437770E-1 6.226270E-2 1.549550E-2 4.481200E-4
 3.293910E+0 6.920370E-1 5.919800E-1 1.004610E-1 2.585780E-2 1.118390E-3
 3.920430E+0 8.183370E-1 7.584890E-1 1.469500E-1 4.155730E-2 2.612420E-3
 4.519310E+0 9.321800E-1 9.289650E-1 1.943700E-1 6.365320E-2 5.595120E-3
 5.123580E+0 1.033840E+0 1.103740E+0 2.387120E-1 9.270430E-2 1.085920E-2
 5.731410E+0 1.119490E+0 1.282120E+0 2.769980E-1 1.281480E-1 1.891550E-2
 6.327320E+0 1.187020E+0 1.456910E+0 3.077090E-1 1.675130E-1 2.937150E-2
 6.957070E+0 1.238470E+0 1.639230E+0 3.312790E-1 2.102540E-1 4.120110E-2
 7.569610E+0 1.275790E+0 1.818100E+0 3.486090E-1 2.540820E-1 5.296270E-2
 8.182490E+0 1.301560E+0 1.993800E+0 3.608510E-1 2.981170E-1 6.351020E-2
 8.798690E+0 1.319850E+0 2.172810E+0 3.695060E-1 3.428120E-1 7.230220E-2
 1.437550E-1 1.421860E-2 2.574580E-3 7.216300E-6 4.055280E-5 1.304910E-8
 2.104620E-1 2.739630E-2 4.598870E-3 2.030620E-5 7.326020E-5 3.733580E-8
 2.965520E-1 4.789090E-2 8.165670E-3 5.659190E-5 1.322630E-4 1.067150E-7
 4.161390E-1 7.835610E-2 1.438640E-2 1.556630E-4 2.385680E-4 3.045590E-7
 5.599820E-1 1.165390E-1 2.500270E-2 4.188250E-4 4.296470E-4 8.670140E-7
 7.537080E-1 1.653340E-1 4.288860E-2 1.101580E-3 7.720260E-4 2.458840E-6
 9.639590E-1 2.143540E-1 7.143770E-2 2.761580E-3 1.382140E-3 6.931030E-6
 1.246970E+0 2.734260E-1 1.159370E-1 6.583440E-3 2.460810E-3 1.935740E-5
 1.556530E+0 3.352640E-1 1.794990E-1 1.447170E-2 4.341400E-3 5.323980E-5
 1.931960E+0 4.071350E-1 2.655800E-1 2.901550E-2 7.564900E-3 1.434260E-4
 2.347200E+0 4.901240E-1 3.724250E-1 5.231270E-2 1.293380E-2 3.740710E-4
 2.805700E+0 5.835290E-1 4.967980E-1 8.427770E-2 2.158270E-2 9.336930E-4
 3.354560E+0 6.913340E-1 6.378710E-1 1.235670E-1 3.467800E-2 2.183520E-3
 3.859890E+0 7.841950E-1 7.812190E-1 1.630560E-1 5.316320E-2 4.673060E-3
 4.355350E+0 8.675260E-1 9.276440E-1 2.000160E-1 7.753740E-2 9.086980E-3
 4.869950E+0 9.375490E-1 1.076490E+0 2.317340E-1 1.070210E-1 1.579410E-2
 5.369860E+0 9.929340E-1 1.222570E+0 2.572310E-1 1.398920E-1 2.452280E-2
 5.892010E+0 1.035040E+0 1.374710E+0 2.767550E-1 1.755820E-1 3.439320E-2
 6.400830E+0 1.065570E+0 1.524130E+0 2.910940E-1 2.121610E-1 4.420190E-2
 6.903410E+0 1.086590E+0 1.670690E+0 3.011920E-1 2.491280E-1 5.298990E-2
 7.406220E+0 1.102250E+0 1.819790E+0 3.085590E-1 2.865150E-1 6.036220E-2
 1.336600E-1 1.355850E-2 2.162230E-3 6.065930E-6 3.387190E-5 1.089990E-8
 1.914170E-1 2.541900E-2 3.863200E-3 1.707040E-5 6.118880E-5 3.118590E-8
 2.701040E-1 4.430410E-2 6.867550E-3 4.764500E-5 1.104780E-4 8.914550E-8
 3.723950E-1 7.121560E-2 1.210870E-2 1.311930E-4 1.992840E-4 2.544300E-7
 5.044930E-1 1.068980E-1 2.108910E-2 3.539450E-4 3.589370E-4 7.243810E-7
 6.728850E-1 1.492180E-1 3.617260E-2 9.303740E-4 6.450030E-4 2.054520E-6
 8.514300E-1 1.910520E-1 6.028820E-2 2.333740E-3 1.154850E-3 5.792080E-6
 1.086440E+0 2.387920E-1 9.762070E-2 5.544820E-3 2.056220E-3 1.617710E-5
 1.356360E+0 2.904750E-1 1.516080E-1 1.221400E-2 3.637160E-3 4.463210E-5
 1.699260E+0 3.540450E-1 2.252390E-1 2.461020E-2 6.326690E-3 1.199930E-4
 2.029820E+0 4.193670E-1 3.147570E-1 4.415390E-2 1.084470E-2 3.138020E-4
 2.439500E+0 4.992170E-1 4.208610E-1 7.139120E-2 1.805510E-2 7.810550E-4
 2.873920E+0 5.824240E-1 5.369550E-1 1.036620E-1 2.900770E-2 1.823920E-3
 3.292800E+0 6.596410E-1 6.566470E-1 1.368110E-1 4.444020E-2 3.906790E-3
 3.714440E+0 7.278990E-1 7.787870E-1 1.675360E-1 6.471740E-2 7.581610E-3
 4.138010E+0 7.858120E-1 9.039920E-1 1.940610E-1 8.946790E-2 1.320460E-2
 4.560280E+0 8.307950E-1 1.025700E+0 2.151290E-1 1.169200E-1 2.048680E-2
 4.989310E+0 8.648230E-1 1.150300E+0 2.311890E-1 1.464300E-1 2.870550E-2
 5.418540E+0 8.899260E-1 1.275200E+0 2.430810E-1 1.769220E-1 3.689260E-2
 5.849440E+0 9.073430E-1 1.400520E+0 2.514680E-1 2.079470E-1 4.423060E-2
 6.269430E+0 9.200620E-1 1.524740E+0 2.575320E-1 2.390680E-1 5.037080E-2
 1.250940E-1 1.288650E-2 1.875560E-3 5.265490E-6 2.925970E-5 9.416000E-9
 1.794320E-1 2.418660E-2 3.351100E-3 1.481490E-5 5.286140E-5 2.694310E-8
 2.535680E-1 4.229710E-2 5.961430E-3 4.138850E-5 9.544340E-5 7.701800E-8
 3.419820E-1 6.637280E-2 1.051560E-2 1.140240E-4 1.721690E-4 2.198230E-7
 4.575510E-1 9.781450E-2 1.834040E-2 3.082930E-4 3.101010E-4 6.258750E-7
 6.024030E-1 1.346210E-1 3.141260E-2 8.083460E-4 5.572810E-4 1.775230E-6
 7.847630E-1 1.755630E-1 5.263570E-2 2.038930E-3 9.979030E-4 5.005390E-6
 9.926380E-1 2.179950E-1 8.534960E-2 4.855790E-3 1.777010E-3 1.398220E-5
 1.213440E+0 2.596420E-1 1.321210E-1 1.066310E-2 3.137250E-3 3.850140E-5
 1.506970E+0 3.124220E-1 1.959160E-1 2.141910E-2 5.468310E-3 1.037300E-4
 1.809180E+0 3.693080E-1 2.741690E-1 3.846760E-2 9.351660E-3 2.705520E-4
 2.130760E+0 4.333490E-1 3.641650E-1 6.175680E-2 1.556750E-2 6.733340E-4
 2.530820E+0 5.067680E-1 4.663580E-1 8.992000E-2 2.507400E-2 1.576710E-3
 2.893510E+0 5.726100E-1 5.699050E-1 1.185400E-1 3.841340E-2 3.377020E-3
 3.252280E+0 6.310650E-1 6.759530E-1 1.451280E-1 5.602500E-2 6.566690E-3
 3.621960E+0 6.803500E-1 7.837900E-1 1.679080E-1 7.733680E-2 1.141200E-2
 3.996290E+0 7.182980E-1 8.903970E-1 1.858970E-1 1.011240E-1 1.768750E-2
 4.366400E+0 7.471940E-1 9.978440E-1 1.996670E-1 1.265820E-1 2.477150E-2
 4.736030E+0 7.686450E-1 1.105710E+0 2.098990E-1 1.529530E-1 3.184060E-2
 5.101040E+0 7.841480E-1 1.213090E+0 2.173010E-1 1.796990E-1 3.821200E-2
 5.460320E+0 7.949140E-1 1.320180E+0 2.224880E-1 2.065740E-1 4.351250E-2
 1.157840E-1 1.210540E-2 1.613330E-3 4.532130E-6 0.000000E+6 0.000000E+6
 1.652830E-1 2.260500E-2 2.890490E-3 1.279120E-5 4.540480E-5 2.314340E-8
 2.317930E-1 3.905510E-2 5.141650E-3 3.571780E-5 8.198280E-5 6.615880E-8
 3.219540E-1 6.332970E-2 9.082220E-3 9.858360E-5 1.479020E-4 1.888460E-7
 4.193560E-1 9.028540E-2 1.583330E-2 2.661880E-4 2.663950E-4 5.376800E-7
 5.448530E-1 1.216410E-1 2.717410E-2 7.001840E-4 4.787470E-4 1.525130E-6
 6.933930E-1 1.554700E-1 4.544200E-2 1.760800E-3 8.572840E-4 4.300370E-6
 8.703410E-1 1.910110E-1 7.351970E-2 4.180660E-3 1.526690E-3 1.201390E-5
 1.093710E+0 2.317620E-1 1.146420E-1 9.253170E-3 2.695880E-3 3.308740E-5
 1.334240E+0 2.743800E-1 1.695280E-1 1.854250E-2 4.699500E-3 8.916040E-5
 1.593180E+0 3.217300E-1 2.368350E-1 3.322620E-2 8.036620E-3 2.325380E-4
 1.892120E+0 3.780030E-1 3.156960E-1 5.347430E-2 1.338510E-2 5.790690E-4
 2.218700E+0 4.385610E-1 4.026150E-1 7.754560E-2 2.151240E-2 1.352620E-3
 2.527910E+0 4.940820E-1 4.916140E-1 1.021040E-1 3.301160E-2 2.902350E-3
 2.835360E+0 5.438020E-1 5.827750E-1 1.249300E-1 4.814790E-2 5.643890E-3
 3.152550E+0 5.856510E-1 6.754770E-1 1.444480E-1 6.645910E-2 9.807390E-3
 3.463150E+0 6.181420E-1 7.651360E-1 1.599310E-1 8.686380E-2 1.520610E-2
 3.792980E+0 6.423430E-1 8.595420E-1 1.716060E-1 1.087660E-1 2.128190E-2
 4.109900E+0 6.605300E-1 9.520660E-1 1.803480E-1 1.314070E-1 2.735190E-2
 4.408770E+0 6.747300E-1 1.045600E+0 1.869640E-1 1.546360E-1 3.287300E-2
 4.726320E+0 6.834040E-1 1.138200E+0 1.912630E-1 1.778430E-1 3.738890E-2
 1.047700E-1 1.108110E-2 1.349890E-3 3.792970E-6 0.000000E+6 0.000000E+6
 1.505840E-1 2.096230E-2 2.415590E-3 1.069740E-5 0.000000E+6 0.000000E+6
 2.093730E-1 3.597560E-2 4.309120E-3 2.995680E-5 6.839300E-5 5.519390E-8
 2.852640E-1 5.666670E-2 7.611440E-3 8.267490E-5 1.233800E-4 1.575470E-7
 3.739570E-1 8.094040E-2 1.328920E-2 2.237530E-4 2.222520E-4 4.486080E-7
 4.800040E-1 1.080340E-1 2.281550E-2 5.885720E-4 3.994240E-4 1.272530E-6
 6.170210E-1 1.379430E-1 3.823760E-2 1.484190E-3 7.153140E-4 3.588460E-6
 7.644590E-1 1.666170E-1 6.190290E-2 3.525660E-3 1.273880E-3 1.002540E-5
 9.384020E-1 1.975940E-1 9.616470E-2 7.764070E-3 2.249610E-3 2.761290E-5
 1.156480E+0 2.344350E-1 1.425500E-1 1.558660E-2 3.922030E-3 7.441640E-5
 1.375680E+0 2.726850E-1 1.992170E-1 2.790080E-2 6.708940E-3 1.941690E-4
 1.609840E+0 3.184620E-1 2.647210E-1 4.484880E-2 1.117360E-2 4.834920E-4
 1.889970E+0 3.683120E-1 3.376780E-1 6.495370E-2 1.799260E-2 1.130570E-3
 2.150490E+0 4.142540E-1 4.120490E-1 8.544090E-2 2.755690E-2 2.422800E-3
 2.411300E+0 4.549340E-1 4.879500E-1 1.043600E-1 4.012280E-2 4.700510E-3
 2.670720E+0 4.896730E-1 5.655130E-1 1.206850E-1 5.546480E-2 8.184690E-3
 2.940100E+0 5.160480E-1 6.419920E-1 1.334460E-1 7.251440E-2 1.268090E-2
 3.191400E+0 5.365920E-1 7.169890E-1 1.433350E-1 9.074720E-2 1.777320E-2
 3.468430E+0 5.512800E-1 7.961860E-1 1.504950E-1 1.096480E-1 2.281960E-2
 3.713580E+0 5.622030E-1 8.735920E-1 1.557690E-1 1.290090E-1 2.737880E-2
 3.976540E+0 5.694630E-1 9.503610E-1 1.593630E-1 1.480170E-1 3.115840E-2
 9.560130E-2 1.029280E-2 1.130570E-3 3.178100E-6 0.000000E+6 0.000000E+6
 1.395350E-1 1.969920E-2 2.024610E-3 8.967520E-6 0.000000E+6 0.000000E+6
 1.929460E-1 3.351740E-2 3.606050E-3 2.509250E-5 0.000000E+6 0.000000E+6
 2.524280E-1 5.046430E-2 6.372310E-3 6.926930E-5 0.000000E+6 0.000000E+6
 3.317000E-1 7.247580E-2 1.114480E-2 1.878220E-4 1.855760E-4 3.744330E-7
 4.326690E-1 9.737840E-2 1.916180E-2 4.947770E-4 3.336200E-4 1.062940E-6
 5.372050E-1 1.205870E-1 3.212290E-2 1.248830E-3 5.974510E-4 2.997390E-6
 6.641900E-1 1.441460E-1 5.201800E-2 2.963970E-3 1.064040E-3 8.374490E-6
 8.186110E-1 1.702810E-1 8.082390E-2 6.528700E-3 1.879130E-3 2.306730E-5
 9.957120E-1 1.994880E-1 1.197240E-1 1.309180E-2 3.276310E-3 6.217120E-5
 1.175060E+0 2.314300E-1 1.674450E-1 2.347240E-2 5.605160E-3 1.622540E-4
 1.386740E+0 2.694230E-1 2.227560E-1 3.767680E-2 9.336250E-3 4.040620E-4
 1.611760E+0 3.096750E-1 2.831780E-1 5.442330E-2 1.500170E-2 9.432540E-4
 1.826580E+0 3.473450E-1 3.453830E-1 7.152250E-2 2.302180E-2 2.024250E-3
 2.043800E+0 3.809160E-1 4.088100E-1 8.729630E-2 3.351910E-2 3.927100E-3
 2.261740E+0 4.096200E-1 4.736530E-1 1.008950E-1 4.633920E-2 6.836730E-3
 2.479070E+0 4.319030E-1 5.368750E-1 1.116490E-1 6.053880E-2 1.060630E-2
 2.696500E+0 4.482980E-1 6.019320E-1 1.197150E-1 7.591270E-2 1.483530E-2
 2.927700E+0 4.606390E-1 6.663470E-1 1.257320E-1 9.159890E-2 1.906140E-2
 3.129800E+0 4.693680E-1 7.295090E-1 1.300400E-1 1.075940E-1 2.286210E-2
 3.342880E+0 4.760550E-1 7.946880E-1 1.332220E-1 1.237470E-1 2.604600E-2
 8.812130E-2 9.609940E-3 9.784250E-4 2.751660E-6 0.000000E+6 0.000000E+6
 1.256390E-1 1.771050E-2 1.751630E-3 7.760000E-6 0.000000E+6 0.000000E+6
 1.725160E-1 3.001150E-2 3.120500E-3 2.170960E-5 0.000000E+6 0.000000E+6
 2.320360E-1 4.663500E-2 5.517630E-3 6.000600E-5 0.000000E+6 0.000000E+6
 3.006080E-1 6.553030E-2 9.648250E-3 1.626950E-4 0.000000E+6 0.000000E+6
 3.837430E-1 8.639050E-2 1.661060E-2 4.291040E-4 2.881760E-4 9.181880E-7
 4.876840E-1 1.086550E-1 2.785740E-2 1.083220E-3 5.161260E-4 2.589430E-6
 6.016120E-1 1.294770E-1 4.519790E-2 2.578760E-3 9.192580E-4 7.235190E-6
 7.230300E-1 1.497470E-1 7.017400E-2 5.669660E-3 1.623350E-3 1.992850E-5
 8.759850E-1 1.739140E-1 1.037560E-1 1.133900E-2 2.830490E-3 5.371470E-5
 1.037300E+0 2.016860E-1 1.452100E-1 2.033920E-2 4.842800E-3 1.401890E-4
 1.219400E+0 2.343350E-1 1.931540E-1 3.265360E-2 8.067050E-3 3.491550E-4
 1.413270E+0 2.686010E-1 2.452980E-1 4.710890E-2 1.296130E-2 8.150080E-4
 1.598380E+0 3.008220E-1 2.990770E-1 6.187090E-2 1.989080E-2 1.748990E-3
 1.786070E+0 3.295950E-1 3.538920E-1 7.548340E-2 2.896010E-2 3.393000E-3
 1.975520E+0 3.543110E-1 4.100270E-1 8.723240E-2 4.003450E-2 5.907200E-3
 2.162890E+0 3.733780E-1 4.646070E-1 9.649380E-2 5.230350E-2 9.163270E-3
 2.350350E+0 3.874250E-1 5.208630E-1 1.034420E-1 6.558560E-2 1.281540E-2
 2.549130E+0 3.979720E-1 5.763620E-1 1.086160E-1 7.912480E-2 1.646320E-2
 2.723020E+0 4.054430E-1 6.310700E-1 1.123220E-1 9.295090E-2 1.974470E-2
 2.922250E+0 4.108260E-1 6.884810E-1 1.149540E-1 1.069000E-1 2.246290E-2
 7.743150E-2 8.903530E-3 0.000000E+6 0.000000E+6 0.000000E+6 0.000000E+6
 1.152100E-1 1.650100E-2 1.507490E-3 6.680650E-6 0.000000E+6 0.000000E+6
 1.573580E-1 2.758200E-2 2.685960E-3 1.869560E-5 0.000000E+6 0.000000E+6
 2.095330E-1 4.235650E-2 4.751210E-3 5.167350E-5 0.000000E+6 0.000000E+6
 2.729190E-1 5.989300E-2 8.308990E-3 1.401750E-4 0.000000E+6 0.000000E+6
 3.461000E-1 7.744020E-2 1.428680E-2 3.692960E-4 0.000000E+6 0.000000E+6
 4.312500E-1 9.565580E-2 2.401300E-2 9.341980E-4 4.433120E-4 2.224200E-6
 5.274490E-1 1.128940E-1 3.894210E-2 2.222720E-3 7.895700E-4 6.214820E-6
 6.457460E-1 1.320680E-1 6.057730E-2 4.898720E-3 1.397640E-3 1.715680E-5
 7.730820E-1 1.518800E-1 8.960220E-2 9.801110E-3 2.437180E-3 4.627490E-5
 9.071030E-1 1.746670E-1 1.252360E-1 1.754330E-2 4.170050E-3 1.207410E-4
 1.061500E+0 2.021950E-1 1.662600E-1 2.812660E-2 6.939400E-3 3.008490E-4
 1.229330E+0 2.316430E-1 2.110480E-1 4.059010E-2 1.114750E-2 7.023190E-4
 1.391410E+0 2.589990E-1 2.574650E-1 5.321180E-2 1.708900E-2 1.502590E-3
 1.549580E+0 2.837820E-1 3.047340E-1 6.496660E-2 2.492330E-2 2.921920E-3
 1.715150E+0 3.046460E-1 3.528040E-1 7.497720E-2 3.439060E-2 5.074600E-3
 1.877920E+0 3.208450E-1 3.997340E-1 8.290900E-2 4.493180E-2 7.868340E-3
 2.040810E+0 3.332720E-1 4.472840E-1 8.897370E-2 5.626550E-2 1.101850E-2
 2.198300E+0 3.419160E-1 4.959970E-1 9.331100E-2 6.806310E-2 1.413840E-2
 2.357660E+0 3.484620E-1 5.438030E-1 9.652660E-2 7.996340E-2 1.695940E-2
 2.524890E+0 3.527650E-1 5.916350E-1 9.870450E-2 9.178490E-2 1.928670E-2
 7.317490E-2 8.559730E-3 0.000000E+6 0.000000E+6 0.000000E+6 0.000000E+6
 9.850120E-2 1.494910E-2 0.000000E+6 0.000000E+6 0.000000E+6 0.000000E+6
 1.334150E-1 2.493340E-2 0.000000E+6 0.000000E+6 0.000000E+6 0.000000E+6
 1.896230E-1 3.853280E-2 3.973910E-3 4.323960E-5 0.000000E+6 0.000000E+6
 2.395120E-1 5.235230E-2 6.948660E-3 1.172660E-4 0.000000E+6 0.000000E+6
 3.029100E-1 6.792000E-2 1.195230E-2 3.090840E-4 0.000000E+6 0.000000E+6
 3.771970E-1 8.306530E-2 2.006570E-2 7.810010E-4 0.000000E+6 0.000000E+6
 4.619170E-1 9.786190E-2 3.261950E-2 1.863140E-3 6.601800E-4 5.196110E-6
 5.558200E-1 1.123840E-1 5.077500E-2 4.106140E-3 1.164990E-3 1.431760E-5
 6.634380E-1 1.287040E-1 7.507030E-2 8.214080E-3 2.033330E-3 3.860940E-5
 7.813370E-1 1.479050E-1 1.050500E-1 1.471630E-2 3.479130E-3 1.007430E-4
 9.057630E-1 1.701380E-1 1.392600E-1 2.356170E-2 5.789690E-3 2.510340E-4
 1.043060E+0 1.939920E-1 1.765090E-1 3.392540E-2 9.300630E-3 5.860100E-4
 1.178730E+0 2.165580E-1 2.152100E-1 4.444100E-2 1.425730E-2 1.253650E-3
 1.311780E+0 2.371320E-1 2.546850E-1 5.424730E-2 2.079240E-2 2.437920E-3
 1.448350E+0 2.544130E-1 2.948310E-1 6.258830E-2 2.869220E-2 4.233930E-3
 1.587310E+0 2.675780E-1 3.343890E-1 6.911220E-2 3.749920E-2 6.556360E-3
 1.721050E+0 2.781740E-1 3.745010E-1 7.424380E-2 4.703630E-2 9.196560E-3
 1.857930E+0 2.852450E-1 4.140620E-1 7.783440E-2 5.669670E-2 1.179460E-2
 1.991020E+0 2.906900E-1 4.539190E-1 8.051650E-2 6.660650E-2 1.414890E-2
 2.120060E+0 2.944750E-1 4.934870E-1 8.239550E-2 7.654390E-2 1.610720E-2
 6.553960E-2 7.712900E-3 0.000000E+6 0.000000E+6 0.000000E+6 0.000000E+6
 9.132290E-2 1.404800E-2 0.000000E+6 0.000000E+6 0.000000E+6 0.000000E+6
 1.227420E-1 2.321890E-2 0.000000E+6 0.000000E+6 0.000000E+6 0.000000E+6
 1.567410E-1 3.412650E-2 0.000000E+6 0.000000E+6 0.000000E+6 0.000000E+6
 2.144660E-1 4.690910E-2 5.816910E-3 9.816920E-5 0.000000E+6 0.000000E+6
 2.661420E-1 5.929470E-2 1.000460E-2 2.587780E-4 0.000000E+6 0.000000E+6
 3.291430E-1 7.208560E-2 1.680300E-2 6.542920E-4 0.000000E+6 0.000000E+6
 3.989680E-1 8.359790E-2 2.728350E-2 1.558500E-3 0.000000E+6 0.000000E+6
 4.792260E-1 9.555720E-2 4.244320E-2 3.433610E-3 0.000000E+6 0.000000E+6
 5.693430E-1 1.088510E-1 6.282020E-2 6.874570E-3 1.693980E-3 3.215240E-5
 6.680280E-1 1.245330E-1 8.787780E-2 1.230980E-2 2.898490E-3 8.391960E-5
 7.723170E-1 1.427420E-1 1.167600E-1 1.970780E-2 4.840580E-3 2.095500E-4
 8.862030E-1 1.622870E-1 1.478370E-1 2.832450E-2 7.772750E-3 4.889310E-4
 9.995920E-1 1.812440E-1 1.800610E-1 3.715370E-2 1.190720E-2 1.047050E-3
 1.109400E+0 1.983020E-1 2.130650E-1 4.533790E-2 1.736590E-2 2.036240E-3
 1.222120E+0 2.126220E-1 2.465450E-1 5.228780E-2 2.395550E-2 3.535190E-3
 1.339380E+0 2.235850E-1 2.796530E-1 5.773590E-2 3.131870E-2 5.475550E-3
 1.452530E+0 2.320210E-1 3.129080E-1 6.191620E-2 3.920310E-2 7.667090E-3
 1.564920E+0 2.382580E-1 3.462090E-1 6.500720E-2 4.735340E-2 9.849630E-3
 1.675440E+0 2.427610E-1 3.794330E-1 6.723710E-2 5.562020E-2 1.181440E-2
 1.782940E+0 2.459040E-1 4.125260E-1 6.880240E-2 6.392540E-2 1.344910E-2
 5.967170E-2 7.052200E-3 0.000000E+6 0.000000E+6 0.000000E+6 0.000000E+6
 8.296400E-2 1.280000E-2 0.000000E+6 0.000000E+6 0.000000E+6 0.000000E+6
 1.111640E-1 2.104390E-2 0.000000E+6 0.000000E+6 0.000000E+6 0.000000E+6
 1.434530E-1 3.128890E-2 0.000000E+6 0.000000E+6 0.000000E+6 0.000000E+6
 1.790250E-1 4.239390E-2 0.000000E+6 0.000000E+6 0.000000E+6 0.000000E+6
 2.417550E-1 5.382060E-2 8.660720E-3 2.240130E-4 0.000000E+6 0.000000E+6
 2.938640E-1 6.395940E-2 1.454070E-2 5.663560E-4 0.000000E+6 0.000000E+6
 3.547630E-1 7.373840E-2 2.361420E-2 1.349310E-3 0.000000E+6 0.000000E+6
 4.259220E-1 8.399780E-2 3.674530E-2 2.973370E-3 0.000000E+6 0.000000E+6
 5.022830E-1 9.497120E-2 5.432230E-2 5.943000E-3 0.000000E+6 0.000000E+6
 5.874940E-1 1.082830E-1 7.606770E-2 1.065410E-2 2.503780E-3 7.249150E-5
 6.782600E-1 1.239100E-1 1.010540E-1 1.705620E-2 4.181350E-3 1.810270E-4
 7.747560E-1 1.406010E-1 1.279880E-1 2.450880E-2 6.725940E-3 4.229890E-4
 8.727010E-1 1.567910E-1 1.557350E-1 3.211750E-2 1.028580E-2 9.044890E-4
 9.669590E-1 1.714540E-1 1.842540E-1 3.918320E-2 1.500180E-2 1.759010E-3
 1.064350E+0 1.837710E-1 2.131620E-1 4.518110E-2 2.069170E-2 3.053570E-3
 1.166040E+0 1.931960E-1 2.417760E-1 4.988020E-2 2.705240E-2 4.729680E-3
 1.263570E+0 2.004460E-1 2.704880E-1 5.348450E-2 3.386100E-2 6.622260E-3
 1.360460E+0 2.058180E-1 2.992610E-1 5.615240E-2 4.090260E-2 8.507530E-3
 1.455540E+0 2.096980E-1 3.279380E-1 5.807730E-2 4.804160E-2 1.020450E-2
 1.547780E+0 2.123890E-1 3.564830E-1 5.942380E-2 5.521340E-2 1.161550E-2
---