PdfType: central
Format: lhagrid1
---
 1.000000E-6 1.700000E-6 3.200000E-6 6.000000E-6 1.000000E-5 1.700000E-5 3.200000E-5 6.000000E-5 1.000000E-4 1.700000E-4 3.200000E-4 6.000000E-4 1.000000E-3 1.700000E-3 3.200000E-3 6.000000E-3 1.000000E-2 1.700000E-2 3.200000E-2 6.000000E-2 1.000000E-1
 3.162278E-1 3.981068E-1 5.011876E-1 6.309572E-1 7.943280E-1 1.000000E+0 1.258924E+0 1.584894E+0 1.995262E+0 2.511886E+0 3.162278E+0 3.981068E+0 5.011876E+0 6.309572E+0 7.943280E+0 1.000000E+1 1.258924E+1 1.584894E+1 1.995262E+1 2.511886E+1 3.162278E+1
900 901 917 918 920 921
 3.032560E-1 2.406920E-2 1.391160E-2 3.633840E-5 2.930550E-4 9.342990E-8
 4.504810E-1 4.591390E-2 2.438400E-2 9.973150E-5 5.488430E-4 2.756880E-7
 6.600970E-1 8.170780E-2 4.251400E-2 2.711830E-4 1.021330E-3 8.080930E-7
 9.488380E-1 1.337620E-1 7.348950E-2 7.274070E-4 1.888670E-3 2.352350E-6
 1.354790E+0 2.086700E-1 1.260330E-1 1.927300E-3 3.474110E-3 6.810930E-6
 1.915270E+0 3.120570E-1 2.128320E-1 4.968080E-3 6.348820E-3 1.955600E-5
 2.691840E+0 4.550270E-1 3.535560E-1 1.240720E-2 1.153040E-2 5.570390E-5
 3.811850E+0 6.690010E-1 5.784350E-1 2.990460E-2 2.084450E-2 1.574290E-4
 5.244160E+0 9.537090E-1 9.112340E-1 6.718220E-2 3.733170E-2 4.381950E-4
 7.180850E+0 1.374200E+0 1.390030E+0 1.405530E-1 6.597760E-2 1.194210E-3
 9.597600E+0 1.951450E+0 2.031480E+0 2.684620E-1 1.145220E-1 3.154500E-3
 1.257190E+1 2.719080E+0 2.848460E+0 4.670940E-1 1.935850E-1 7.973770E-3
 1.644210E+1 3.743770E+0 3.901310E+0 7.523770E-1 3.181650E-1 1.910090E-2
 2.060560E+1 4.880850E+0 5.082480E+0 1.097510E+0 4.989630E-1 4.212210E-2
 2.533660E+1 6.138140E+0 6.432670E+0 1.490960E+0 7.465520E-1 8.473500E-2
 3.062610E+1 7.465340E+0 7.947270E+0 1.911220E+0 1.062750E+0 1.539490E-1
 3.649920E+1 8.814040E+0 9.620280E+0 2.338250E+0 1.440960E+0 2.518570E-1
 4.284790E+1 1.014160E+1 1.144000E+1 2.756270E+0 1.874410E+0 3.742030E-1
 4.967570E+1 1.141910E+1 1.339840E+1 3.154600E+0 2.352930E+0 5.106810E-1
 5.690680E+1 1.264450E+1 1.548050E+1 3.531960E+0 2.869010E+0 6.509680E-1
 6.463400E+1 1.383400E+1 1.771020E+1 3.893170E+0 3.426470E+0 7.876520E-1
 2.872350E-1 2.329790E-2 1.224530E-2 3.223450E-5 2.396250E-4 7.685780E-8
 4.273730E-1 4.484600E-2 2.152700E-2 8.879440E-5 4.520180E-4 2.284350E-7
 6.200440E-1 7.854860E-2 3.760880E-2 2.420230E-4 8.466710E-4 6.739240E-7
 8.922750E-1 1.287720E-1 6.520530E-2 6.509640E-4 1.575050E-3 1.972880E-6
 1.264040E+0 1.996740E-1 1.118990E-1 1.724400E-3 2.911570E-3 5.738230E-6
 1.779870E+0 2.971890E-1 1.896750E-1 4.468030E-3 5.348440E-3 1.656870E-5
 2.484140E+0 4.269940E-1 3.149470E-1 1.113770E-2 9.752200E-3 4.736210E-5
 3.452980E+0 6.128740E-1 5.123470E-1 2.663710E-2 1.766790E-2 1.340720E-4
 4.780020E+0 8.805730E-1 8.118110E-1 6.026390E-2 3.177930E-2 3.748940E-4
 6.494700E+0 1.252950E+0 1.235260E+0 1.256610E-1 5.628670E-2 1.023500E-3
 8.644170E+0 1.765990E+0 1.804260E+0 2.397830E-1 9.798790E-2 2.712900E-3
 1.126880E+1 2.440850E+0 2.522640E+0 4.154350E-1 1.659510E-1 6.869140E-3
 1.463230E+1 3.327090E+0 3.438240E+0 6.647300E-1 2.728120E-1 1.644690E-2
 1.825090E+1 4.307440E+0 4.464890E+0 9.648160E-1 4.281000E-1 3.627400E-2
 2.233390E+1 5.380750E+0 5.630640E+0 1.303580E+0 6.404170E-1 7.291170E-2
 2.687650E+1 6.501600E+0 6.930240E+0 1.661550E+0 9.108900E-1 1.322470E-1
 3.187740E+1 7.627150E+0 8.356960E+0 2.020900E+0 1.233170E+0 2.157270E-1
 3.726970E+1 8.725370E+0 9.903380E+0 2.369380E+0 1.601490E+0 3.195940E-1
 4.303490E+1 9.776810E+0 1.155870E+1 2.699370E+0 2.006470E+0 4.349650E-1
 4.912870E+1 1.076940E+1 1.331290E+1 3.006990E+0 2.441260E+0 5.523570E-1
 5.558840E+1 1.172520E+1 1.517970E+1 3.298810E+0 2.908350E+0 6.657960E-1
 2.708890E-1 2.268160E-2 1.048280E-2 2.787610E-5 1.862390E-4 6.017980E-8
 4.030310E-1 4.358680E-2 1.849940E-2 7.705180E-5 3.547660E-4 1.805870E-7
 5.794430E-1 7.581080E-2 3.238610E-2 2.104230E-4 6.703990E-4 5.374440E-7
 8.273070E-1 1.235220E-1 5.633060E-2 5.686850E-4 1.257310E-3 1.586690E-6
 1.164250E+0 1.896870E-1 9.692480E-2 1.510400E-3 2.340420E-3 4.645080E-6
 1.623770E+0 2.773020E-1 1.643680E-1 3.907140E-3 4.324960E-3 1.348220E-5
 2.255480E+0 3.975030E-1 2.735640E-1 9.776330E-3 7.931090E-3 3.876380E-5
 3.111380E+0 5.626020E-1 4.451600E-1 2.336900E-2 1.444030E-2 1.102700E-4
 4.267400E+0 7.946900E-1 7.041220E-1 5.264010E-2 2.606510E-2 3.092920E-4
 5.751800E+0 1.118170E+0 1.069890E+0 1.095930E-1 4.633850E-2 8.477030E-4
 7.636010E+0 1.563840E+0 1.561180E+0 2.087480E-1 8.080100E-2 2.249990E-3
 9.867960E+0 2.137190E+0 2.175090E+0 3.596570E-1 1.372110E-1 5.706330E-3
 1.270420E+1 2.881630E+0 2.948140E+0 5.715100E-1 2.260310E-1 1.369500E-2
 1.574720E+1 3.698140E+0 3.812110E+0 8.242740E-1 3.550130E-1 3.021610E-2
 1.916300E+1 4.581980E+0 4.787140E+0 1.106370E+0 5.309540E-1 6.067330E-2
 2.293340E+1 5.493790E+0 5.866700E+0 1.400840E+0 7.546610E-1 1.098570E-1
 2.705050E+1 6.395800E+0 7.041150E+0 1.692030E+0 1.019930E+0 1.786550E-1
 3.145840E+1 7.264900E+0 8.307370E+0 1.970720E+0 1.321710E+0 2.637200E-1
 3.612090E+1 8.098150E+0 9.657140E+0 2.234370E+0 1.653730E+0 3.579770E-1
 4.109400E+1 8.850200E+0 1.107820E+1 2.469880E+0 2.005020E+0 4.517800E-1
 4.625860E+1 9.561720E+0 1.256520E+1 2.689170E+0 2.376650E+0 5.411750E-1
 2.571340E-1 2.225160E-2 8.949420E-3 2.406070E-5 1.426670E-4 4.645360E-8
 3.757790E-1 4.193860E-2 1.580240E-2 6.646060E-5 2.750230E-4 1.410420E-7
 5.415770E-1 7.317410E-2 2.779590E-2 1.825600E-4 5.251330E-4 4.240530E-7
 7.666650E-1 1.166050E-1 4.830260E-2 4.893740E-4 9.938810E-4 1.263140E-6
 1.072370E+0 1.794890E-1 8.357400E-2 1.314880E-3 1.865320E-3 3.728390E-6
 1.484630E+0 2.601510E-1 1.420560E-1 3.410580E-3 3.470980E-3 1.089380E-5
 2.044810E+0 3.689140E-1 2.367160E-1 8.541520E-3 6.403130E-3 3.150300E-5
 2.799300E+0 5.149560E-1 3.854100E-1 2.041700E-2 1.172490E-2 9.010110E-5
 3.812350E+0 7.206730E-1 6.095580E-1 4.601070E-2 2.125610E-2 2.538190E-4
 5.099710E+0 9.998950E-1 9.248370E-1 9.549440E-2 3.794370E-2 6.983360E-4
 6.695980E+0 1.380420E+0 1.343750E+0 1.811200E-1 6.634760E-2 1.858800E-3
 8.616190E+0 1.869130E+0 1.868410E+0 3.109510E-1 1.128910E-1 4.724950E-3
 1.100370E+1 2.488540E+0 2.520240E+0 4.897930E-1 1.862720E-1 1.134120E-2
 1.356340E+1 3.164800E+0 3.245460E+0 7.017430E-1 2.930800E-1 2.505310E-2
 1.640170E+1 3.887890E+0 4.057250E+0 9.355150E-1 4.383480E-1 5.026670E-2
 1.952190E+1 4.625830E+0 4.951540E+0 1.176740E+0 6.227320E-1 9.086280E-2
 2.289230E+1 5.346810E+0 5.918290E+0 1.412390E+0 8.413880E-1 1.475880E-1
 2.650750E+1 6.027230E+0 6.949730E+0 1.633150E+0 1.086560E+0 2.167340E-1
 3.026540E+1 6.672520E+0 8.042360E+0 1.839620E+0 1.356080E+0 2.929590E-1
 3.426850E+1 7.259530E+0 9.196260E+0 2.024940E+0 1.642330E+0 3.687730E-1
 3.840260E+1 7.783750E+0 1.037870E+1 2.188340E+0 1.938170E+0 4.390300E-1
 2.439810E-1 2.159280E-2 7.827130E-3 2.123320E-5 1.131550E-4 3.708650E-8
 3.560640E-1 4.061000E-2 1.386130E-2 5.876590E-5 2.208950E-4 1.139940E-7
 5.164680E-1 7.116930E-2 2.448450E-2 1.620920E-4 4.260920E-4 3.461660E-7
 7.207490E-1 1.135480E-1 4.273720E-2 4.396820E-4 8.134600E-4 1.040000E-6
 1.003380E+0 1.718530E-1 7.386600E-2 1.171850E-3 1.538270E-3 3.092430E-6
 1.380530E+0 2.471580E-1 1.258240E-1 3.046580E-3 2.882310E-3 9.098880E-6
 1.889880E+0 3.461300E-1 2.100600E-1 7.638630E-3 5.349940E-3 2.646100E-5
 2.563960E+0 4.766000E-1 3.415720E-1 1.821450E-2 9.837440E-3 7.599550E-5
 3.470380E+0 6.609220E-1 5.399420E-1 4.100700E-2 1.790560E-2 2.148980E-4
 4.623690E+0 9.094230E-1 8.190900E-1 8.500380E-2 3.207830E-2 5.931860E-4
 6.028160E+0 1.242420E+0 1.186670E+0 1.604790E-1 5.624030E-2 1.582840E-3
 7.699010E+0 1.666150E+0 1.645370E+0 2.744390E-1 9.592830E-2 4.030520E-3
 9.779150E+0 2.202250E+0 2.212200E+0 4.305730E-1 1.585770E-1 9.693650E-3
 1.198970E+1 2.779480E+0 2.838880E+0 6.135730E-1 2.497160E-1 2.142130E-2
 1.442780E+1 3.391310E+0 3.536740E+0 8.135640E-1 3.735910E-1 4.296640E-2
 1.708610E+1 4.007880E+0 4.300010E+0 1.017440E+0 5.304000E-1 7.754200E-2
 1.993760E+1 4.603790E+0 5.120450E+0 1.214400E+0 7.158110E-1 1.256750E-1
 2.299730E+1 5.158170E+0 5.990530E+0 1.396310E+0 9.228200E-1 1.839990E-1
 2.617500E+1 5.670090E+0 6.905910E+0 1.562140E+0 1.147680E+0 2.475190E-1
 2.949680E+1 6.144560E+0 7.872930E+0 1.713140E+0 1.388710E+0 3.108280E-1
 3.294170E+1 6.565310E+0 8.869750E+0 1.845200E+0 1.638570E+0 3.691300E-1
 2.322600E-1 2.100740E-2 6.784440E-3 1.859060E-5 8.729940E-5 2.881250E-8
 3.376840E-1 3.927310E-2 1.206650E-2 5.163430E-5 1.733020E-4 9.003200E-8
 4.829790E-1 6.846470E-2 2.132010E-2 1.423020E-4 3.387890E-4 2.770500E-7
 6.769910E-1 1.097280E-1 3.736450E-2 3.874770E-4 6.538810E-4 8.412700E-7
 9.395470E-1 1.656270E-1 6.488770E-2 1.040320E-3 1.248090E-3 2.524730E-6
 1.279490E+0 2.342240E-1 1.103370E-1 2.691420E-3 2.356590E-3 7.483700E-6
 1.733250E+0 3.232840E-1 1.846270E-1 6.765020E-3 4.404410E-3 2.191470E-5
 2.342400E+0 4.432250E-1 3.008500E-1 1.618740E-2 8.144570E-3 6.326150E-5
 3.144180E+0 6.046560E-1 4.749910E-1 3.634750E-2 1.489500E-2 1.797770E-4
 4.156820E+0 8.234480E-1 7.192270E-1 7.519900E-2 2.679410E-2 4.981490E-4
 5.394720E+0 1.109900E+0 1.040360E+0 1.411470E-1 4.714750E-2 1.332940E-3
 6.848240E+0 1.478770E+0 1.438180E+0 2.408800E-1 8.065060E-2 3.406080E-3
 8.647710E+0 1.935060E+0 1.925210E+0 3.754660E-1 1.333000E-1 8.182700E-3
 1.052560E+1 2.421620E+0 2.462790E+0 5.320140E-1 2.105390E-1 1.812760E-2
 1.260010E+1 2.932660E+0 3.056850E+0 7.012580E-1 3.150750E-1 3.634400E-2
 1.484410E+1 3.440150E+0 3.701680E+0 8.713690E-1 4.470060E-1 6.547580E-2
 1.723920E+1 3.925440E+0 4.391480E+0 1.033870E+0 6.026210E-1 1.058810E-1
 1.977370E+1 4.371450E+0 5.116030E+0 1.182110E+0 7.756070E-1 1.545900E-1
 2.242090E+1 4.775690E+0 5.876730E+0 1.314770E+0 9.627010E-1 2.071760E-1
 2.516760E+1 5.145150E+0 6.676210E+0 1.433760E+0 1.161830E+0 2.590940E-1
 2.800880E+1 5.468920E+0 7.497420E+0 1.536510E+0 1.367620E+0 3.064760E-1
 2.190640E-1 2.052840E-2 5.676810E-3 1.573840E-5 6.184570E-5 2.059950E-8
 3.217940E-1 3.867280E-2 1.017280E-2 4.407780E-5 1.263950E-4 6.623260E-8
 4.511180E-1 6.590790E-2 1.802960E-2 1.217040E-4 2.524000E-4 2.080770E-7
 6.326460E-1 1.049560E-1 3.173480E-2 3.324670E-4 4.954240E-4 6.423850E-7
 8.616580E-1 1.551500E-1 5.510150E-2 8.906510E-4 9.586180E-4 1.953910E-6
 1.172200E+0 2.191840E-1 9.433350E-2 2.325190E-3 1.831440E-3 5.859610E-6
 1.568860E+0 2.991960E-1 1.578000E-1 5.836630E-3 3.455960E-3 1.731860E-5
 2.097880E+0 4.030160E-1 2.571430E-1 1.395570E-2 6.442030E-3 5.039060E-5
 2.789420E+0 5.421810E-1 4.056100E-1 3.128300E-2 1.185320E-2 1.439840E-4
 3.654440E+0 7.262090E-1 6.129040E-1 6.446590E-2 2.143930E-2 4.010790E-4
 4.706800E+0 9.719260E-1 8.853550E-1 1.210650E-1 3.791510E-2 1.078690E-3
 5.936860E+0 1.274750E+0 1.219260E+0 2.048250E-1 6.509170E-2 2.763610E-3
 7.443510E+0 1.650970E+0 1.625500E+0 3.173660E-1 1.078620E-1 6.654720E-3
 8.993980E+0 2.046740E+0 2.070460E+0 4.468150E-1 1.705370E-1 1.474710E-2
 1.069060E+1 2.454450E+0 2.557450E+0 5.844480E-1 2.555640E-1 2.958240E-2
 1.251040E+1 2.853500E+0 3.081750E+0 7.207100E-1 3.623780E-1 5.320010E-2
 1.444690E+1 3.229550E+0 3.639290E+0 8.489160E-1 4.879020E-1 8.580300E-2
 1.646100E+1 3.567560E+0 4.218560E+0 9.634020E-1 6.266240E-1 1.247830E-1
 1.855790E+1 3.867770E+0 4.824380E+0 1.063800E+0 7.759210E-1 1.664500E-1
 2.075580E+1 4.132410E+0 5.458550E+0 1.150750E+0 9.332840E-1 2.069070E-1
 2.296110E+1 4.369320E+0 6.101920E+0 1.227010E+0 1.095620E+0 2.438380E-1
 2.067400E-1 1.971420E-2 4.706300E-3 1.319660E-5 4.116920E-5 1.385040E-8
 2.973020E-1 3.647930E-2 8.494220E-3 3.723110E-5 8.849510E-5 4.680740E-8
 4.212630E-1 6.276180E-2 1.516080E-2 1.034590E-4 1.826710E-4 1.519250E-7
 5.843740E-1 9.959190E-2 2.676600E-2 2.833170E-4 3.670730E-4 4.799150E-7
 7.972330E-1 1.474400E-1 4.672020E-2 7.627620E-4 7.232840E-4 1.485720E-6
 1.067160E+0 2.051020E-1 8.007720E-2 1.993880E-3 1.402170E-3 4.519970E-6
 1.420400E+0 2.762350E-1 1.342780E-1 5.015450E-3 2.677680E-3 1.351840E-5
 1.882860E+0 3.679300E-1 2.190930E-1 1.200640E-2 5.039570E-3 3.970850E-5
 2.475120E+0 4.860790E-1 3.451660E-1 2.684330E-2 9.343600E-3 1.142640E-4
 3.220030E+0 6.426190E-1 5.214310E-1 5.522550E-2 1.701670E-2 3.203990E-4
 4.098030E+0 8.443490E-1 7.499430E-1 1.029800E-1 3.024920E-2 8.655860E-4
 5.126380E+0 1.097830E+0 1.029360E+0 1.737880E-1 5.209720E-2 2.227600E-3
 6.387790E+0 1.403280E+0 1.366760E+0 2.671110E-1 8.669310E-2 5.376080E-3
 7.664790E+0 1.721610E+0 1.733500E+0 3.733580E-1 1.373610E-1 1.193070E-2
 9.049960E+0 2.045010E+0 2.131190E+0 4.847840E-1 2.060580E-1 2.393590E-2
 1.052390E+1 2.355760E+0 2.555620E+0 5.931670E-1 2.920100E-1 4.296700E-2
 1.207450E+1 2.643240E+0 3.003130E+0 6.933240E-1 3.926720E-1 6.910030E-2
 1.367250E+1 2.895650E+0 3.463730E+0 7.808090E-1 5.032130E-1 1.001050E-1
 1.533080E+1 3.115110E+0 3.943980E+0 8.559030E-1 6.216700E-1 1.329300E-1
 1.701410E+1 3.303480E+0 4.432700E+0 9.192830E-1 7.444730E-1 1.644220E-1
 1.876570E+1 3.469390E+0 4.944040E+0 9.737990E-1 8.725160E-1 1.927650E-1
 1.980870E-1 1.940730E-2 4.003010E-3 1.133480E-5 2.711790E-5 9.205820E-9
 2.852250E-1 3.627550E-2 7.282940E-3 3.222910E-5 6.279400E-5 3.349020E-8
 3.980680E-1 6.029620E-2 1.308630E-2 9.020170E-5 1.356530E-4 1.136890E-7
 5.489840E-1 9.581030E-2 2.320130E-2 2.479220E-4 2.807200E-4 3.696850E-7
 7.452830E-1 1.405650E-1 4.061530E-2 6.685710E-4 5.645000E-4 1.167520E-6
 1.008720E+0 1.970470E-1 7.005940E-2 1.759190E-3 1.111430E-3 3.606040E-6
 1.311690E+0 2.585190E-1 1.173510E-1 4.419220E-3 2.149170E-3 1.091710E-5
 1.727700E+0 3.417020E-1 1.917530E-1 1.058690E-2 4.085320E-3 3.238310E-5
 2.244380E+0 4.438700E-1 3.017080E-1 2.362200E-2 7.630930E-3 9.386050E-5
 2.889810E+0 5.788890E-1 4.546190E-1 4.845710E-2 1.397690E-2 2.645310E-4
 3.661460E+0 7.536380E-1 6.536790E-1 9.020580E-2 2.499180E-2 7.189030E-4
 4.550640E+0 9.673420E-1 8.948450E-1 1.511820E-1 4.326500E-2 1.855670E-3
 5.627340E+0 1.225030E+0 1.182050E+0 2.311750E-1 7.210980E-2 4.490900E-3
 6.719090E+0 1.490240E+0 1.493050E+0 3.212110E-1 1.143030E-1 9.961950E-3
 7.881170E+0 1.755210E+0 1.829810E+0 4.144120E-1 1.719150E-1 2.002260E-2
 9.113370E+0 2.006740E+0 2.185590E+0 5.038940E-1 2.436100E-1 3.590600E-2
 1.040040E+1 2.234490E+0 2.557490E+0 5.849950E-1 3.272120E-1 5.760460E-2
 1.172960E+1 2.433090E+0 2.942630E+0 6.552410E-1 4.193710E-1 8.330530E-2
 1.308280E+1 2.602640E+0 3.336040E+0 7.144640E-1 5.167780E-1 1.102200E-1
 1.445500E+1 2.737920E+0 3.732590E+0 7.614080E-1 6.167860E-1 1.355420E-1
 1.592330E+1 2.859010E+0 4.155050E+0 8.020920E-1 7.216310E-1 1.581880E-1
 1.878600E-1 1.864700E-2 3.338050E-3 9.546820E-6 1.507600E-5 5.169910E-9
 2.702160E-1 3.478120E-2 6.142840E-3 2.745410E-5 4.014370E-5 2.161120E-8
 3.781400E-1 5.916570E-2 1.114050E-2 7.757100E-5 9.418870E-5 7.962670E-8
 5.184050E-1 9.218970E-2 1.989900E-2 2.147370E-4 2.050010E-4 2.721570E-7
 6.917990E-1 1.329650E-1 3.491890E-2 5.799940E-4 4.256600E-4 8.870720E-7
 9.173020E-1 1.826590E-1 6.025690E-2 1.524470E-3 8.567460E-4 2.799550E-6
 1.208280E+0 2.419720E-1 1.016090E-1 3.856110E-3 1.684260E-3 8.613050E-6
 1.571990E+0 3.130960E-1 1.660360E-1 9.231440E-3 3.243590E-3 2.587450E-5
 2.026320E+0 4.039050E-1 2.612480E-1 2.060650E-2 6.120020E-3 7.574730E-5
 2.586030E+0 5.192130E-1 3.933000E-1 4.216800E-2 1.129880E-2 2.151380E-4
 3.257850E+0 6.676560E-1 5.643010E-1 7.819950E-2 2.032490E-2 5.878720E-4
 4.009220E+0 8.469620E-1 7.703000E-1 1.305520E-1 3.537460E-2 1.525110E-3
 4.923110E+0 1.059460E+0 1.012700E+0 1.980350E-1 5.913600E-2 3.699010E-3
 5.838040E+0 1.276610E+0 1.273970E+0 2.733990E-1 9.396150E-2 8.218830E-3
 6.799330E+0 1.490430E+0 1.554490E+0 3.503250E-1 1.413620E-1 1.650870E-2
 7.819670E+0 1.689850E+0 1.849130E+0 4.230450E-1 2.005350E-1 2.960530E-2
 8.871030E+0 1.866210E+0 2.154350E+0 4.875470E-1 2.690960E-1 4.736810E-2
 9.956370E+0 2.017490E+0 2.468510E+0 5.425240E-1 3.443660E-1 6.830200E-2
 1.104830E+1 2.141870E+0 2.786470E+0 5.873650E-1 4.232280E-1 8.997070E-2
 1.216440E+1 2.243280E+0 3.111710E+0 6.234050E-1 5.049580E-1 1.103690E-1
 1.328510E+1 2.323850E+0 3.439690E+0 6.516400E-1 5.879580E-1 1.280500E-1
 1.781090E-1 1.820000E-2 2.611900E-3 7.559170E-6 4.950920E-6 1.722200E-9
 2.555060E-1 3.421460E-2 4.923630E-3 2.227150E-5 1.867990E-5 1.018220E-8
 3.536510E-1 5.685590E-2 9.060990E-3 6.383240E-5 5.321300E-5 4.550140E-8
 4.800630E-1 8.766940E-2 1.636460E-2 1.787200E-4 1.297000E-4 1.740160E-7
 6.378060E-1 1.252960E-1 2.896880E-2 4.865430E-4 2.884610E-4 6.070690E-7
 8.409010E-1 1.709310E-1 5.020840E-2 1.283690E-3 6.061070E-4 1.998790E-6
 1.091360E+0 2.227830E-1 8.495130E-2 3.256980E-3 1.226360E-3 6.325700E-6
 1.406240E+0 2.836740E-1 1.390650E-1 7.804920E-3 2.411660E-3 1.939300E-5
 1.794780E+0 3.595590E-1 2.188430E-1 1.739960E-2 4.623690E-3 5.765970E-5
 2.264160E+0 4.547990E-1 3.288040E-1 3.550640E-2 8.638980E-3 1.656870E-4
 2.812700E+0 5.739750E-1 4.700150E-1 6.545540E-2 1.567840E-2 4.564900E-4
 3.440840E+0 7.183620E-1 6.398760E-1 1.086400E-1 2.748760E-2 1.192290E-3
 4.188120E+0 8.868050E-1 8.372270E-1 1.636850E-1 4.619380E-2 2.905000E-3
 4.924440E+0 1.055380E+0 1.047940E+0 2.241030E-1 7.365370E-2 6.471570E-3
 5.696930E+0 1.217850E+0 1.270940E+0 2.845440E-1 1.108230E-1 1.298420E-2
 6.496560E+0 1.366870E+0 1.505430E+0 3.408190E-1 1.575360E-1 2.330430E-2
 7.319820E+0 1.494770E+0 1.744790E+0 3.894240E-1 2.112620E-1 3.718860E-2
 8.154860E+0 1.600720E+0 1.989020E+0 4.296110E-1 2.697950E-1 5.340840E-2
 8.992130E+0 1.681730E+0 2.228990E+0 4.605560E-1 3.301930E-1 6.992890E-2
 9.846440E+0 1.749290E+0 2.481440E+0 4.856600E-1 3.932740E-1 8.540710E-2
 1.073500E+1 1.797260E+0 2.735530E+0 5.036160E-1 4.568260E-1 9.845030E-2
 1.689360E-1 1.783850E-2 1.929760E-3 5.652750E-6 5.434500E-7 1.926390E-10
 2.412490E-1 3.256750E-2 3.808240E-3 1.742450E-5 5.071560E-6 2.806090E-9
 3.323600E-1 5.492010E-2 7.208370E-3 5.138770E-5 2.238920E-5 1.939340E-8
 4.466710E-1 8.356870E-2 1.324790E-2 1.463820E-4 6.924140E-5 9.397770E-8
 5.896150E-1 1.190760E-1 2.375290E-2 4.038680E-4 1.765600E-4 3.755650E-7
 7.643610E-1 1.588890E-1 4.148570E-2 1.072770E-3 4.025330E-4 1.340780E-6
 1.001250E+0 2.070970E-1 7.058140E-2 2.733570E-3 8.566630E-4 4.460000E-6
 1.256160E+0 2.560420E-1 1.155260E-1 6.536480E-3 1.740500E-3 1.411750E-5
 1.599200E+0 3.198390E-1 1.824570E-1 1.461410E-2 3.414480E-3 4.292570E-5
 1.985010E+0 3.965890E-1 2.734730E-1 2.970270E-2 6.487550E-3 1.253640E-4
 2.435670E+0 4.915480E-1 3.895720E-1 5.446170E-2 1.191980E-2 3.495110E-4
 2.973420E+0 6.090640E-1 5.298750E-1 9.011680E-2 2.109010E-2 9.206450E-4
 3.556350E+0 7.379790E-1 6.879190E-1 1.343420E-1 3.565490E-2 2.254510E-3
 4.143740E+0 8.669740E-1 8.564990E-1 1.823770E-1 5.709720E-2 5.040410E-3
 4.754400E+0 9.885260E-1 1.033430E+0 2.294910E-1 8.614720E-2 1.012540E-2
 5.377100E+0 1.097160E+0 1.217500E+0 2.723710E-1 1.225450E-1 1.815810E-2
 6.013020E+0 1.187240E+0 1.403380E+0 3.083630E-1 1.641990E-1 2.890120E-2
 6.653570E+0 1.258510E+0 1.590950E+0 3.370440E-1 2.092930E-1 4.132720E-2
 7.293370E+0 1.312720E+0 1.779290E+0 3.589540E-1 2.562800E-1 5.395310E-2
 7.928250E+0 1.351950E+0 1.967470E+0 3.749400E-1 3.037210E-1 6.544340E-2
 8.552420E+0 1.376600E+0 2.150460E+0 3.854670E-1 3.509670E-1 7.497310E-2
 1.637790E-1 1.745130E-2 1.387700E-3 4.104280E-6 -1.365460E-9 -4.280170E-13
 2.289860E-1 3.161590E-2 2.939610E-3 1.358210E-5 6.430500E-7 3.619390E-10
 3.152160E-1 5.274080E-2 5.803590E-3 4.176080E-5 6.905370E-6 6.058350E-9
 4.216510E-1 8.018840E-2 1.093690E-2 1.219890E-4 3.220630E-5 4.418880E-8
 5.523940E-1 1.129010E-1 1.991130E-2 3.416500E-4 1.023180E-4 2.197310E-7
 7.147810E-1 1.501030E-1 3.514280E-2 9.170850E-4 2.643970E-4 8.884060E-7
 9.226290E-1 1.929180E-1 6.012750E-2 2.348400E-3 6.059260E-4 3.180380E-6
 1.161690E+0 2.381450E-1 9.902050E-2 5.649820E-3 1.288390E-3 1.053020E-5
 1.451480E+0 2.913420E-1 1.561880E-1 1.259480E-2 2.601390E-3 3.293340E-5
 1.777660E+0 3.541350E-1 2.339570E-1 2.553300E-2 5.040350E-3 9.802250E-5
 2.178470E+0 4.346590E-1 3.334150E-1 4.680150E-2 9.391480E-3 2.770580E-4
 2.590940E+0 5.260750E-1 4.495940E-1 7.657840E-2 1.676890E-2 7.359540E-4
 3.103000E+0 6.320420E-1 5.827990E-1 1.136610E-1 2.855440E-2 1.814230E-3
 3.587710E+0 7.340830E-1 7.224920E-1 1.531330E-1 4.592680E-2 4.069150E-3
 4.087240E+0 8.285500E-1 8.678910E-1 1.912400E-1 6.948440E-2 8.188810E-3
 4.595660E+0 9.109610E-1 1.018170E+0 2.252380E-1 9.897290E-2 1.468240E-2
 5.107020E+0 9.767760E-1 1.168240E+0 2.529770E-1 1.325530E-1 2.331670E-2
 5.618460E+0 1.026880E+0 1.318460E+0 2.744610E-1 1.687460E-1 3.324480E-2
 6.124280E+0 1.062220E+0 1.468170E+0 2.900450E-1 2.061730E-1 4.320460E-2
 6.623420E+0 1.086060E+0 1.617030E+0 3.008980E-1 2.439560E-1 5.218730E-2
 7.114160E+0 1.099670E+0 1.764240E+0 3.077000E-1 2.815770E-1 5.955600E-2
 1.546450E-1 1.679250E-2 8.385390E-4 2.508150E-6 0.000000E+6 0.000000E+6
 2.197930E-1 3.064560E-2 2.055540E-3 9.598090E-6 -2.162720E-9 -1.073980E-12
 3.011510E-1 5.137480E-2 4.392390E-3 3.192920E-5 6.621140E-7 5.915800E-10
 4.002920E-1 7.755850E-2 8.675520E-3 9.771750E-5 8.708140E-6 1.211140E-8
 5.174730E-1 1.077650E-1 1.623790E-2 2.813540E-4 4.416530E-5 9.592310E-8
 6.625200E-1 1.408690E-1 2.914720E-2 7.681790E-4 1.461630E-4 4.960970E-7
 8.351790E-1 1.774240E-1 5.029990E-2 1.981090E-3 3.853750E-4 2.041230E-6
 1.041230E+0 2.156920E-1 8.324570E-2 4.785960E-3 8.897120E-4 7.333460E-6
 1.292020E+0 2.609100E-1 1.316330E-1 1.069020E-2 1.888880E-3 2.410090E-5
 1.578410E+0 3.135140E-1 1.974360E-1 2.168200E-2 3.776770E-3 7.397520E-5
 1.910570E+0 3.779570E-1 2.806590E-1 3.954570E-2 7.184350E-3 2.132970E-4
 2.284780E+0 4.533750E-1 3.786950E-1 6.453500E-2 1.301350E-2 5.745170E-4
 2.687620E+0 5.351690E-1 4.875820E-1 9.487960E-2 2.236200E-2 1.427940E-3
 3.081900E+0 6.138560E-1 6.017330E-1 1.268150E-1 3.619680E-2 3.219700E-3
 3.484190E+0 6.847230E-1 7.192330E-1 1.569870E-1 5.495190E-2 6.493460E-3
 3.882070E+0 7.441630E-1 8.383760E-1 1.831270E-1 7.829470E-2 1.162760E-2
 4.294240E+0 7.907970E-1 9.585230E-1 2.041360E-1 1.049980E-1 1.845840E-2
 4.691600E+0 8.234650E-1 1.076410E+0 2.195830E-1 1.335160E-1 2.622630E-2
 5.074770E+0 8.431180E-1 1.189410E+0 2.298480E-1 1.625230E-1 3.388900E-2
 5.488970E+0 8.543110E-1 1.307060E+0 2.364090E-1 1.918230E-1 4.069150E-2
 5.837530E+0 8.600100E-1 1.421540E+0 2.404390E-1 2.211650E-1 4.627900E-2
 1.461790E-1 1.614320E-2 2.960180E-4 8.985140E-7 0.000000E+6 0.000000E+6
 2.073230E-1 2.975970E-2 1.047770E-3 4.957210E-6 0.000000E+6 0.000000E+6
 2.832710E-1 4.974950E-2 2.746410E-3 2.021560E-5 -3.424670E-9 -2.693360E-12
 3.702650E-1 7.341430E-2 6.060270E-3 6.906660E-5 2.402790E-7 3.436660E-10
 4.775700E-1 1.018210E-1 1.210340E-2 2.121400E-4 7.190330E-6 1.589450E-8
 6.067160E-1 1.316230E-1 2.256240E-2 6.010100E-4 4.734200E-5 1.629530E-7
 7.560500E-1 1.621770E-1 3.982880E-2 1.585800E-3 1.771190E-4 9.497350E-7
 9.273260E-1 1.931580E-1 6.673670E-2 3.872810E-3 4.969550E-4 4.141430E-6
 1.133500E+0 2.285130E-1 1.060900E-1 8.680270E-3 1.181550E-3 1.522840E-5
 1.385200E+0 2.700750E-1 1.595420E-1 1.760990E-2 2.529040E-3 4.999680E-5
 1.637030E+0 3.182500E-1 2.263430E-1 3.197250E-2 5.016460E-3 1.501660E-4
 1.939280E+0 3.747740E-1 3.043870E-1 5.187500E-2 9.332690E-3 4.150770E-4
 2.258460E+0 4.347040E-1 3.900300E-1 7.560130E-2 1.631120E-2 1.048180E-3
 2.564640E+0 4.906900E-1 4.787560E-1 1.000390E-1 2.669650E-2 2.386050E-3
 2.872590E+0 5.392890E-1 5.687060E-1 1.225170E-1 4.078200E-2 4.834970E-3
 3.171420E+0 5.784010E-1 6.590560E-1 1.414260E-1 5.829920E-2 8.670980E-3
 3.471800E+0 6.066360E-1 7.489040E-1 1.558920E-1 7.822190E-2 1.373590E-2
 3.765710E+0 6.243160E-1 8.364930E-1 1.659450E-1 9.940380E-2 1.944690E-2
 4.049030E+0 6.328130E-1 9.215520E-1 1.721120E-1 1.209030E-1 2.502140E-2
 4.323780E+0 6.346060E-1 1.005050E+0 1.753250E-1 1.422880E-1 2.986980E-2
 4.579940E+0 6.296660E-1 1.084950E+0 1.758330E-1 1.631510E-1 3.358050E-2
 1.389880E-1 1.560840E-2 3.002430E-5 9.284280E-8 0.000000E+6 0.000000E+6
 1.942640E-1 2.833450E-2 2.977250E-4 1.430280E-6 0.000000E+6 0.000000E+6
 2.618420E-1 4.641100E-2 1.246480E-3 9.297390E-6 0.000000E+6 0.000000E+6
 3.437090E-1 6.955970E-2 3.531990E-3 4.076040E-5 0.000000E+6 0.000000E+6
 4.412300E-1 9.555180E-2 8.110700E-3 1.438660E-4 3.368670E-8 7.771840E-11
 5.489940E-1 1.208730E-1 1.635680E-2 4.406250E-4 4.986190E-6 1.749380E-8
 6.776740E-1 1.475990E-1 3.021630E-2 1.215310E-3 4.687620E-5 2.551530E-7
 8.252440E-1 1.729870E-1 5.197440E-2 3.045740E-3 2.042100E-4 1.723230E-6
 9.983600E-1 2.001810E-1 8.383510E-2 6.912190E-3 6.184540E-4 8.061760E-6
 1.203710E+0 2.316920E-1 1.268700E-1 1.409170E-2 1.515410E-3 3.026080E-5
 1.415960E+0 2.672150E-1 1.802190E-1 2.553380E-2 3.260630E-3 9.848840E-5
 1.641140E+0 3.070810E-1 2.414880E-1 4.111500E-2 6.370710E-3 2.854920E-4
 1.889390E+0 3.494760E-1 3.080220E-1 5.941590E-2 1.147120E-2 7.419770E-4
 2.121940E+0 3.876120E-1 3.761230E-1 7.780270E-2 1.912310E-2 1.717600E-3
 2.347310E+0 4.196540E-1 4.445460E-1 9.433910E-2 2.958560E-2 3.521110E-3
 2.571270E+0 4.429420E-1 5.114910E-1 1.074910E-1 4.245340E-2 6.320920E-3
 2.788970E+0 4.579720E-1 5.774160E-1 1.170610E-1 5.706640E-2 1.000330E-2
 2.999720E+0 4.651350E-1 6.408820E-1 1.231630E-1 7.250530E-2 1.411320E-2
 3.199810E+0 4.656040E-1 7.019770E-1 1.262860E-1 8.802130E-2 1.806080E-2
 3.402060E+0 4.603780E-1 7.597660E-1 1.269370E-1 1.030860E-1 2.136770E-2
 3.578990E+0 4.526750E-1 8.160900E-1 1.262290E-1 1.178030E-1 2.390230E-2
 1.341940E-1 1.524200E-2 1.820270E-7 6.167480E-10 0.000000E+6 0.000000E+6
 1.842860E-1 2.726290E-2 3.375840E-5 1.645360E-7 0.000000E+6 0.000000E+6
 2.475610E-1 4.442740E-2 3.870130E-4 2.923490E-6 0.000000E+6 0.000000E+6
 3.220010E-1 6.603600E-2 1.719830E-3 2.006780E-5 0.000000E+6 0.000000E+6
 4.073760E-1 8.930370E-2 4.978690E-3 8.915590E-5 0.000000E+6 0.000000E+6
 4.970530E-1 1.128940E-1 1.143870E-2 3.108220E-4 -1.357810E-8 -4.228580E-11
 6.178470E-1 1.351700E-1 2.270980E-2 9.216230E-4 5.566070E-6 3.081650E-8
 7.446650E-1 1.563940E-1 4.071870E-2 2.405320E-3 6.040930E-5 5.163030E-7
 8.864330E-1 1.777070E-1 6.719870E-2 5.576250E-3 2.778710E-4 3.659760E-6
 1.054080E+0 2.010690E-1 1.027990E-1 1.146270E-2 8.508490E-4 1.714360E-5
 1.234350E+0 2.282010E-1 1.467260E-1 2.083500E-2 2.077540E-3 6.324980E-5
 1.411020E+0 2.578350E-1 1.967420E-1 3.346330E-2 4.370830E-3 1.972060E-4
 1.620920E+0 2.890180E-1 2.504520E-1 4.805690E-2 8.224520E-3 5.349800E-4
 1.804250E+0 3.156580E-1 3.046390E-1 6.239910E-2 1.407250E-2 1.269610E-3
 1.979140E+0 3.369470E-1 3.583010E-1 7.494220E-2 2.211170E-2 2.637850E-3
 2.151870E+0 3.509540E-1 4.101260E-1 8.452770E-2 3.198610E-2 4.765550E-3
 2.317870E+0 3.583660E-1 4.607930E-1 9.111100E-2 4.316770E-2 7.552140E-3
 2.483380E+0 3.588600E-1 5.082080E-1 9.464960E-2 5.480140E-2 1.060550E-2
 2.617040E+0 3.551550E-1 5.517490E-1 9.607170E-2 6.644150E-2 1.352010E-2
 2.759280E+0 3.490530E-1 5.980820E-1 9.605150E-2 7.797100E-2 1.597890E-2
 2.878430E+0 3.387250E-1 6.373580E-1 9.432300E-2 8.863350E-2 1.770960E-2
 1.229590E-1 1.445540E-2 0.000000E+6 0.000000E+6 0.000000E+6 0.000000E+6
 1.741870E-1 2.591170E-2 2.849600E-7 1.520140E-9 0.000000E+6 0.000000E+6
 2.331110E-1 4.236900E-2 2.822360E-5 2.169780E-7 0.000000E+6 0.000000E+6
 3.013130E-1 6.260710E-2 4.499120E-4 5.321910E-6 0.000000E+6 0.000000E+6
 3.756810E-1 8.346070E-2 2.195440E-3 3.976550E-5 0.000000E+6 0.000000E+6
 4.607930E-1 1.040740E-1 6.565550E-3 1.802970E-4 0.000000E+6 0.000000E+6
 5.541150E-1 1.226940E-1 1.512550E-2 6.191290E-4 -2.141020E-8 -1.052220E-10
 6.664690E-1 1.397340E-1 2.940830E-2 1.751060E-3 5.301900E-6 4.606340E-8
 7.859680E-1 1.555490E-1 5.080890E-2 4.246980E-3 6.951770E-5 9.274670E-7
 9.177910E-1 1.722330E-1 7.975730E-2 8.935050E-3 3.450590E-4 7.026490E-6
 1.053840E+0 1.909800E-1 1.153300E-1 1.639350E-2 1.088570E-3 3.345690E-5
 1.209840E+0 2.119270E-1 1.552820E-1 2.633210E-2 2.635350E-3 1.198300E-4
 1.369300E+0 2.330410E-1 1.975930E-1 3.763660E-2 5.387390E-3 3.525350E-4
 1.509560E+0 2.502250E-1 2.396340E-1 4.849450E-2 9.674800E-3 8.770200E-4
 1.641760E+0 2.632590E-1 2.812300E-1 5.776250E-2 1.566080E-2 1.873550E-3
 1.769800E+0 2.701050E-1 3.203600E-1 6.443790E-2 2.302190E-2 3.429870E-3
 1.890170E+0 2.715600E-1 3.573050E-1 6.857160E-2 3.128290E-2 5.457760E-3
 2.006440E+0 2.685650E-1 3.924170E-1 7.048930E-2 3.991240E-2 7.669680E-3
 2.100850E+0 2.620620E-1 4.231170E-1 7.063950E-2 4.834280E-2 9.737240E-3
 2.201440E+0 2.544040E-1 4.569320E-1 6.982360E-2 5.663480E-2 1.143540E-2
 2.278850E+0 2.441200E-1 4.834210E-1 6.785330E-2 6.422400E-2 1.260020E-2
 1.184010E-1 1.421230E-2 0.000000E+6 0.000000E+6 0.000000E+6 0.000000E+6
 1.560270E-1 2.413810E-2 0.000000E+6 0.000000E+6 0.000000E+6 0.000000E+6
 2.051530E-1 3.862140E-2 0.000000E+6 0.000000E+6 0.000000E+6 0.000000E+6
 2.753260E-1 5.770330E-2 6.320380E-6 7.634240E-8 0.000000E+6 0.000000E+6
 3.350500E-1 7.488390E-2 3.028630E-4 5.577400E-6 0.000000E+6 0.000000E+6
 4.047570E-1 9.196860E-2 2.026180E-3 5.640720E-5 0.000000E+6 0.000000E+6
 4.788190E-1 1.061500E-1 6.865880E-3 2.842750E-4 0.000000E+6 0.000000E+6
 5.666550E-1 1.186400E-1 1.653480E-2 9.933400E-4 -3.364560E-8 -2.600190E-10
 6.635020E-1 1.288760E-1 3.206650E-2 2.700800E-3 1.355920E-6 1.862030E-8
 7.614800E-1 1.386650E-1 5.377730E-2 6.052800E-3 4.714430E-5 9.760990E-7
 8.657630E-1 1.496540E-1 8.059630E-2 1.146090E-2 3.062770E-4 9.535520E-6
 9.703130E-1 1.616100E-1 1.105450E-1 1.867450E-2 1.073940E-3 4.936700E-5
 1.087000E+0 1.732500E-1 1.413550E-1 2.665140E-2 2.678480E-3 1.766750E-4
 1.184150E+0 1.819750E-1 1.715990E-1 3.413120E-2 5.404280E-3 4.926850E-4
 1.275270E+0 1.868990E-1 2.002880E-1 4.008300E-2 9.324130E-3 1.117600E-3
 1.357210E+0 1.883730E-1 2.274270E-1 4.424170E-2 1.427910E-2 2.127230E-3
 1.435600E+0 1.860840E-1 2.525690E-1 4.647420E-2 1.985090E-2 3.448620E-3
 1.507020E+0 1.809210E-1 2.756190E-1 4.711700E-2 2.561010E-2 4.886560E-3
 1.569740E+0 1.734070E-1 2.965870E-1 4.647310E-2 3.122090E-2 6.185320E-3
 1.626820E+0 1.655010E-1 3.163760E-1 4.523960E-2 3.652640E-2 7.233750E-3
 1.665790E+0 1.562560E-1 3.327700E-1 4.330360E-2 4.137000E-2 7.899660E-3
 1.020660E-1 1.234730E-2 0.000000E+6 0.000000E+6 0.000000E+6 0.000000E+6
 1.394870E-1 2.189210E-2 0.000000E+6 0.000000E+6 0.000000E+6 0.000000E+6
 1.829730E-1 3.490630E-2 0.000000E+6 0.000000E+6 0.000000E+6 0.000000E+6
 2.301900E-1 4.996170E-2 0.000000E+6 0.000000E+6 0.000000E+6 0.000000E+6
 2.822300E-1 6.323490E-2 1.030520E-6 2.075050E-8 0.000000E+6 0.000000E+6
 3.365320E-1 7.637130E-2 1.313230E-4 3.716850E-6 0.000000E+6 0.000000E+6
 3.913640E-1 8.604880E-2 1.464070E-3 6.143220E-5 0.000000E+6 0.000000E+6
 4.549280E-1 9.378500E-2 5.934000E-3 3.603800E-4 0.000000E+6 0.000000E+6
 5.197490E-1 9.893550E-2 1.515760E-2 1.285540E-3 0.000000E+6 0.000000E+6
 5.872610E-1 1.035240E-1 2.954570E-2 3.348500E-3 -8.175080E-8 -1.537930E-9
 6.588940E-1 1.084710E-1 4.819760E-2 6.871680E-3 2.135560E-5 6.760980E-7
 7.314160E-1 1.136700E-1 6.923950E-2 1.162700E-2 2.113990E-4 9.830730E-6
 8.052200E-1 1.187000E-1 9.069870E-2 1.688520E-2 8.599300E-4 5.725390E-5
 8.663810E-1 1.219050E-1 1.115590E-1 2.172790E-2 2.257240E-3 2.071990E-4
 9.246290E-1 1.226400E-1 1.308600E-1 2.542160E-2 4.519160E-3 5.437710E-4
 9.768210E-1 1.206730E-1 1.482210E-1 2.768470E-2 7.519800E-3 1.118580E-3
 1.023250E+0 1.165590E-1 1.637600E-1 2.863540E-2 1.096070E-2 1.892640E-3
 1.063430E+0 1.110280E-1 1.779270E-1 2.857800E-2 1.452480E-2 2.737260E-3
 1.098180E+0 1.045060E-1 1.905430E-1 2.777300E-2 1.796360E-2 3.501460E-3
 1.128220E+0 9.725970E-2 2.004500E-1 2.642650E-2 2.110970E-2 4.068270E-3
 1.147550E+0 9.049110E-2 2.103270E-1 2.496790E-2 2.399540E-2 4.433520E-3
 8.302890E-2 1.010290E-2 0.000000E+6 0.000000E+6 0.000000E+6 0.000000E+6
 1.130150E-1 1.780180E-2 0.000000E+6 0.000000E+6 0.000000E+6 0.000000E+6
 1.473420E-1 2.813790E-2 0.000000E+6 0.000000E+6 0.000000E+6 0.000000E+6
 1.840570E-1 3.983260E-2 0.000000E+6 0.000000E+6 0.000000E+6 0.000000E+6
 2.214570E-1 5.099160E-2 0.000000E+6 0.000000E+6 0.000000E+6 0.000000E+6
 2.684940E-1 6.031780E-2 1.520190E-6 4.655910E-8 0.000000E+6 0.000000E+6
 3.060960E-1 6.635160E-2 7.025570E-5 2.994680E-6 0.000000E+6 0.000000E+6
 3.462940E-1 7.010780E-2 1.167290E-3 7.154230E-5 0.000000E+6 0.000000E+6
 3.883940E-1 7.197690E-2 5.154040E-3 4.400320E-4 0.000000E+6 0.000000E+6
 4.318520E-1 7.308890E-2 1.324090E-2 1.504030E-3 0.000000E+6 0.000000E+6
 4.796850E-1 7.431410E-2 2.510370E-2 3.564630E-3 -1.253940E-7 -3.621430E-9
 5.258760E-1 7.602860E-2 3.920950E-2 6.539400E-3 1.199520E-5 5.659040E-7
 5.695810E-1 7.754420E-2 5.386920E-2 9.915330E-3 1.603950E-4 1.078800E-5
 6.098150E-1 7.780250E-2 6.785750E-2 1.293510E-2 6.950280E-4 6.414410E-5
 6.455150E-1 7.671260E-2 8.065280E-2 1.519230E-2 1.808680E-3 2.180420E-4
 6.764880E-1 7.400720E-2 9.180420E-2 1.646380E-2 3.482680E-3 5.169110E-4
 7.029270E-1 7.005830E-2 1.014540E-1 1.685170E-2 5.518840E-3 9.462130E-4
 7.258840E-1 6.534940E-2 1.097210E-1 1.657420E-2 7.679010E-3 1.424970E-3
 7.415960E-1 6.035560E-2 1.171250E-1 1.587410E-2 9.753370E-3 1.861680E-3
 7.545920E-1 5.549690E-2 1.233760E-1 1.496810E-2 1.165150E-2 2.194130E-3
 7.618290E-1 5.053900E-2 1.281590E-1 1.387000E-2 1.331180E-2 2.379090E-3
---