PdfType: central
Format: lhagrid1
---
 1.000000E-6 1.700000E-6 3.200000E-6 6.000000E-6 1.000000E-5 1.700000E-5 3.200000E-5 6.000000E-5 1.000000E-4 1.700000E-4 3.200000E-4 6.000000E-4 1.000000E-3 1.700000E-3 3.200000E-3 6.000000E-3 1.000000E-2 1.700000E-2 3.200000E-2 6.000000E-2 1.000000E-1
 3.162278E-1 3.981068E-1 5.011876E-1 6.309572E-1 7.943280E-1 1.000000E+0 1.258924E+0 1.584894E+0 1.995262E+0 2.511886E+0 3.162278E+0 3.981068E+0 5.011876E+0 6.309572E+0 7.943280E+0 1.000000E+1 1.258924E+1 1.584894E+1 1.995262E+1 2.511886E+1 3.162278E+1
900 901 917 918 920 921
 3.729450E+0 2.677270E-1 2.016180E-1 5.452760E-4 4.029230E-3 1.294980E-6
 5.590280E+0 5.317230E-1 3.451890E-1 1.474920E-3 7.165620E-3 3.644710E-6
 8.273920E+0 9.830250E-1 5.915120E-1 3.966140E-3 1.271780E-2 1.023470E-5
 1.208110E+1 1.687920E+0 1.003530E+0 1.049410E-2 2.251670E-2 2.862140E-5
 1.744480E+1 2.776820E+0 1.687740E+0 2.731520E-2 3.969680E-2 7.963360E-5
 2.476250E+1 4.281120E+0 2.797250E+0 6.930570E-2 6.992570E-2 2.213930E-4
 3.475660E+1 6.401490E+0 4.556940E+0 1.699520E-1 1.222350E-1 6.093430E-4
 4.931650E+1 9.483610E+0 7.382950E+0 4.057320E-1 2.164160E-1 1.692720E-3
 7.062610E+1 1.416140E+1 1.189160E+1 9.308340E-1 3.863570E-1 4.709560E-3
 9.690640E+1 2.026550E+1 1.807380E+1 1.934750E+0 6.795550E-1 1.280010E-2
 1.291460E+2 2.809920E+1 2.621860E+1 3.642880E+0 1.170270E+0 3.363820E-2
 1.658380E+2 3.775190E+1 3.605410E+1 6.171870E+0 1.963590E+0 8.434050E-2
 2.074870E+2 4.870260E+1 4.752660E+1 9.436220E+0 3.173600E+0 1.982660E-1
 2.532430E+2 6.037530E+1 6.036210E+1 1.320820E+1 4.937400E+0 4.327660E-1
 3.015250E+2 7.147410E+1 7.410630E+1 1.700560E+1 7.248820E+0 8.482670E-1
 3.700760E+2 8.428730E+1 9.208980E+1 2.118840E+1 1.026550E+1 1.518950E+0
 4.412700E+2 9.448710E+1 1.108540E+2 2.469590E+1 1.375230E+1 2.415940E+0
 4.969930E+2 1.010030E+2 1.267600E+2 2.715940E+1 1.740450E+1 3.430540E+0
 5.522660E+2 1.059150E+2 1.424660E+2 2.903890E+1 2.117590E+1 4.454640E+0
 6.077440E+2 1.096300E+2 1.584980E+2 3.045740E+1 2.506580E+1 5.394110E+0
 6.631520E+2 1.122290E+2 1.744970E+2 3.146220E+1 2.904700E+1 6.180190E+0
 3.635330E+0 2.700260E-1 1.814610E-1 4.917530E-4 3.515070E-3 1.130100E-6
 5.417690E+0 5.282080E-1 3.113130E-1 1.331520E-3 6.268130E-3 3.190100E-6
 7.969110E+0 9.727040E-1 5.333660E-1 3.583570E-3 1.113720E-2 8.968000E-6
 1.160900E+1 1.682330E+0 9.086830E-1 9.531690E-3 1.974480E-2 2.513250E-5
 1.669080E+1 2.725710E+0 1.527810E+0 2.484620E-2 3.488420E-2 7.006200E-5
 2.355470E+1 4.168800E+0 2.539510E+0 6.321250E-2 6.141180E-2 1.945500E-4
 3.288230E+1 6.176050E+0 4.138870E+0 1.552560E-1 1.078990E-1 5.382020E-4
 4.623120E+1 9.065040E+0 6.702680E+0 3.698630E-1 1.901370E-1 1.487370E-3
 6.559370E+1 1.329240E+1 1.072870E+1 8.430250E-1 3.379300E-1 4.123070E-3
 8.896500E+1 1.870900E+1 1.623080E+1 1.743050E+0 5.940690E-1 1.120680E-2
 1.177650E+2 2.578480E+1 2.351610E+1 3.280240E+0 1.021210E+0 2.937010E-2
 1.505370E+2 3.410160E+1 3.225860E+1 5.511550E+0 1.713130E+0 7.364130E-2
 1.873300E+2 4.358250E+1 4.237520E+1 8.384330E+0 2.768450E+0 1.730650E-1
 2.269940E+2 5.363440E+1 5.364680E+1 1.168000E+1 4.301390E+0 3.769920E-1
 2.711810E+2 6.337920E+1 6.581750E+1 1.503390E+1 6.320120E+0 7.404440E-1
 3.286820E+2 7.371390E+1 8.106170E+1 1.849890E+1 8.913610E+0 1.318250E+0
 3.897870E+2 8.222020E+1 9.706850E+1 2.146710E+1 1.190690E+1 2.090840E+0
 4.370290E+2 8.754710E+1 1.105400E+2 2.352610E+1 1.502920E+1 2.963350E+0
 4.849810E+2 9.160450E+1 1.242600E+2 2.510470E+1 1.830640E+1 3.845840E+0
 5.330040E+2 9.461210E+1 1.380210E+2 2.627840E+1 2.165130E+1 4.649950E+0
 5.809990E+2 9.681920E+1 1.518280E+2 2.713780E+1 2.504100E+1 5.328260E+0
 3.474830E+0 2.671360E-1 1.598390E-1 4.361770E-4 2.980200E-3 9.584460E-7
 5.192080E+0 5.270410E-1 2.739700E-1 1.172630E-3 5.324510E-3 2.711380E-6
 7.607300E+0 9.630560E-1 4.705940E-1 3.167370E-3 9.492890E-3 7.649610E-6
 1.097730E+1 1.631780E+0 8.021010E-1 8.440610E-3 1.685480E-2 2.147690E-5
 1.566410E+1 2.633970E+0 1.353120E+0 2.208020E-2 2.983190E-2 6.001410E-5
 2.207790E+1 4.023680E+0 2.255390E+0 5.640670E-2 5.258110E-2 1.666920E-4
 3.055980E+1 5.883270E+0 3.672350E+0 1.382760E-1 9.240060E-2 4.611430E-4
 4.253270E+1 8.480430E+0 5.934940E+0 3.287730E-1 1.629500E-1 1.275740E-3
 5.952300E+1 1.224850E+1 9.451500E+0 7.456500E-1 2.882870E-1 3.519490E-3
 8.027830E+1 1.703050E+1 1.427610E+1 1.537940E+0 5.049180E-1 9.525430E-3
 1.053620E+2 2.316520E+1 2.056870E+1 2.879570E+0 8.673120E-1 2.496430E-2
 1.336280E+2 3.023940E+1 2.815730E+1 4.818850E+0 1.451580E+0 6.246510E-2
 1.654700E+2 3.820550E+1 3.681390E+1 7.283320E+0 2.347990E+0 1.469830E-1
 2.004030E+2 4.668030E+1 4.657850E+1 1.010720E+1 3.642790E+0 3.196550E-1
 2.353330E+2 5.422020E+1 5.665440E+1 1.281930E+1 5.345620E+0 6.256740E-1
 2.846740E+2 6.280460E+1 6.947720E+1 1.572850E+1 7.518720E+0 1.111920E+0
 3.355130E+2 6.951300E+1 8.270630E+1 1.812650E+1 1.002350E+1 1.758800E+0
 3.748310E+2 7.376310E+1 9.394170E+1 1.980690E+1 1.263720E+1 2.489060E+0
 4.155660E+2 7.694290E+1 1.055080E+2 2.107530E+1 1.538630E+1 3.222700E+0
 4.554730E+2 7.931840E+1 1.169630E+2 2.202280E+1 1.817760E+1 3.892150E+0
 4.952420E+2 8.105400E+1 1.284290E+2 2.271360E+1 2.099880E+1 4.456040E+0
 3.309950E+0 2.617780E-1 1.403530E-1 3.862390E-4 2.517400E-3 8.097680E-7
 4.937400E+0 5.196260E-1 2.410140E-1 1.035900E-3 4.513510E-3 2.299160E-6
 7.230970E+0 9.454500E-1 4.138540E-1 2.795860E-3 8.064850E-3 6.502050E-6
 1.039820E+1 1.610150E+0 7.058760E-1 7.450770E-3 1.436540E-2 1.831670E-5
 1.470400E+1 2.556160E+0 1.195470E+0 1.959060E-2 2.549740E-2 5.135880E-5
 2.054800E+1 3.852360E+0 1.993050E+0 5.003850E-2 4.502430E-2 1.429540E-4
 2.829660E+1 5.551080E+0 3.254370E+0 1.231770E-1 7.907720E-2 3.947940E-4
 3.911510E+1 7.933380E+0 5.250440E+0 2.919950E-1 1.392890E-1 1.091200E-3
 5.413000E+1 1.122510E+1 8.302810E+0 6.569690E-1 2.457630E-1 3.003190E-3
 7.227650E+1 1.539310E+1 1.251370E+1 1.351260E+0 4.294410E-1 8.112330E-3
 9.372290E+1 2.054120E+1 1.792280E+1 2.511160E+0 7.371610E-1 2.123050E-2
 1.183460E+2 2.661070E+1 2.447020E+1 4.188930E+0 1.231520E+0 5.304730E-2
 1.457140E+2 3.347760E+1 3.196220E+1 6.334780E+0 1.991420E+0 1.248590E-1
 1.750910E+2 4.032970E+1 4.019160E+1 8.686200E+0 3.079180E+0 2.703920E-1
 2.053740E+2 4.662730E+1 4.878000E+1 1.098800E+1 4.517650E+0 5.292620E-1
 2.462470E+2 5.344000E+1 5.945400E+1 1.335730E+1 6.344920E+0 9.379540E-1
 2.880860E+2 5.877280E+1 7.028180E+1 1.531060E+1 8.430080E+0 1.480630E+0
 3.213080E+2 6.215120E+1 7.977030E+1 1.667680E+1 1.062900E+1 2.091600E+0
 3.553080E+2 6.468260E+1 8.942940E+1 1.770890E+1 1.292530E+1 2.704070E+0
 3.874570E+2 6.663030E+1 9.887640E+1 1.849480E+1 1.524520E+1 3.266020E+0
 4.203240E+2 6.799750E+1 1.083920E+2 1.905170E+1 1.759790E+1 3.736010E+0
 3.196590E+0 2.617020E-1 1.256500E-1 3.476860E-4 2.182450E-3 7.021010E-7
 4.760920E+0 5.148170E-1 2.169580E-1 9.383860E-4 3.931020E-3 2.002760E-6
 6.909710E+0 9.223320E-1 3.714500E-1 2.511590E-3 7.048690E-3 5.684500E-6
 9.910630E+0 1.569710E+0 6.343720E-1 6.714040E-3 1.258440E-2 1.605140E-5
 1.396380E+1 2.468510E+0 1.074950E+0 1.763730E-2 2.237860E-2 4.510010E-5
 1.938500E+1 3.685030E+0 1.798910E+0 4.526220E-2 3.963510E-2 1.259760E-4
 2.656840E+1 5.315210E+0 2.944550E+0 1.115990E-1 6.970720E-2 3.483450E-4
 3.649620E+1 7.514020E+0 4.740000E+0 2.645250E-1 1.225510E-1 9.603600E-4
 4.977940E+1 1.042070E+1 7.442220E+0 5.906500E-1 2.156370E-1 2.635410E-3
 6.617850E+1 1.409770E+1 1.121090E+1 1.212420E+0 3.760970E-1 7.109000E-3
 8.508180E+1 1.854600E+1 1.599280E+1 2.236170E+0 6.452420E-1 1.859850E-2
 1.068900E+2 2.391250E+1 2.178250E+1 3.728020E+0 1.077030E+0 4.641670E-2
 1.307010E+2 2.961500E+1 2.830700E+1 5.572530E+0 1.740640E+0 1.091050E-1
 1.563900E+2 3.560660E+1 3.553080E+1 7.637630E+0 2.686800E+0 2.357330E-1
 1.830050E+2 4.116240E+1 4.311210E+1 9.673580E+0 3.943050E+0 4.619930E-1
 2.182300E+2 4.666610E+1 5.222850E+1 1.164670E+1 5.519430E+0 8.150890E-1
 2.548980E+2 5.116990E+1 6.160920E+1 1.331690E+1 7.329020E+0 1.284590E+0
 2.836670E+2 5.412230E+1 6.987340E+1 1.451510E+1 9.244640E+0 1.817920E+0
 3.119980E+2 5.618450E+1 7.801770E+1 1.537760E+1 1.120490E+1 2.345800E+0
 3.410660E+2 5.774330E+1 8.639780E+1 1.602390E+1 1.324020E+1 2.827030E+0
 3.685540E+2 5.883070E+1 9.443340E+1 1.648080E+1 1.525130E+1 3.230440E+0
 3.072470E+0 2.559520E-1 1.109650E-1 3.080700E-4 1.876950E-3 6.038870E-7
 4.553220E+0 5.028930E-1 1.937010E-1 8.431710E-4 3.387720E-3 1.726230E-6
 6.623000E+0 9.127940E-1 3.323720E-1 2.255240E-3 6.101380E-3 4.921660E-6
 9.429820E+0 1.528090E+0 5.664990E-1 5.995840E-3 1.093980E-2 1.395970E-5
 1.316570E+1 2.382710E+0 9.619450E-1 1.582400E-2 1.950790E-2 3.933230E-5
 1.820670E+1 3.551310E+0 1.608270E+0 4.058360E-2 3.460610E-2 1.100750E-4
 2.489720E+1 5.087860E+0 2.639990E+0 1.005010E-1 6.108610E-2 3.056210E-4
 3.379140E+1 7.020190E+0 4.243450E+0 2.375380E-1 1.072220E-1 8.407470E-4
 4.578610E+1 9.635730E+0 6.647920E+0 5.289670E-1 1.882170E-1 2.301340E-3
 6.011910E+1 1.281610E+1 9.957130E+0 1.077950E+0 3.274420E-1 6.191400E-3
 7.710330E+1 1.678030E+1 1.419970E+1 1.989270E+0 5.607900E-1 1.617270E-2
 9.617200E+1 2.136490E+1 1.928650E+1 3.298540E+0 9.375850E-1 4.044460E-2
 1.168160E+2 2.631910E+1 2.501880E+1 4.920810E+0 1.512110E+0 9.486830E-2
 1.392100E+2 3.136350E+1 3.128010E+1 6.706160E+0 2.331890E+0 2.047340E-1
 1.626150E+2 3.611540E+1 3.789020E+1 8.467920E+0 3.418260E+0 4.008210E-1
 1.877910E+2 4.023830E+1 4.444110E+1 1.004430E+1 4.720690E+0 7.037820E-1
 2.237040E+2 4.433690E+1 5.368510E+1 1.152910E+1 6.334710E+0 1.110000E+0
 2.492430E+2 4.679760E+1 6.085310E+1 1.254370E+1 7.992150E+0 1.568120E+0
 2.731500E+2 4.843110E+1 6.774630E+1 1.325050E+1 9.667090E+0 2.019340E+0
 2.972070E+2 4.978690E+1 7.489510E+1 1.381310E+1 1.141640E+1 2.436090E+0
 3.213640E+2 5.072530E+1 8.193480E+1 1.420810E+1 1.316340E+1 2.783560E+0
 2.926100E+0 2.521960E-1 9.519330E-2 2.648940E-4 1.566680E-3 5.041220E-7
 4.311410E+0 4.894580E-1 1.672060E-1 7.318550E-4 2.829430E-3 1.441890E-6
 6.272610E+0 8.858570E-1 2.900260E-1 1.982390E-3 5.105690E-3 4.119170E-6
 8.838340E+0 1.468220E+0 4.949620E-1 5.251760E-3 9.194050E-3 1.173510E-5
 1.233620E+1 2.300890E+0 8.381210E-1 1.380830E-2 1.648290E-2 3.324750E-5
 1.699340E+1 3.387060E+0 1.405950E+0 3.553950E-2 2.935570E-2 9.342560E-5
 2.286890E+1 4.763280E+0 2.305650E+0 8.805580E-2 5.197210E-2 2.603060E-4
 3.086030E+1 6.489730E+0 3.701190E+0 2.075180E-1 9.133170E-2 7.167510E-4
 4.111040E+1 8.708960E+0 5.780790E+0 4.608770E-1 1.597840E-1 1.954590E-3
 5.355950E+1 1.143250E+1 8.633050E+0 9.368040E-1 2.774770E-1 5.248370E-3
 6.809460E+1 1.476030E+1 1.228610E+1 1.721810E+0 4.744170E-1 1.368890E-2
 8.450340E+1 1.857440E+1 1.662200E+1 2.836050E+0 7.913170E-1 3.415140E-2
 1.022140E+2 2.277790E+1 2.154260E+1 4.227530E+0 1.275860E+0 8.005400E-2
 1.211050E+2 2.693180E+1 2.684630E+1 5.729740E+0 1.967780E+0 1.728320E-1
 1.404190E+2 3.072580E+1 3.233900E+1 7.186130E+0 2.883420E+0 3.380870E-1
 1.654650E+2 3.436020E+1 3.878920E+1 8.550070E+0 4.016370E+0 5.930630E-1
 1.912900E+2 3.730770E+1 4.540770E+1 9.692150E+0 5.313710E+0 9.308110E-1
 2.124930E+2 3.926670E+1 5.134230E+1 1.051560E+1 6.675960E+0 1.309100E+0
 2.324390E+2 4.058640E+1 5.711710E+1 1.110010E+1 8.096240E+0 1.689950E+0
 2.527780E+2 4.161420E+1 6.299630E+1 1.154300E+1 9.539720E+0 2.034340E+0
 2.723200E+2 4.241400E+1 6.892200E+1 1.187830E+1 1.101050E+1 2.326220E+0
 2.754720E+0 2.443000E-1 8.109810E-2 2.261630E-4 1.309020E-3 4.212100E-7
 4.071480E+0 4.763640E-1 1.434470E-1 6.295830E-4 2.364360E-3 1.205040E-6
 5.864630E+0 8.563690E-1 2.508840E-1 1.725280E-3 4.267490E-3 3.443300E-6
 8.320250E+0 1.425280E+0 4.317610E-1 4.609640E-3 7.695040E-3 9.823520E-6
 1.150160E+1 2.188480E+0 7.317740E-1 1.207260E-2 1.384370E-2 2.793290E-5
 1.573900E+1 3.217780E+0 1.225600E+0 3.106080E-2 2.480010E-2 7.895980E-5
 2.101020E+1 4.414100E+0 2.010440E+0 7.684190E-2 4.407330E-2 2.208620E-4
 2.801110E+1 5.982020E+0 3.220740E+0 1.810730E-1 7.762890E-2 6.099230E-4
 3.699710E+1 7.908100E+0 5.018780E+0 4.014560E-1 1.355940E-1 1.659820E-3
 4.773960E+1 1.020210E+1 7.469190E+0 8.122500E-1 2.350850E-1 4.446890E-3
 6.018540E+1 1.296250E+1 1.060260E+1 1.486660E+0 4.017160E-1 1.159850E-2
 7.401760E+1 1.616130E+1 1.430950E+1 2.442590E+0 6.676170E-1 2.881650E-2
 8.926570E+1 1.962220E+1 1.847540E+1 3.617210E+0 1.076900E+0 6.759970E-2
 1.051090E+2 2.299240E+1 2.293520E+1 4.872340E+0 1.658180E+0 1.456370E-1
 1.212530E+2 2.611650E+1 2.758000E+1 6.091380E+0 2.427630E+0 2.845960E-1
 1.421110E+2 2.906540E+1 3.293030E+1 7.222290E+0 3.378090E+0 4.988900E-1
 1.634640E+2 3.138740E+1 3.836410E+1 8.147350E+0 4.459850E+0 7.809890E-1
 1.804190E+2 3.291630E+1 4.318900E+1 8.813280E+0 5.596280E+0 1.098580E+0
 1.974810E+2 3.405750E+1 4.810560E+1 9.311950E+0 6.782190E+0 1.416730E+0
 2.146900E+2 3.485570E+1 5.304700E+1 9.666260E+0 7.989870E+0 1.702630E+0
 2.305560E+2 3.543390E+1 5.789140E+1 9.922280E+0 9.213560E+0 1.942270E+0
 2.640900E+0 2.397250E-1 7.072420E-2 1.975070E-4 1.130950E-3 3.639490E-7
 3.879040E+0 4.646150E-1 1.257650E-1 5.528250E-4 2.042900E-3 1.041290E-6
 5.593410E+0 8.287310E-1 2.213700E-1 1.526040E-3 3.687820E-3 2.975840E-6
 7.823790E+0 1.361300E+0 3.840510E-1 4.121100E-3 6.650780E-3 8.491230E-6
 1.084650E+1 2.100590E+0 6.529810E-1 1.079940E-2 1.197510E-2 2.416690E-5
 1.467960E+1 3.023360E+0 1.094420E+0 2.773530E-2 2.149810E-2 6.846830E-5
 1.949600E+1 4.139900E+0 1.794450E+0 6.864960E-2 3.838820E-2 1.924450E-4
 2.582890E+1 5.521850E+0 2.873100E+0 1.616450E-1 6.785860E-2 5.335090E-4
 3.382580E+1 7.212400E+0 4.461370E+0 3.572820E-1 1.185900E-1 1.452810E-3
 4.340540E+1 9.265640E+0 6.630790E+0 7.211820E-1 2.052160E-1 3.883480E-3
 5.436860E+1 1.164070E+1 9.386990E+0 1.315740E+0 3.504450E-1 1.011640E-2
 6.650370E+1 1.439060E+1 1.263790E+1 2.154320E+0 5.823210E-1 2.514240E-2
 7.966520E+1 1.733420E+1 1.626280E+1 3.177540E+0 9.370450E-1 5.882920E-2
 9.331210E+1 2.023310E+1 2.016210E+1 4.274290E+0 1.444920E+0 1.270400E-1
 1.075120E+2 2.280490E+1 2.418960E+1 5.307870E+0 2.109410E+0 2.470960E-1
 1.255320E+2 2.533530E+1 2.878250E+1 6.287280E+0 2.931440E+0 4.328160E-1
 1.438120E+2 2.726160E+1 3.343300E+1 7.071690E+0 3.865880E+0 6.768280E-1
 1.583530E+2 2.854630E+1 3.759290E+1 7.640090E+0 4.847840E+0 9.513030E-1
 1.730340E+2 2.950130E+1 4.183020E+1 8.064130E+0 5.872090E+0 1.226020E+0
 1.872260E+2 3.019360E+1 4.602280E+1 8.372270E+0 6.909730E+0 1.474340E+0
 2.014530E+2 3.064880E+1 5.026820E+1 8.581470E+0 7.971380E+0 1.679340E+0
 2.525940E+0 2.357070E-1 6.115120E-2 1.709840E-4 9.716150E-4 3.126820E-7
 3.680930E+0 4.502620E-1 1.090850E-1 4.802730E-4 1.755140E-3 8.946020E-7
 5.267710E+0 7.978530E-1 1.930920E-1 1.334050E-3 3.168660E-3 2.557140E-6
 7.389200E+0 1.309340E+0 3.374130E-1 3.635700E-3 5.714830E-3 7.296990E-6
 1.012850E+1 1.994300E+0 5.780770E-1 9.602820E-3 1.029090E-2 2.077050E-5
 1.363890E+1 2.867410E+0 9.697710E-1 2.461480E-2 1.848860E-2 5.889310E-5
 1.803930E+1 3.893220E+0 1.591580E+0 6.086670E-2 3.308050E-2 1.658800E-4
 2.365630E+1 5.106730E+0 2.544160E+0 1.432620E-1 5.875270E-2 4.620460E-4
 3.072480E+1 6.596670E+0 3.941130E+0 3.158970E-1 1.029860E-1 1.262720E-3
 3.904960E+1 8.306300E+0 5.836140E+0 6.348420E-1 1.782270E-1 3.374880E-3
 4.875050E+1 1.037020E+1 8.250460E+0 1.156200E+0 3.035480E-1 8.766200E-3
 5.937440E+1 1.268190E+1 1.107460E+1 1.883960E+0 5.046330E-1 2.179990E-2
 7.075570E+1 1.521170E+1 1.424000E+1 2.775070E+0 8.113470E-1 5.094670E-2
 8.267040E+1 1.764820E+1 1.759890E+1 3.716200E+0 1.247110E+0 1.095770E-1
 9.476560E+1 1.982760E+1 2.106980E+1 4.606400E+0 1.820250E+0 2.132570E-1
 1.100500E+2 2.191980E+1 2.498070E+1 5.434360E+0 2.528280E+0 3.732620E-1
 1.255270E+2 2.353070E+1 2.888290E+1 6.101400E+0 3.326790E+0 5.831530E-1
 1.381420E+2 2.460600E+1 3.251360E+1 6.583230E+0 4.175450E+0 8.190990E-1
 1.508590E+2 2.540420E+1 3.620140E+1 6.942030E+0 5.062200E+0 1.054660E+0
 1.628050E+2 2.597360E+1 3.973000E+1 7.201080E+0 5.944460E+0 1.267770E+0
 1.753590E+2 2.640210E+1 4.344680E+1 7.391600E+0 6.857850E+0 1.446360E+0
 2.357720E+0 2.261940E-1 5.134290E-2 1.436980E-4 8.106370E-4 2.609030E-7
 3.423120E+0 4.258820E-1 9.167690E-2 4.040990E-4 1.464550E-3 7.465340E-7
 4.907650E+0 7.656390E-1 1.627900E-1 1.126090E-3 2.644110E-3 2.133950E-6
 6.836210E+0 1.239870E+0 2.862260E-1 3.090820E-3 4.769040E-3 6.090120E-6
 9.320860E+0 1.872730E+0 4.958900E-1 8.290560E-3 8.588900E-3 1.733750E-5
 1.247760E+1 2.652930E+0 8.375630E-1 2.134660E-2 1.543330E-2 4.916750E-5
 1.640920E+1 3.563300E+0 1.376160E+0 5.273900E-2 2.762850E-2 1.385820E-4
 2.133580E+1 4.643340E+0 2.200220E+0 1.240800E-1 4.918140E-2 3.869170E-4
 2.733700E+1 5.845810E+0 3.391490E+0 2.718490E-1 8.665380E-2 1.062980E-3
 3.450940E+1 7.284470E+0 5.011810E+0 5.457280E-1 1.502760E-1 2.848810E-3
 4.268020E+1 8.998870E+0 7.057440E+0 9.897810E-1 2.557360E-1 7.388920E-3
 5.164600E+1 1.094380E+1 9.458170E+0 1.609070E+0 4.248580E-1 1.835380E-2
 6.131620E+1 1.297420E+1 1.211990E+1 2.353540E+0 6.819480E-1 4.282970E-2
 7.116200E+1 1.501320E+1 1.494210E+1 3.150660E+0 1.047980E+0 9.215380E-2
 8.147800E+1 1.677230E+1 1.784700E+1 3.886920E+0 1.527050E+0 1.788250E-1
 9.400700E+1 1.844280E+1 2.108520E+1 4.566470E+0 2.119100E+0 3.128470E-1
 1.070490E+2 1.972350E+1 2.433510E+1 5.110190E+0 2.786670E+0 4.876070E-1
 1.172520E+2 2.059950E+1 2.731490E+1 5.509020E+0 3.492240E+0 6.848380E-1
 1.276860E+2 2.125910E+1 3.040340E+1 5.807790E+0 4.233840E+0 8.820620E-1
 1.376380E+2 2.168360E+1 3.330270E+1 6.010730E+0 4.966910E+0 1.057900E+0
 1.485310E+2 2.199770E+1 3.640280E+1 6.157660E+0 5.717210E+0 1.204170E+0
 2.224070E+0 2.178980E-1 4.313020E-2 1.208370E-4 6.770600E-4 2.179150E-7
 3.222200E+0 4.140880E-1 7.703450E-2 3.398530E-4 1.223220E-3 6.235700E-7
 4.570280E+0 7.260900E-1 1.369620E-1 9.488350E-4 2.208630E-3 1.782580E-6
 6.320530E+0 1.169510E+0 2.414170E-1 2.611860E-3 3.983890E-3 5.087590E-6
 8.548740E+0 1.739020E+0 4.201940E-1 7.044040E-3 7.175460E-3 1.448500E-5
 1.133450E+1 2.436250E+0 7.165450E-1 1.836490E-2 1.289400E-2 4.108250E-5
 1.484460E+1 3.231380E+0 1.185190E+0 4.552580E-2 2.308670E-2 1.158220E-4
 1.913290E+1 4.153820E+0 1.894540E+0 1.069310E-1 4.110870E-2 3.234920E-4
 2.428440E+1 5.173080E+0 2.913010E+0 2.335690E-1 7.256650E-2 8.904510E-4
 3.035750E+1 6.375210E+0 4.290170E+0 4.668970E-1 1.263360E-1 2.395910E-3
 3.732330E+1 7.808980E+0 6.034420E+0 8.457750E-1 2.153900E-1 6.228030E-3
 4.476300E+1 9.386940E+0 8.054610E+0 1.369280E+0 3.575150E-1 1.544710E-2
 5.308640E+1 1.109530E+1 1.030980E+1 2.001200E+0 5.733710E-1 3.601220E-2
 6.130230E+1 1.272000E+1 1.267060E+1 2.660220E+0 8.797590E-1 7.731800E-2
 7.020980E+1 1.418370E+1 1.514190E+1 3.279610E+0 1.282490E+0 1.502030E-1
 8.022640E+1 1.550630E+1 1.778110E+1 3.835180E+0 1.776100E+0 2.621100E-1
 9.102150E+1 1.654280E+1 2.046570E+1 4.283550E+0 2.333300E+0 4.082060E-1
 9.967670E+1 1.724000E+1 2.297230E+1 4.608360E+0 2.923400E+0 5.722670E-1
 1.083200E+2 1.776120E+1 2.548560E+1 4.851120E+0 3.535180E+0 7.362940E-1
 1.165650E+2 1.813030E+1 2.795340E+1 5.024980E+0 4.153490E+0 8.841260E-1
 1.249430E+2 1.838590E+1 3.045280E+1 5.146510E+0 4.777760E+0 1.006860E+0
 2.102560E+0 2.072750E-1 3.741320E-2 1.049070E-4 5.849030E-4 1.882680E-7
 3.040410E+0 3.962150E-1 6.684440E-2 2.951430E-4 1.056680E-3 5.386770E-7
 4.286020E+0 6.884070E-1 1.188900E-1 8.242590E-4 1.908060E-3 1.540000E-6
 5.898810E+0 1.101730E+0 2.098220E-1 2.273370E-3 3.441880E-3 4.395520E-6
 7.951920E+0 1.639840E+0 3.655920E-1 6.135340E-3 6.199670E-3 1.251600E-5
 1.051000E+1 2.292680E+0 6.260210E-1 1.608780E-2 1.114090E-2 3.549950E-5
 1.364140E+1 2.981090E+0 1.041080E+0 4.013490E-2 1.994890E-2 1.000870E-4
 1.747090E+1 3.797000E+0 1.672430E+0 9.443800E-2 3.552340E-2 2.795810E-4
 2.201470E+1 4.672510E+0 2.569210E+0 2.057280E-1 6.272410E-2 7.698600E-4
 2.731600E+1 5.709150E+0 3.781020E+0 4.114960E-1 1.093110E-1 2.073550E-3
 3.341980E+1 6.935360E+0 5.305610E+0 7.442070E-1 1.868190E-1 5.405010E-3
 3.997550E+1 8.284940E+0 7.070890E+0 1.200230E+0 3.103460E-1 1.341720E-2
 4.695060E+1 9.706680E+0 9.008410E+0 1.744150E+0 4.971180E-1 3.123170E-2
 5.417090E+1 1.108000E+1 1.105890E+1 2.311300E+0 7.625270E-1 6.698870E-2
 6.158550E+1 1.233360E+1 1.317220E+1 2.848130E+0 1.110860E+0 1.300670E-1
 7.043920E+1 1.346540E+1 1.545820E+1 3.327650E+0 1.537750E+0 2.269620E-1
 7.955930E+1 1.434000E+1 1.773830E+1 3.711900E+0 2.017120E+0 3.533910E-1
 8.702040E+1 1.493250E+1 1.990310E+1 3.990880E+0 2.527390E+0 4.953840E-1
 9.458440E+1 1.535940E+1 2.208870E+1 4.194370E+0 3.056080E+0 6.363610E-1
 1.016330E+2 1.567100E+1 2.421320E+1 4.342930E+0 3.589990E+0 7.639540E-1
 1.088140E+2 1.588320E+1 2.636310E+1 4.445680E+0 4.127520E+0 8.696200E-1
 1.989630E+0 1.985980E-1 3.206290E-2 9.010960E-5 0.000000E+6 0.000000E+6
 2.853060E+0 3.762620E-1 5.767830E-2 2.549170E-4 9.076690E-4 4.627420E-7
 4.008960E+0 6.580360E-1 1.025690E-1 7.116520E-4 1.638930E-3 1.322910E-6
 5.496920E+0 1.043410E+0 1.811250E-1 1.963490E-3 2.956630E-3 3.776100E-6
 7.331830E+0 1.521180E+0 3.159960E-1 5.309770E-3 5.325680E-3 1.075230E-5
 9.669980E+0 2.113560E+0 5.417810E-1 1.393960E-2 9.571270E-3 3.049930E-5
 1.248630E+1 2.747240E+0 9.057680E-1 3.506210E-2 1.713960E-2 8.599780E-5
 1.586370E+1 3.440060E+0 1.460050E+0 8.272410E-2 3.052190E-2 2.402430E-4
 1.987950E+1 4.217450E+0 2.252880E+0 1.807530E-1 5.389700E-2 6.616180E-4
 2.454910E+1 5.081850E+0 3.310090E+0 3.598600E-1 9.395110E-2 1.782560E-3
 2.973110E+1 6.087490E+0 4.625190E+0 6.464760E-1 1.606730E-1 4.649690E-3
 3.543170E+1 7.251760E+0 6.159800E+0 1.043010E+0 2.673830E-1 1.156460E-2
 4.135190E+1 8.454360E+0 7.835530E+0 1.513330E+0 4.288600E-1 2.693570E-2
 4.759880E+1 9.630560E+0 9.599930E+0 2.004480E+0 6.574060E-1 5.775880E-2
 5.383880E+1 1.067140E+1 1.141170E+1 2.461350E+0 9.568840E-1 1.120630E-1
 6.148550E+1 1.161070E+1 1.335300E+1 2.867440E+0 1.323380E+0 1.952800E-1
 6.923460E+1 1.234410E+1 1.529670E+1 3.194080E+0 1.734610E+0 3.038540E-1
 7.575970E+1 1.283350E+1 1.717100E+1 3.428670E+0 2.173410E+0 4.253200E-1
 8.192680E+1 1.320860E+1 1.901620E+1 3.606440E+0 2.626050E+0 5.469050E-1
 8.847800E+1 1.346620E+1 2.090830E+1 3.731180E+0 3.087520E+0 6.557300E-1
 9.423780E+1 1.364590E+1 2.269230E+1 3.819240E+0 3.546600E+0 7.470140E-1
 1.862770E+0 1.897590E-1 2.682810E-2 7.548780E-5 0.000000E+6 0.000000E+6
 2.660910E+0 3.548770E-1 4.802180E-2 2.127060E-4 0.000000E+6 0.000000E+6
 3.680800E+0 6.077980E-1 8.596870E-2 5.969070E-4 1.367230E-3 1.103580E-6
 5.005130E+0 9.582740E-1 1.518530E-1 1.647720E-3 2.466530E-3 3.150330E-6
 6.667170E+0 1.407110E+0 2.651680E-1 4.459600E-3 4.443240E-3 8.970800E-6
 8.697490E+0 1.912110E+0 4.551880E-1 1.172730E-2 7.985670E-3 2.544820E-5
 1.113930E+1 2.449800E+0 7.622580E-1 2.955470E-2 1.430100E-2 7.176040E-5
 1.405740E+1 3.049390E+0 1.233150E+0 7.008370E-2 2.546900E-2 2.004820E-4
 1.749250E+1 3.682200E+0 1.909850E+0 1.534670E-1 4.497480E-2 5.521870E-4
 2.146610E+1 4.399360E+0 2.812540E+0 3.060340E-1 7.841040E-2 1.488030E-3
 2.587580E+1 5.249380E+0 3.930300E+0 5.494080E-1 1.341390E-1 3.882600E-3
 3.064420E+1 6.180710E+0 5.217450E+0 8.822530E-1 2.233410E-1 9.664190E-3
 3.563690E+1 7.156190E+0 6.621020E+0 1.274910E+0 3.586100E-1 2.253810E-2
 4.076920E+1 8.119520E+0 8.097210E+0 1.685490E+0 5.499370E-1 4.833170E-2
 4.611920E+1 8.976770E+0 9.611380E+0 2.067460E+0 8.018150E-1 9.394960E-2
 5.219320E+1 9.726370E+0 1.121160E+1 2.399940E+0 1.106030E+0 1.631760E-1
 5.860270E+1 1.032010E+1 1.281130E+1 2.669190E+0 1.448560E+0 2.537170E-1
 6.379560E+1 1.072560E+1 1.433470E+1 2.865100E+0 1.814430E+0 3.553140E-1
 6.932550E+1 1.102310E+1 1.591830E+1 3.009230E+0 2.192260E+0 4.563070E-1
 7.457770E+1 1.123890E+1 1.747860E+1 3.113720E+0 2.576350E+0 5.471270E-1
 7.969220E+1 1.138670E+1 1.901290E+1 3.186490E+0 2.960890E+0 6.228010E-1
 1.740620E+0 1.801300E-1 2.246600E-2 6.326400E-5 0.000000E+6 0.000000E+6
 2.458720E+0 3.328160E-1 4.021390E-2 1.783340E-4 0.000000E+6 0.000000E+6
 3.394330E+0 5.659480E-1 7.168040E-2 4.988920E-4 0.000000E+6 0.000000E+6
 4.579560E+0 8.853330E-1 1.267170E-1 1.377550E-3 0.000000E+6 0.000000E+6
 6.033120E+0 1.276890E+0 2.224820E-1 3.743990E-3 3.710910E-3 7.492380E-6
 7.799100E+0 1.712840E+0 3.822330E-1 9.857850E-3 6.669790E-3 2.125560E-5
 9.908660E+0 2.188760E+0 6.407280E-1 2.487030E-2 1.194490E-2 5.994130E-5
 1.242520E+1 2.681600E+0 1.038520E+0 5.914950E-2 2.127380E-2 1.674740E-4
 1.536800E+1 3.204650E+0 1.612140E+0 1.299840E-1 3.757000E-2 4.613040E-4
 1.871510E+1 3.795150E+0 2.377200E+0 2.590990E-1 6.550660E-2 1.243350E-3
 2.237970E+1 4.472430E+0 3.321430E+0 4.639230E-1 1.120730E-1 3.244580E-3
 2.643410E+1 5.238200E+0 4.406200E+0 7.434280E-1 1.866180E-1 8.076380E-3
 3.056250E+1 6.046780E+0 5.587520E+0 1.073090E+0 2.997640E-1 1.884440E-2
 3.486290E+1 6.834590E+0 6.821740E+0 1.415250E+0 4.598670E-1 4.043270E-2
 3.911600E+1 7.533600E+0 8.085580E+0 1.733250E+0 6.706720E-1 7.859560E-2
 4.433090E+1 8.150410E+0 9.411150E+0 2.009540E+0 9.246990E-1 1.364270E-1
 4.961520E+1 8.637790E+0 1.075940E+1 2.232780E+0 1.213020E+0 2.121330E-1
 5.392630E+1 8.966040E+0 1.200370E+1 2.394510E+0 1.516000E+0 2.968350E-1
 5.828400E+1 9.211070E+0 1.332420E+1 2.514320E+0 1.833860E+0 3.811130E-1
 6.261430E+1 9.388160E+0 1.459390E+1 2.601020E+0 2.151650E+0 4.573000E-1
 6.718690E+1 9.511030E+0 1.591200E+1 2.661430E+0 2.473780E+0 5.201160E-1
 1.652070E+0 1.744650E-1 1.944270E-2 5.475650E-5 0.000000E+6 0.000000E+6
 2.321480E+0 3.178410E-1 3.481740E-2 1.544880E-4 0.000000E+6 0.000000E+6
 3.179830E+0 5.354050E-1 6.205410E-2 4.323570E-4 0.000000E+6 0.000000E+6
 4.253820E+0 8.268440E-1 1.097620E-1 1.194000E-3 0.000000E+6 0.000000E+6
 5.567550E+0 1.180260E+0 1.918840E-1 3.235660E-3 0.000000E+6 0.000000E+6
 7.122470E+0 1.571320E+0 3.313990E-1 8.550400E-3 5.761580E-3 1.836190E-5
 8.999650E+0 1.977500E+0 5.557430E-1 2.158060E-2 1.031850E-2 5.178140E-5
 1.122450E+1 2.423300E+0 9.013590E-1 5.135500E-2 1.837830E-2 1.446830E-4
 1.378030E+1 2.849760E+0 1.399960E+0 1.129580E-1 3.245620E-2 3.985180E-4
 1.671830E+1 3.355860E+0 2.068530E+0 2.258770E-1 5.659420E-2 1.074230E-3
 1.997170E+1 3.936280E+0 2.892710E+0 4.046260E-1 9.683040E-2 2.803650E-3
 2.343700E+1 4.591780E+0 3.836640E+0 6.479070E-1 1.612650E-1 6.980430E-3
 2.702610E+1 5.272830E+0 4.860380E+0 9.329710E-1 2.590700E-1 1.628900E-2
 3.074430E+1 5.939750E+0 5.927610E+0 1.227810E+0 3.974800E-1 3.495300E-2
 3.439180E+1 6.532410E+0 7.022130E+0 1.501040E+0 5.797210E-1 6.794270E-2
 3.879150E+1 7.054180E+0 8.157410E+0 1.738200E+0 7.989160E-1 1.178540E-1
 4.329310E+1 7.468550E+0 9.313490E+0 1.930010E+0 1.048060E+0 1.832810E-1
 4.697860E+1 7.745620E+0 1.041090E+1 2.068100E+0 1.311180E+0 2.562390E-1
 5.096330E+1 7.958490E+0 1.152630E+1 2.172050E+0 1.582150E+0 3.292270E-1
 5.448870E+1 8.110730E+0 1.262600E+1 2.246950E+0 1.858970E+0 3.950040E-1
 5.812940E+1 8.215880E+0 1.373600E+1 2.299090E+0 2.136330E+0 4.495430E-1
 1.494000E+0 1.695760E-1 0.000000E+6 0.000000E+6 0.000000E+6 0.000000E+6
 2.191180E+0 3.073960E-1 2.996460E-2 1.329900E-4 0.000000E+6 0.000000E+6
 2.979430E+0 5.093790E-1 5.340440E-2 3.722270E-4 0.000000E+6 0.000000E+6
 3.963900E+0 7.790200E-1 9.450780E-2 1.028580E-3 0.000000E+6 0.000000E+6
 5.135910E+0 1.095840E+0 1.652550E-1 2.787970E-3 0.000000E+6 0.000000E+6
 6.515510E+0 1.432560E+0 2.841490E-1 7.342600E-3 0.000000E+6 0.000000E+6
 8.167330E+0 1.792660E+0 4.792980E-1 1.862090E-2 8.863450E-3 4.448050E-5
 1.009330E+1 2.156020E+0 7.774760E-1 4.433090E-2 1.578670E-2 1.242890E-4
 1.233250E+1 2.523000E+0 1.208270E+0 9.758170E-2 2.788110E-2 3.423560E-4
 1.486940E+1 2.949930E+0 1.785950E+0 1.952530E-1 4.861680E-2 9.229060E-4
 1.764550E+1 3.431900E+0 2.498210E+0 3.496450E-1 8.317960E-2 2.408690E-3
 2.063270E+1 3.981410E+0 3.313810E+0 5.591520E-1 1.385420E-1 5.997220E-3
 2.375830E+1 4.559970E+0 4.197160E+0 8.049480E-1 2.225810E-1 1.399730E-2
 2.691590E+1 5.122130E+0 5.116130E+0 1.057130E+0 3.415250E-1 3.003210E-2
 3.009700E+1 5.633940E+0 6.059320E+0 1.293200E+0 4.982280E-1 5.840570E-2
 3.382370E+1 6.068770E+0 7.026230E+0 1.494630E+0 6.864520E-1 1.012660E-1
 3.754560E+1 6.415520E+0 7.993160E+0 1.657820E+0 8.984430E-1 1.573210E-1
 4.072820E+1 6.658900E+0 8.934830E+0 1.777780E+0 1.125230E+0 2.202720E-1
 4.412320E+1 6.837450E+0 9.913120E+0 1.865910E+0 1.359030E+0 2.827840E-1
 4.720050E+1 6.983940E+0 1.088680E+1 1.934600E+0 1.599700E+0 3.399860E-1
 5.029210E+1 7.056430E+0 1.181620E+1 1.974550E+0 1.835130E+0 3.860560E-1
 1.395940E+0 1.613810E-1 0.000000E+6 0.000000E+6 0.000000E+6 0.000000E+6
 1.932750E+0 2.915820E-1 0.000000E+6 0.000000E+6 0.000000E+6 0.000000E+6
 2.586210E+0 4.806360E-1 0.000000E+6 0.000000E+6 0.000000E+6 0.000000E+6
 3.629300E+0 7.258880E-1 7.901110E-2 8.608380E-4 0.000000E+6 0.000000E+6
 4.667250E+0 1.006160E+0 1.382450E-1 2.333530E-3 0.000000E+6 0.000000E+6
 5.883860E+0 1.300070E+0 2.377620E-1 6.147240E-3 0.000000E+6 0.000000E+6
 7.289630E+0 1.592030E+0 3.991250E-1 1.554030E-2 0.000000E+6 0.000000E+6
 8.925600E+0 1.886660E+0 6.514550E-1 3.716610E-2 1.316950E-2 1.036860E-4
 1.080780E+1 2.182250E+0 1.012680E+0 8.183680E-2 2.325930E-2 2.856350E-4
 1.293470E+1 2.518730E+0 1.495410E+0 1.634460E-1 4.055940E-2 7.699530E-4
 1.526980E+1 2.911090E+0 2.092290E+0 2.927920E-1 6.939640E-2 2.009570E-3
 1.777920E+1 3.362910E+0 2.777630E+0 4.690560E-1 1.155930E-1 5.004200E-3
 2.040830E+1 3.841560E+0 3.519000E+0 6.748420E-1 1.857160E-1 1.167930E-2
 2.308470E+1 4.302110E+0 4.288370E+0 8.855960E-1 2.849850E-1 2.505900E-2
 2.582790E+1 4.722710E+0 5.079600E+0 1.082180E+0 4.157650E-1 4.874110E-2
 2.870030E+1 5.073010E+0 5.878720E+0 1.248560E+0 5.728120E-1 8.450600E-2
 3.173320E+1 5.351510E+0 6.686760E+0 1.382230E+0 7.499160E-1 1.311220E-1
 3.444920E+1 5.554250E+0 7.483390E+0 1.482390E+0 9.386130E-1 1.835900E-1
 3.714240E+1 5.704980E+0 8.279880E+0 1.556710E+0 1.133780E+0 2.358960E-1
 3.979480E+1 5.818390E+0 9.093420E+0 1.611590E+0 1.334050E+0 2.831060E-1
 4.226930E+1 5.901160E+0 9.888590E+0 1.651170E+0 1.533700E+0 3.227410E-1
 1.273580E+0 1.490440E-1 0.000000E+6 0.000000E+6 0.000000E+6 0.000000E+6
 1.767620E+0 2.698580E-1 0.000000E+6 0.000000E+6 0.000000E+6 0.000000E+6
 2.365840E+0 4.441090E-1 0.000000E+6 0.000000E+6 0.000000E+6 0.000000E+6
 3.059200E+0 6.624080E-1 0.000000E+6 0.000000E+6 0.000000E+6 0.000000E+6
 4.197180E+0 9.129980E-1 1.156800E-1 1.954600E-3 0.000000E+6 0.000000E+6
 5.255640E+0 1.166340E+0 1.991120E-1 5.152080E-3 0.000000E+6 0.000000E+6
 6.463710E+0 1.405630E+0 3.342760E-1 1.301710E-2 0.000000E+6 0.000000E+6
 7.856450E+0 1.644400E+0 5.429570E-1 3.103060E-2 0.000000E+6 0.000000E+6
 9.434420E+0 1.881530E+0 8.446570E-1 6.838330E-2 0.000000E+6 0.000000E+6
 1.123080E+1 2.151450E+0 1.253930E+0 1.371380E-1 3.387080E-2 6.430680E-4
 1.320640E+1 2.470920E+0 1.754310E+0 2.456510E-1 5.795930E-2 1.678460E-3
 1.530960E+1 2.839390E+0 2.327610E+0 3.929470E-1 9.654210E-2 4.179730E-3
 1.750760E+1 3.232380E+0 2.948370E+0 5.652320E-1 1.551120E-1 9.755650E-3
 1.973890E+1 3.610490E+0 3.591640E+0 7.413390E-1 2.380410E-1 2.093430E-2
 2.207150E+1 3.961090E+0 4.257330E+0 9.060570E-1 3.473120E-1 4.072010E-2
 2.431720E+1 4.248850E+0 4.925850E+0 1.045200E+0 4.790620E-1 7.067770E-2
 2.678000E+1 4.471730E+0 5.592320E+0 1.154720E+0 6.263220E-1 1.095070E-1
 2.904310E+1 4.639940E+0 6.257430E+0 1.238180E+0 7.839000E-1 1.533200E-1
 3.128240E+1 4.765100E+0 6.922100E+0 1.300130E+0 9.468460E-1 1.969980E-1
 3.340610E+1 4.864930E+0 7.601340E+0 1.347460E+0 1.114380E+0 2.367610E-1
 3.553230E+1 4.927660E+0 8.265120E+0 1.378730E+0 1.280700E+0 2.694720E-1
 1.167830E+0 1.378390E-1 0.000000E+6 0.000000E+6 0.000000E+6 0.000000E+6
 1.618820E+0 2.487930E-1 0.000000E+6 0.000000E+6 0.000000E+6 0.000000E+6
 2.165340E+0 4.073690E-1 0.000000E+6 0.000000E+6 0.000000E+6 0.000000E+6
 2.788440E+0 6.045460E-1 0.000000E+6 0.000000E+6 0.000000E+6 0.000000E+6
 3.488990E+0 8.237460E-1 0.000000E+6 0.000000E+6 0.000000E+6 0.000000E+6
 4.724990E+0 1.047720E+0 1.722080E-1 4.459470E-3 0.000000E+6 0.000000E+6
 5.791710E+0 1.255270E+0 2.893200E-1 1.127220E-2 0.000000E+6 0.000000E+6
 7.003920E+0 1.453700E+0 4.698770E-1 2.685880E-2 0.000000E+6 0.000000E+6
 8.384110E+0 1.656150E+0 7.311580E-1 5.919070E-2 0.000000E+6 0.000000E+6
 9.926660E+0 1.880900E+0 1.080460E+0 1.183960E-1 0.000000E+6 0.000000E+6
 1.165580E+1 2.155350E+0 1.518930E+0 2.126200E-1 5.006550E-2 1.449890E-3
 1.348870E+1 2.467460E+0 2.015220E+0 3.401010E-1 8.340130E-2 3.610440E-3
 1.537890E+1 2.802980E+0 2.552070E+0 4.890600E-1 1.339990E-1 8.427780E-3
 1.732020E+1 3.129830E+0 3.113120E+0 6.421380E-1 2.060620E-1 1.813180E-2
 1.923120E+1 3.423620E+0 3.680810E+0 7.828080E-1 2.999790E-1 3.516860E-2
 2.120730E+1 3.670920E+0 4.259770E+0 9.027320E-1 4.138140E-1 6.104800E-2
 2.331290E+1 3.864050E+0 4.834950E+0 9.976300E-1 5.410220E-1 9.459080E-2
 2.515470E+1 4.008610E+0 5.409460E+0 1.069710E+0 6.778790E-1 1.324280E-1
 2.709010E+1 4.116120E+0 5.987480E+0 1.123040E+0 8.191630E-1 1.701070E-1
 2.899470E+1 4.193120E+0 6.555780E+0 1.161380E+0 9.611810E-1 2.040930E-1
 3.084720E+1 4.246030E+0 7.127080E+0 1.188020E+0 1.104340E+0 2.322340E-1
---