PdfType: central
Format: lhagrid1
---
 1.000000E-6 1.700000E-6 3.200000E-6 6.000000E-6 1.000000E-5 1.700000E-5 3.200000E-5 6.000000E-5 1.000000E-4 1.700000E-4 3.200000E-4 6.000000E-4 1.000000E-3 1.700000E-3 3.200000E-3 6.000000E-3 1.000000E-2 1.700000E-2 3.200000E-2 6.000000E-2 1.000000E-1
 3.162278E-1 3.981068E-1 5.011876E-1 6.309572E-1 7.943280E-1 1.000000E+0 1.258924E+0 1.584894E+0 1.995262E+0 2.511886E+0 3.162278E+0 3.981068E+0 5.011876E+0 6.309572E+0 7.943280E+0 1.000000E+1 1.258924E+1 1.584894E+1 1.995262E+1 2.511886E+1 3.162278E+1
900 901 917 918 920 921
 7.906840E+0 7.682470E-1 3.072800E-1 8.484730E-4 7.909140E-3 2.545580E-6
 1.230380E+1 1.554610E+0 5.622310E-1 2.447220E-3 1.375340E-2 7.008640E-6
 1.878690E+1 2.932350E+0 1.045930E+0 7.150690E-3 2.481070E-2 2.000710E-5
 2.817350E+1 5.064780E+0 1.960440E+0 2.090070E-2 4.610870E-2 5.877980E-5
 4.190970E+1 8.357190E+0 3.660610E+0 6.040230E-2 8.744360E-2 1.759220E-4
 6.170150E+1 1.315040E+1 6.798010E+0 1.715190E-1 1.688790E-1 5.356990E-4
 8.981760E+1 1.982400E+1 1.231510E+1 4.656600E-1 3.293040E-1 1.644360E-3
 1.407470E+2 3.178200E+1 2.328060E+1 1.293260E+0 6.748990E-1 5.283600E-3
 2.325630E+2 5.264300E+1 4.514350E+1 3.542060E+0 1.460520E+0 1.781280E-2
 3.565390E+2 8.219060E+1 8.074200E+1 8.652910E+0 3.078670E+0 5.794190E-2
 5.299230E+2 1.254830E+2 1.370170E+2 1.903730E+1 6.381690E+0 1.831210E-1
 7.727780E+2 1.875520E+2 2.201870E+2 3.755230E+1 1.272260E+1 5.441440E-1
 1.100530E+3 2.740130E+2 3.384920E+2 6.757720E+1 2.454450E+1 1.527400E+0
 1.532920E+3 3.869550E+2 5.016160E+2 1.110290E+2 4.516840E+1 3.939270E+0
 2.093870E+3 5.345010E+2 7.180720E+2 1.705280E+2 7.879530E+1 9.210670E+0
 2.859040E+3 7.239270E+2 1.007790E+3 2.482320E+2 1.300230E+2 1.933000E+1
 3.930750E+3 9.636570E+2 1.409790E+3 3.470160E+2 2.052190E+2 3.645290E+1
 5.253280E+3 1.236080E+3 1.903390E+3 4.608600E+2 3.061270E+2 6.193500E+1
 6.905650E+3 1.604430E+3 2.567000E+3 6.121060E+2 4.487890E+2 9.821550E+1
 8.746690E+3 2.027250E+3 3.322400E+3 7.859260E+2 6.281050E+2 1.439610E+2
 1.219240E+4 2.560270E+3 4.612380E+3 1.001750E+3 8.846510E+2 2.009280E+2
 7.868030E+0 7.730230E-1 2.920650E-1 8.069140E-4 7.830510E-3 2.520580E-6
 1.219500E+1 1.555230E+0 5.277120E-1 2.297830E-3 1.333570E-2 6.797220E-6
 1.863740E+1 2.936700E+0 9.704510E-1 6.643590E-3 2.357280E-2 1.901360E-5
 2.794840E+1 5.094040E+0 1.805230E+0 1.927520E-2 4.306000E-2 5.493020E-5
 4.115260E+1 8.301800E+0 3.364640E+0 5.559460E-2 8.064070E-2 1.623770E-4
 6.013030E+1 1.295810E+1 6.236380E+0 1.575890E-1 1.536630E-1 4.875130E-4
 8.719650E+1 1.940580E+1 1.134460E+1 4.303650E-1 2.980350E-1 1.488190E-3
 1.342520E+2 3.030320E+1 2.128820E+1 1.186030E+0 6.037900E-1 4.727240E-3
 2.175650E+2 4.964100E+1 4.088810E+1 3.227500E+0 1.286220E+0 1.568910E-2
 3.294130E+2 7.652560E+1 7.304470E+1 7.840930E+0 2.693960E+0 5.073330E-2
 4.841270E+2 1.153030E+2 1.230970E+2 1.710180E+1 5.540990E+0 1.591080E-1
 7.044230E+2 1.712730E+2 1.971800E+2 3.370100E+1 1.108230E+1 4.751790E-1
 9.930380E+2 2.450820E+2 3.008460E+2 6.000930E+1 2.127530E+1 1.324010E+0
 1.377460E+3 3.449030E+2 4.446220E+2 9.847850E+1 3.909230E+1 3.411760E+0
 1.882850E+3 4.762730E+2 6.380380E+2 1.512110E+2 6.817910E+1 7.950660E+0
 2.563430E+3 6.443920E+2 8.978970E+2 2.203570E+2 1.131430E+2 1.684810E+1
 3.432140E+3 8.369180E+2 1.231000E+3 3.009500E+2 1.767450E+2 3.132870E+1
 5.333490E+3 1.183050E+3 1.905020E+3 4.378830E+2 2.832200E+2 5.648820E+1
 5.926300E+3 1.380590E+3 2.213470E+3 5.263710E+2 3.845720E+2 8.397080E+1
 7.912800E+3 1.740450E+3 2.967140E+3 6.738070E+2 5.411010E+2 1.227230E+2
 1.146860E+4 2.213420E+3 4.283020E+3 8.647640E+2 7.771680E+2 1.721760E+2
 7.764040E+0 7.712140E-1 2.795300E-1 7.765840E-4 7.855440E-3 2.528760E-6
 1.198020E+1 1.551240E+0 4.930450E-1 2.145880E-3 1.302350E-2 6.639360E-6
 1.813990E+1 2.880950E+0 8.929640E-1 6.100710E-3 2.250520E-2 1.815880E-5
 2.707220E+1 4.992080E+0 1.645470E+0 1.760130E-2 4.019500E-2 5.129140E-5
 3.986720E+1 8.158610E+0 3.045500E+0 5.044370E-2 7.387910E-2 1.489200E-4
 5.794540E+1 1.260200E+1 5.611670E+0 1.420660E-1 1.388120E-1 4.409090E-4
 8.305800E+1 1.858860E+1 1.019770E+1 3.878300E-1 2.656310E-1 1.327110E-3
 1.262560E+2 2.889280E+1 1.898310E+1 1.060100E+0 5.297700E-1 4.148520E-3
 1.994820E+2 4.579710E+1 3.613710E+1 2.859570E+0 1.109190E+0 1.353440E-2
 2.995160E+2 6.949650E+1 6.414410E+1 6.915280E+0 2.297240E+0 4.333530E-2
 4.353200E+2 1.027490E+2 1.075240E+2 1.495820E+1 4.692090E+0 1.348790E-1
 6.237510E+2 1.510960E+2 1.718030E+2 2.940700E+1 9.329900E+0 4.006960E-1
 8.750910E+2 2.161650E+2 2.617770E+2 5.226580E+1 1.786600E+1 1.114090E+0
 1.201980E+3 3.007110E+2 3.849240E+2 8.515230E+1 3.285520E+1 2.872290E+0
 1.634310E+3 4.081500E+2 5.473080E+2 1.289330E+2 5.697660E+1 6.666180E+0
 2.220050E+3 5.459880E+2 7.655230E+2 1.860950E+2 9.439160E+1 1.403350E+1
 2.944850E+3 7.083130E+2 1.048610E+3 2.542430E+2 1.476830E+2 2.618810E+1
 4.517970E+3 9.838500E+2 1.600400E+3 3.636670E+2 2.341660E+2 4.668520E+1
 5.119080E+3 1.151330E+3 1.891110E+3 4.383200E+2 3.200380E+2 6.944330E+1
 6.645710E+3 1.444190E+3 2.481500E+3 5.588200E+2 4.486450E+2 1.013680E+2
 9.697350E+3 1.860940E+3 3.609900E+3 7.267120E+2 6.522210E+2 1.440490E+2
 7.590890E+0 7.695690E-1 2.720880E-1 7.597320E-4 7.926050E-3 2.551560E-6
 1.167540E+1 1.526100E+0 4.699050E-1 2.052850E-3 1.283320E-2 6.543370E-6
 1.761590E+1 2.858140E+0 8.315630E-1 5.688730E-3 2.171220E-2 1.752410E-5
 2.601060E+1 4.849910E+0 1.501510E+0 1.602100E-2 3.803010E-2 4.854790E-5
 3.786690E+1 7.872690E+0 2.760600E+0 4.579530E-2 6.868910E-2 1.385370E-4
 5.509300E+1 1.213650E+1 5.059550E+0 1.283560E-1 1.270100E-1 4.038970E-4
 7.874160E+1 1.793180E+1 9.168530E+0 3.499590E-1 2.390790E-1 1.194980E-3
 1.176300E+2 2.709180E+1 1.693800E+1 9.486870E-1 4.676840E-1 3.662730E-3
 1.829010E+2 4.193770E+1 3.183070E+1 2.526380E+0 9.583410E-1 1.170480E-2
 2.707650E+2 6.335130E+1 5.622610E+1 6.091230E+0 1.963530E+0 3.705790E-2
 3.898600E+2 9.209300E+1 9.379910E+1 1.308260E+1 3.978350E+0 1.143660E-1
 5.504770E+2 1.323500E+2 1.490650E+2 2.542260E+1 7.860140E+0 3.374650E-1
 7.705430E+2 1.876520E+2 2.269490E+2 4.505050E+1 1.504280E+1 9.401800E-1
 1.051600E+3 2.604020E+2 3.320840E+2 7.329970E+1 2.751300E+1 2.410150E+0
 1.434330E+3 3.530690E+2 4.737140E+2 1.108570E+2 4.781230E+1 5.589870E+0
 1.929590E+3 4.676750E+2 6.590250E+2 1.587980E+2 7.916280E+1 1.177690E+1
 2.690160E+3 5.972200E+2 9.226890E+2 2.132380E+2 1.237100E+2 2.173470E+1
 3.824050E+3 8.154700E+2 1.341040E+3 3.009670E+2 1.931790E+2 3.839640E+1
 4.448420E+3 9.622410E+2 1.627750E+3 3.656430E+2 2.675040E+2 5.737930E+1
 5.650820E+3 1.193700E+3 2.096070E+3 4.614850E+2 3.713560E+2 8.335660E+1
 8.106870E+3 1.518990E+3 3.001680E+3 5.929090E+2 5.351400E+2 1.172650E+2
 7.444570E+0 7.596320E-1 2.690970E-1 7.523370E-4 8.037190E-3 2.587590E-6
 1.138730E+1 1.507260E+0 4.570520E-1 2.005860E-3 1.272010E-2 6.485790E-6
 1.694640E+1 2.731480E+0 7.932180E-1 5.419910E-3 2.117580E-2 1.709300E-5
 2.503690E+1 4.756380E+0 1.414890E+0 1.512500E-2 3.660230E-2 4.673680E-5
 3.643260E+1 7.607550E+0 2.559160E+0 4.236020E-2 6.513060E-2 1.314010E-4
 5.232790E+1 1.157570E+1 4.663480E+0 1.181320E-1 1.191130E-1 3.790500E-4
 7.466590E+1 1.695040E+1 8.419300E+0 3.218250E-1 2.216700E-1 1.109000E-3
 1.107650E+2 2.556940E+1 1.544450E+1 8.669510E-1 4.258350E-1 3.336200E-3
 1.689190E+2 3.896860E+1 2.864670E+1 2.273910E+0 8.554360E-1 1.044790E-2
 2.478170E+2 5.814860E+1 5.028760E+1 5.447410E+0 1.728350E+0 3.262040E-2
 3.560430E+2 8.424980E+1 8.377440E+1 1.174300E+1 3.483670E+0 1.003330E-1
 5.001850E+2 1.198320E+2 1.327710E+2 2.270250E+1 6.860990E+0 2.951900E-1
 6.915000E+2 1.678870E+2 2.003580E+2 3.980580E+1 1.305790E+1 8.168030E-1
 9.471660E+2 2.307060E+2 2.939260E+2 6.442100E+1 2.381050E+1 2.083180E+0
 1.281060E+3 3.103860E+2 4.174350E+2 9.694560E+1 4.132630E+1 4.837840E+0
 1.694900E+3 4.055520E+2 5.759670E+2 1.372740E+2 6.796550E+1 1.006980E+1
 2.321430E+3 5.238960E+2 7.984010E+2 1.868290E+2 1.062820E+2 1.881880E+1
 2.930320E+3 6.607770E+2 1.052620E+3 2.447980E+2 1.585500E+2 3.164710E+1
 3.906220E+3 8.302630E+2 1.414410E+3 3.152020E+2 2.288510E+2 4.927990E+1
 4.918170E+3 1.020630E+3 1.816360E+3 3.943990E+2 3.195380E+2 7.102090E+1
 7.003930E+3 1.291000E+3 2.580370E+3 5.037340E+2 4.552830E+2 9.944820E+1
 7.209590E+0 7.491380E-1 2.680980E-1 7.506080E-4 8.275880E-3 2.664890E-6
 1.100450E+1 1.484100E+0 4.479070E-1 1.972770E-3 1.268030E-2 6.466210E-6
 1.641550E+1 2.709530E+0 7.656630E-1 5.252990E-3 2.063430E-2 1.665820E-5
 2.410350E+1 4.654460E+0 1.338430E+0 1.428190E-2 3.522420E-2 4.498780E-5
 3.472600E+1 7.358230E+0 2.389910E+0 3.956860E-2 6.204840E-2 1.252240E-4
 5.002150E+1 1.116290E+1 4.303570E+0 1.093820E-1 1.117970E-1 3.559110E-4
 7.081790E+1 1.621260E+1 7.723550E+0 2.956200E-1 2.062980E-1 1.033380E-3
 1.038480E+2 2.402480E+1 1.402980E+1 7.881830E-1 3.894770E-1 3.053950E-3
 1.553730E+2 3.612190E+1 2.572190E+1 2.050020E+0 7.644660E-1 9.339580E-3
 2.256010E+2 5.231690E+1 4.473340E+1 4.835710E+0 1.523790E+0 2.877120E-2
 3.222000E+2 7.519160E+1 7.421420E+1 1.033490E+1 3.032250E+0 8.723940E-2
 4.494600E+2 1.061010E+2 1.169690E+2 1.990110E+1 5.946660E+0 2.558150E-1
 6.014570E+2 1.473190E+2 1.760250E+2 3.489670E+1 1.130080E+1 7.070080E-1
 8.417170E+2 2.017250E+2 2.581550E+2 5.608070E+1 2.050540E+1 1.796640E+0
 1.119480E+3 2.689150E+2 3.633450E+2 8.397650E+1 3.552070E+1 4.167580E+0
 1.484830E+3 3.505590E+2 5.013900E+2 1.183920E+2 5.822420E+1 8.620230E+0
 2.017560E+3 4.542290E+2 6.906090E+2 1.618130E+2 9.111380E+1 1.617740E+1
 2.882400E+3 5.946630E+2 9.947310E+2 2.190380E+2 1.399820E+2 2.772730E+1
 3.255870E+3 7.041430E+2 1.192460E+3 2.673710E+2 1.943800E+2 4.171120E+1
 4.327140E+3 8.676120E+2 1.582730E+3 3.349500E+2 2.716410E+2 6.008360E+1
 5.992170E+3 1.085110E+3 2.196410E+3 4.232650E+2 3.840600E+2 8.346090E+1
 6.997170E+0 7.395400E-1 2.701660E-1 7.565970E-4 8.820650E-3 2.840410E-6
 1.051920E+1 1.430270E+0 4.412280E-1 1.946680E-3 1.288510E-2 6.570410E-6
 1.576310E+1 2.638710E+0 7.436850E-1 5.137230E-3 2.019010E-2 1.630010E-5
 2.302990E+1 4.482200E+0 1.275660E+0 1.364230E-2 3.352910E-2 4.282830E-5
 3.291440E+1 6.976050E+0 2.229600E+0 3.694240E-2 5.824340E-2 1.175790E-4
 4.704260E+1 1.065310E+1 3.945510E+0 1.002950E-1 1.041560E-1 3.317450E-4
 6.588350E+1 1.531240E+1 6.988870E+0 2.677370E-1 1.901660E-1 9.531380E-4
 9.505870E+1 2.212860E+1 1.251310E+1 7.042940E-1 3.531970E-1 2.773890E-3
 1.405720E+2 3.238010E+1 2.259100E+1 1.800790E+0 6.750400E-1 8.251010E-3
 2.025200E+2 4.695900E+1 3.897080E+1 4.231720E+0 1.317350E+0 2.486270E-2
 2.857690E+2 6.631960E+1 6.416350E+1 8.967000E+0 2.585080E+0 7.439120E-2
 3.945660E+2 9.297520E+1 1.007340E+2 1.723020E+1 5.014130E+0 2.161330E-1
 5.431010E+2 1.289210E+2 1.521450E+2 3.008760E+1 9.462480E+0 5.927360E-1
 7.274310E+2 1.728950E+2 2.200540E+2 4.771870E+1 1.718420E+1 1.502820E+0
 9.718900E+2 2.292890E+2 3.100690E+2 7.116550E+1 2.957840E+1 3.462940E+0
 1.286160E+3 2.965280E+2 4.262930E+2 9.979580E+1 4.841410E+1 7.174020E+0
 1.709850E+3 3.774900E+2 5.802320E+2 1.341040E+2 7.516660E+1 1.328250E+1
 2.189740E+3 4.704280E+2 7.669180E+2 1.737740E+2 1.115670E+2 2.225430E+1
 2.787950E+3 5.823060E+2 1.006430E+3 2.208260E+2 1.602850E+2 3.428200E+1
 3.637840E+3 7.134240E+2 1.321150E+3 2.751960E+2 2.236630E+2 4.917420E+1
 4.982210E+3 8.824910E+2 1.811310E+3 3.441110E+2 3.130890E+2 6.776200E+1
 6.798900E+0 7.203890E-1 2.736470E-1 7.666860E-4 9.742740E-3 3.137510E-6
 1.019010E+1 1.395830E+0 4.373260E-1 1.929330E-3 1.351840E-2 6.894640E-6
 1.504560E+1 2.553390E+0 7.249170E-1 5.015980E-3 2.018690E-2 1.629830E-5
 2.170660E+1 4.153180E+0 1.227240E+0 1.321350E-2 3.229560E-2 4.125640E-5
 3.116700E+1 6.624680E+0 2.109300E+0 3.492080E-2 5.466810E-2 1.103840E-4
 4.384720E+1 9.991410E+0 3.665630E+0 9.291690E-2 9.652760E-2 3.075590E-4
 6.142240E+1 1.433110E+1 6.387040E+0 2.441470E-1 1.749460E-1 8.771880E-4
 8.712890E+1 2.033150E+1 1.123630E+1 6.311550E-1 3.217330E-1 2.529200E-3
 1.273310E+2 2.954130E+1 1.991770E+1 1.591490E+0 6.014520E-1 7.362460E-3
 1.806430E+2 4.166160E+1 3.394290E+1 3.672750E+0 1.152040E+0 2.176190E-2
 2.538250E+2 5.851860E+1 5.556650E+1 7.774590E+0 2.223290E+0 6.398020E-2
 3.496670E+2 8.153840E+1 8.699090E+1 1.487840E+1 4.259020E+0 1.834510E-1
 4.725570E+2 1.108020E+2 1.300770E+2 2.562920E+1 7.960730E+0 4.982680E-1
 6.349670E+2 1.482300E+2 1.881710E+2 4.064320E+1 1.434750E+1 1.257820E+0
 8.365900E+2 1.938660E+2 2.638680E+2 5.988290E+1 2.462700E+1 2.880580E+0
 1.103440E+3 2.482820E+2 3.610240E+2 8.328580E+1 4.020310E+1 5.939950E+0
 1.588620E+3 3.258440E+2 5.203650E+2 1.149680E+2 6.365470E+1 1.113510E+1
 1.815450E+3 3.915470E+2 6.410970E+2 1.444920E+2 9.256400E+1 1.839720E+1
 2.345780E+3 4.805630E+2 8.400160E+2 1.820700E+2 1.321640E+2 2.813890E+1
 3.061490E+3 5.855260E+2 1.103050E+3 2.256880E+2 1.836350E+2 4.020940E+1
 4.187180E+3 7.189270E+2 1.504640E+3 2.801810E+2 2.559230E+2 5.506850E+1
 6.663990E+0 7.162610E-1 2.785910E-1 7.804960E-4 1.085920E-2 3.496630E-6
 9.960170E+0 1.386310E+0 4.343810E-1 1.917370E-3 1.443790E-2 7.364110E-6
 1.465580E+1 2.503950E+0 7.094730E-1 4.913630E-3 2.067300E-2 1.669180E-5
 2.111060E+1 4.143640E+0 1.195290E+0 1.291650E-2 3.183080E-2 4.066300E-5
 2.985860E+1 6.418900E+0 2.030330E+0 3.377180E-2 5.232370E-2 1.056560E-4
 4.207580E+1 9.674390E+0 3.487610E+0 8.845020E-2 9.057340E-2 2.886320E-4
 5.800330E+1 1.348340E+1 5.994340E+0 2.293220E-1 1.626070E-1 8.157150E-4
 8.151220E+1 1.906420E+1 1.037960E+1 5.828580E-1 2.981070E-1 2.344300E-3
 1.177320E+2 2.730960E+1 1.805490E+1 1.441240E+0 5.515700E-1 6.759720E-3
 1.647610E+2 3.805370E+1 3.046830E+1 3.308540E+0 1.037690E+0 1.962110E-2
 2.288090E+2 5.303640E+1 4.949390E+1 6.949090E+0 1.980010E+0 5.706380E-2
 3.137970E+2 7.243690E+1 7.679860E+1 1.309930E+1 3.748350E+0 1.614260E-1
 4.211910E+2 9.798360E+1 1.145900E+2 2.252440E+1 6.956810E+0 4.356220E-1
 5.635190E+2 1.303360E+2 1.649980E+2 3.555230E+1 1.244260E+1 1.090520E+0
 7.523570E+2 1.704000E+2 2.318320E+2 5.231640E+1 2.129190E+1 2.494190E+0
 9.680570E+2 2.155930E+2 3.148870E+2 7.216440E+1 3.453840E+1 5.104020E+0
 1.249790E+3 2.713040E+2 4.223620E+2 9.615030E+1 5.346150E+1 9.414590E+0
 1.612940E+3 3.351940E+2 5.574020E+2 1.235250E+2 7.897060E+1 1.565640E+1
 2.056690E+3 4.098090E+2 7.254410E+2 1.551400E+2 1.126440E+2 2.391920E+1
 2.617610E+3 4.973000E+2 9.407920E+2 1.916390E+2 1.561400E+2 3.409040E+1
 3.577260E+3 6.079410E+2 1.279680E+3 2.368870E+2 2.165940E+2 4.651410E+1
 6.486290E+0 6.919080E-1 2.882290E-1 8.073170E-4 1.251150E-2 4.028750E-6
 9.740880E+0 1.374580E+0 4.351700E-1 1.921290E-3 1.588550E-2 8.101680E-6
 1.426980E+1 2.472000E+0 6.938520E-1 4.808760E-3 2.173500E-2 1.754970E-5
 2.043420E+1 4.030850E+0 1.153960E+0 1.248980E-2 3.206110E-2 4.096000E-5
 2.843210E+1 6.150190E+0 1.956500E+0 3.271770E-2 5.074800E-2 1.024750E-4
 3.947650E+1 8.935270E+0 3.327260E+0 8.450960E-2 8.536790E-2 2.720840E-4
 5.471870E+1 1.275220E+1 5.661390E+0 2.161130E-1 1.504780E-1 7.550250E-4
 7.664630E+1 1.780960E+1 9.639930E+0 5.418430E-1 2.735770E-1 2.152470E-3
 1.081850E+2 2.501880E+1 1.641540E+1 1.310530E+0 5.042170E-1 6.183330E-3
 1.508150E+2 3.457180E+1 2.740920E+1 2.980720E+0 9.375720E-1 1.775310E-2
 2.066670E+2 4.726770E+1 4.400890E+1 6.160260E+0 1.757320E+0 5.066120E-2
 2.811680E+2 6.420610E+1 6.782790E+1 1.152390E+1 3.296200E+0 1.419390E-1
 3.770350E+2 8.635740E+1 1.006140E+2 1.974630E+1 6.059790E+0 3.794660E-1
 4.989620E+2 1.132730E+2 1.437200E+2 3.078730E+1 1.074770E+1 9.409430E-1
 6.569620E+2 1.466210E+2 2.006780E+2 4.501670E+1 1.828040E+1 2.138650E+0
 8.544220E+2 1.862170E+2 2.737710E+2 6.219460E+1 2.958560E+1 4.373560E+0
 1.110540E+3 2.319170E+2 3.664660E+2 8.201200E+1 4.551370E+1 8.002590E+0
 1.395610E+3 2.853230E+2 4.785660E+2 1.050770E+2 6.714630E+1 1.328850E+1
 1.788980E+3 3.485160E+2 6.274760E+2 1.317970E+2 9.568430E+1 2.024010E+1
 2.436950E+3 4.272330E+2 8.503820E+2 1.642910E+2 1.346880E+2 2.901580E+1
 3.050230E+3 5.104300E+2 1.084100E+3 1.988390E+2 1.820720E+2 3.901820E+1
 6.420920E+0 6.920440E-1 3.093830E-1 8.667190E-4 1.554060E-2 5.003390E-6
 9.483290E+0 1.316590E+0 4.450980E-1 1.966300E-3 1.854420E-2 9.457800E-6
 1.379780E+1 2.374820E+0 6.839410E-1 4.744750E-3 2.393780E-2 1.933220E-5
 1.962490E+1 3.899570E+0 1.105900E+0 1.197720E-2 3.341980E-2 4.269400E-5
 2.735370E+1 6.016420E+0 1.855100E+0 3.114880E-2 5.032610E-2 1.016330E-4
 3.803010E+1 8.702490E+0 3.147220E+0 8.050630E-2 8.112560E-2 2.585730E-4
 5.177340E+1 1.205880E+1 5.313470E+0 2.033490E-1 1.384020E-1 6.945980E-4
 7.121350E+1 1.661470E+1 8.867400E+0 4.977010E-1 2.464850E-1 1.940030E-3
 9.875420E+1 2.255990E+1 1.478140E+1 1.179020E+0 4.506880E-1 5.529150E-3
 1.352040E+2 3.108220E+1 2.422040E+1 2.628870E+0 8.321150E-1 1.577480E-2
 1.837220E+2 4.165330E+1 3.841120E+1 5.370400E+0 1.537440E+0 4.437850E-2
 2.460660E+2 5.593010E+1 5.863630E+1 9.977660E+0 2.835570E+0 1.222110E-1
 3.280690E+2 7.445300E+1 8.640900E+1 1.689140E+1 5.149650E+0 3.223890E-1
 4.315140E+2 9.690860E+1 1.227170E+2 2.622210E+1 9.074630E+0 7.953110E-1
 5.646280E+2 1.239880E+2 1.700950E+2 3.793280E+1 1.530770E+1 1.791040E+0
 7.249020E+2 1.557840E+2 2.299900E+2 5.190780E+1 2.460120E+1 3.631060E+0
 9.446150E+2 1.928050E+2 3.070980E+2 6.809180E+1 3.769430E+1 6.622050E+0
 1.212200E+3 2.363260E+2 4.042170E+2 8.681680E+1 5.537350E+1 1.091740E+1
 1.500160E+3 2.858570E+2 5.202500E+2 1.080140E+2 7.839140E+1 1.656270E+1
 2.028110E+3 3.481620E+2 7.008820E+2 1.338150E+2 1.098570E+2 2.359740E+1
 2.531120E+3 4.143560E+2 8.915560E+2 1.613610E+2 1.481530E+2 3.163340E+1
 6.496900E+0 6.971020E-1 3.436800E-1 9.623690E-4 2.104790E-2 6.774680E-6
 9.515320E+0 1.349020E+0 4.705570E-1 2.078930E-3 2.292720E-2 1.168980E-5
 1.355070E+1 2.318270E+0 6.890550E-1 4.780430E-3 2.761650E-2 2.230050E-5
 1.903880E+1 3.774380E+0 1.073390E+0 1.163660E-2 3.626020E-2 4.632720E-5
 2.635050E+1 5.707220E+0 1.752680E+0 2.942410E-2 5.166050E-2 1.043320E-4
 3.643500E+1 8.376600E+0 2.942910E+0 7.563880E-2 7.935300E-2 2.529470E-4
 4.930440E+1 1.149380E+1 4.959510E+0 1.908350E-1 1.300540E-1 6.527090E-4
 6.631950E+1 1.533140E+1 8.217550E+0 4.606490E-1 2.244130E-1 1.766780E-3
 8.991220E+1 2.065790E+1 1.341120E+1 1.066620E+0 4.018940E-1 4.933420E-3
 1.234610E+2 2.795210E+1 2.157810E+1 2.337790E+0 7.351220E-1 1.394120E-2
 1.650940E+2 3.701470E+1 3.378760E+1 4.716930E+0 1.350130E+0 3.902590E-2
 2.182660E+2 4.902550E+1 5.097990E+1 8.662030E+0 2.457560E+0 1.060460E-1
 2.876720E+2 6.399840E+1 7.426600E+1 1.446660E+1 4.403940E+0 2.757740E-1
 3.754890E+2 8.272470E+1 1.050670E+2 2.228070E+1 7.672400E+0 6.722050E-1
 4.824050E+2 1.049090E+2 1.444100E+2 3.198860E+1 1.283130E+1 1.500440E+0
 6.221770E+2 1.308610E+2 1.940670E+2 4.348660E+1 2.050130E+1 3.025210E+0
 7.893740E+2 1.607510E+2 2.564310E+2 5.673700E+1 3.126290E+1 5.488700E+0
 1.004510E+3 1.948440E+2 3.350040E+2 7.155650E+1 4.565150E+1 8.981970E+0
 1.354120E+3 2.386370E+2 4.513190E+2 8.992080E+1 6.526250E+1 1.368160E+1
 1.588920E+3 2.810200E+2 5.574740E+2 1.080930E+2 8.870910E+1 1.910610E+1
 2.114930E+3 3.368780E+2 7.356180E+2 1.311310E+2 1.206700E+2 2.567810E+1
 6.608100E+0 7.012900E-1 3.842460E-1 1.075850E-3 3.253510E-2 1.046450E-5
 9.436300E+0 1.323310E+0 5.053560E-1 2.231590E-3 2.938820E-2 1.498300E-5
 1.348740E+1 2.315690E+0 7.106640E-1 4.929410E-3 3.251700E-2 2.625780E-5
 1.903460E+1 3.756290E+0 1.066650E+0 1.156850E-2 4.017520E-2 5.133080E-5
 2.594060E+1 5.641360E+0 1.689860E+0 2.839030E-2 5.435760E-2 1.097940E-4
 3.533960E+1 8.140860E+0 2.783990E+0 7.165850E-2 7.986210E-2 2.545830E-4
 4.743200E+1 1.103510E+1 4.649030E+0 1.796390E-1 1.260780E-1 6.328100E-4
 6.349960E+1 1.452910E+1 7.715610E+0 4.345940E-1 2.110760E-1 1.662020E-3
 8.486400E+1 1.918850E+1 1.246510E+1 9.904120E-1 3.691530E-1 4.532670E-3
 1.133090E+2 2.542060E+1 1.975400E+1 2.131110E+0 6.642840E-1 1.260310E-2
 1.510040E+2 3.339190E+1 3.051160E+1 4.247230E+0 1.210040E+0 3.499440E-2
 1.986680E+2 4.398750E+1 4.560390E+1 7.723630E+0 2.191030E+0 9.467520E-2
 2.602480E+2 5.722820E+1 6.600410E+1 1.282780E+1 3.891960E+0 2.440020E-1
 3.369920E+2 7.288420E+1 9.256160E+1 1.954590E+1 6.717430E+0 5.885770E-1
 4.312690E+2 9.144850E+1 1.262480E+2 2.782050E+1 1.115150E+1 1.302860E+0
 5.441220E+2 1.134560E+2 1.691790E+2 3.764320E+1 1.771800E+1 2.612140E+0
 7.105390E+2 1.389840E+2 2.245080E+2 4.889690E+1 2.686010E+1 4.710470E+0
 8.951060E+2 1.675220E+2 2.926830E+2 6.142680E+1 3.910420E+1 7.683550E+0
 1.118900E+3 2.007490E+2 3.755740E+2 7.571600E+1 5.500960E+1 1.155470E+1
 1.406920E+3 2.391400E+2 4.818970E+2 9.191660E+1 7.538820E+1 1.622300E+1
 1.809460E+3 2.850250E+2 6.259300E+2 1.109300E+2 1.021980E+2 2.170850E+1
 6.895660E+0 7.297070E-1 4.436630E-1 1.240530E-3 0.000000E+6 0.000000E+6
 9.666950E+0 1.339740E+0 5.590890E-1 2.468410E-3 4.786730E-2 2.439280E-5
 1.351800E+1 2.323190E+0 7.523310E-1 5.217990E-3 4.182240E-2 3.376740E-5
 1.871170E+1 3.689090E+0 1.083350E+0 1.175200E-2 4.687650E-2 5.989050E-5
 2.531120E+1 5.513600E+0 1.654770E+0 2.782400E-2 5.934630E-2 1.198740E-4
 3.420810E+1 7.806410E+0 2.646120E+0 6.814720E-2 8.262560E-2 2.634020E-4
 4.576510E+1 1.047670E+1 4.347290E+0 1.683320E-1 1.247730E-1 6.263070E-4
 6.072340E+1 1.389570E+1 7.149570E+0 4.049450E-1 2.014800E-1 1.586530E-3
 7.979340E+1 1.811570E+1 1.155910E+1 9.234630E-1 3.424490E-1 4.205690E-3
 1.049200E+2 2.330430E+1 1.810520E+1 1.952870E+0 6.027920E-1 1.144050E-2
 1.386830E+2 3.034290E+1 2.762600E+1 3.831380E+0 1.080300E+0 3.125580E-2
 1.801180E+2 3.912420E+1 4.077480E+1 6.864740E+0 1.942780E+0 8.403780E-2
 2.324750E+2 5.047330E+1 5.844990E+1 1.130870E+1 3.422950E+0 2.148150E-1
 2.980710E+2 6.388480E+1 8.125980E+1 1.711760E+1 5.862870E+0 5.141500E-1
 3.801520E+2 7.950700E+1 1.103510E+2 2.413580E+1 9.653700E+0 1.127910E+0
 5.186780E+2 1.000190E+2 1.514200E+2 3.296690E+1 1.534500E+1 2.261930E+0
 6.154320E+2 1.189470E+2 1.937800E+2 4.180370E+1 2.297160E+1 4.019290E+0
 7.651310E+2 1.422620E+2 2.487930E+2 5.217340E+1 3.325530E+1 6.528990E+0
 9.824210E+2 1.702940E+2 3.237250E+2 6.417490E+1 4.672230E+1 9.774920E+0
 1.202360E+3 2.019090E+2 4.100020E+2 7.761830E+1 6.382020E+1 1.369470E+1
 1.542840E+3 2.397910E+2 5.304140E+2 9.331120E+1 8.604970E+1 1.825910E+1
 7.294850E+0 7.616300E-1 5.543920E-1 1.549080E-3 0.000000E+6 0.000000E+6
 1.016490E+1 1.401230E+0 6.555390E-1 2.888140E-3 0.000000E+6 0.000000E+6
 1.383560E+1 2.348300E+0 8.354130E-1 5.794120E-3 9.623250E-2 7.764130E-5
 1.873140E+1 3.685870E+0 1.139980E+0 1.236350E-2 6.423180E-2 8.206480E-5
 2.520800E+1 5.428120E+0 1.659220E+0 2.788960E-2 7.062780E-2 1.426600E-4
 3.326140E+1 7.585600E+0 2.547580E+0 6.563470E-2 9.021910E-2 2.876190E-4
 4.397040E+1 1.008110E+1 4.049280E+0 1.569290E-1 1.276310E-1 6.406890E-4
 5.729020E+1 1.308980E+1 6.529990E+0 3.711570E-1 1.957930E-1 1.541720E-3
 7.548140E+1 1.678220E+1 1.045750E+1 8.399050E-1 3.197150E-1 3.927020E-3
 9.652330E+1 2.134360E+1 1.629060E+1 1.763620E+0 5.454690E-1 1.035530E-2
 1.250330E+2 2.688390E+1 2.451560E+1 3.394470E+0 9.546700E-1 2.763700E-2
 1.614480E+2 3.462500E+1 3.586840E+1 6.035730E+0 1.682450E+0 7.277780E-2
 2.059350E+2 4.364300E+1 5.075600E+1 9.761130E+0 2.942550E+0 1.849620E-1
 2.607850E+2 5.464270E+1 6.991250E+1 1.460800E+1 5.002150E+0 4.393500E-1
 3.334730E+2 6.757240E+1 9.423420E+1 2.046590E+1 8.175660E+0 9.564340E-1
 4.119140E+2 8.208230E+1 1.240520E+2 2.716060E+1 1.276430E+1 1.879870E+0
 5.507810E+2 1.004120E+2 1.659160E+2 3.517260E+1 1.922110E+1 3.361690E+0
 6.546340E+2 1.183770E+2 2.095800E+2 4.335670E+1 2.756660E+1 5.409810E+0
 8.440750E+2 1.413740E+2 2.729590E+2 5.320360E+1 3.867090E+1 8.074460E+0
 1.043430E+3 1.661380E+2 3.464400E+2 6.376700E+1 5.261780E+1 1.121190E+1
 1.286090E+3 1.954650E+2 4.367200E+2 7.604260E+1 7.027590E+1 1.486960E+1
 8.072140E+0 8.492310E-1 7.635760E-1 2.129970E-3 0.000000E+6 0.000000E+6
 1.086650E+1 1.498390E+0 8.187530E-1 3.609150E-3 0.000000E+6 0.000000E+6
 1.446690E+1 2.448810E+0 9.715860E-1 6.736940E-3 0.000000E+6 0.000000E+6
 1.917810E+1 3.748110E+0 1.247660E+0 1.352730E-2 0.000000E+6 0.000000E+6
 2.510090E+1 5.390120E+0 1.723560E+0 2.899540E-2 1.013780E-1 2.047050E-4
 3.267920E+1 7.385820E+0 2.524090E+0 6.507530E-2 1.071070E-1 3.414720E-4
 4.243810E+1 9.611730E+0 3.862390E+0 1.498690E-1 1.375780E-1 6.905960E-4
 5.435850E+1 1.220790E+1 6.044940E+0 3.437750E-1 1.974700E-1 1.555180E-3
 7.026510E+1 1.541520E+1 9.471850E+0 7.625760E-1 3.068150E-1 3.768520E-3
 9.002810E+1 1.935880E+1 1.459650E+1 1.589010E+0 5.041680E-1 9.572820E-3
 1.149400E+2 2.433260E+1 2.180210E+1 3.034250E+0 8.575260E-1 2.483080E-2
 1.465850E+2 3.048750E+1 3.149150E+1 5.284290E+0 1.479350E+0 6.402400E-2
 1.836640E+2 3.810610E+1 4.416870E+1 8.471810E+0 2.539090E+0 1.596090E-1
 2.326500E+2 4.707770E+1 6.023320E+1 1.251300E+1 4.261500E+0 3.744680E-1
 2.926250E+2 5.729810E+1 8.061480E+1 1.729850E+1 6.904550E+0 8.080600E-1
 3.798330E+2 7.031970E+1 1.075270E+2 2.312440E+1 1.076570E+1 1.587500E+0
 4.683660E+2 8.371870E+1 1.391240E+2 2.930600E+1 1.602430E+1 2.801870E+0
 5.583590E+2 9.814510E+1 1.758680E+2 3.591170E+1 2.289010E+1 4.482490E+0
 7.007760E+2 1.159010E+2 2.249600E+2 4.362480E+1 3.180460E+1 6.635910E+0
 8.709950E+2 1.367090E+2 2.863850E+2 5.246370E+1 4.325400E+1 9.226230E+0
 1.067950E+3 1.598740E+2 3.595490E+2 6.218830E+1 5.751990E+1 1.216260E+1
 9.163850E+0 9.771800E-1 1.269350E+0 3.512160E-3 0.000000E+6 0.000000E+6
 1.189810E+1 1.647600E+0 1.069620E+0 4.708160E-3 0.000000E+6 0.000000E+6
 1.543340E+1 2.597700E+0 1.156240E+0 8.006110E-3 0.000000E+6 0.000000E+6
 1.997770E+1 3.873930E+0 1.395180E+0 1.514160E-2 0.000000E+6 0.000000E+6
 2.574680E+1 5.508530E+0 1.829410E+0 3.076830E-2 0.000000E+6 0.000000E+6
 3.266720E+1 7.217880E+0 2.566690E+0 6.613030E-2 1.468980E-1 4.684020E-4
 4.146360E+1 9.359140E+0 3.793080E+0 1.472500E-1 1.565220E-1 7.858590E-4
 5.293780E+1 1.172630E+1 5.767910E+0 3.283190E-1 2.066730E-1 1.627590E-3
 6.752440E+1 1.468850E+1 8.846580E+0 7.135020E-1 3.044490E-1 3.739570E-3
 8.539070E+1 1.806620E+1 1.340060E+1 1.462230E+0 4.816480E-1 9.145300E-3
 1.075500E+2 2.213640E+1 1.977360E+1 2.757170E+0 7.967460E-1 2.307050E-2
 1.347420E+2 2.774980E+1 2.839940E+1 4.785690E+0 1.346060E+0 5.827340E-2
 1.683550E+2 3.410690E+1 3.942310E+1 7.566050E+0 2.274310E+0 1.430150E-1
 2.102420E+2 4.164300E+1 5.346720E+1 1.106250E+1 3.772300E+0 3.315200E-1
 2.600930E+2 5.040860E+1 7.090460E+1 1.521610E+1 6.056740E+0 7.093440E-1
 3.237610E+2 6.031990E+1 9.267610E+1 1.988860E+1 9.351100E+0 1.378500E+0
 4.051380E+2 7.175450E+1 1.195460E+2 2.514640E+1 1.383640E+1 2.418600E+0
 4.908020E+2 8.487070E+1 1.531040E+2 3.104010E+1 1.975900E+1 3.869360E+0
 6.133580E+2 9.975450E+1 1.949310E+2 3.753280E+1 2.738320E+1 5.703870E+0
 7.529690E+2 1.165350E+2 2.451990E+2 4.471860E+1 3.693680E+1 7.871880E+0
 9.288990E+2 1.361100E+2 3.087420E+2 5.293340E+1 4.902150E+1 1.035080E+1
 1.029670E+1 1.148500E+0 0.000000E+6 0.000000E+6 0.000000E+6 0.000000E+6
 1.349840E+1 1.891450E+0 2.005820E+0 8.771900E-3 0.000000E+6 0.000000E+6
 1.709300E+1 2.938030E+0 1.530670E+0 1.058710E-2 0.000000E+6 0.000000E+6
 2.150780E+1 4.225130E+0 1.653950E+0 1.790620E-2 0.000000E+6 0.000000E+6
 2.690000E+1 5.741910E+0 2.023950E+0 3.402640E-2 0.000000E+6 0.000000E+6
 3.363260E+1 7.466180E+0 2.689710E+0 6.935560E-2 0.000000E+6 0.000000E+6
 4.201980E+1 9.370920E+0 3.804820E+0 1.475660E-1 2.209810E-1 1.109360E-3
 5.248590E+1 1.145010E+1 5.593370E+0 3.184430E-1 2.321220E-1 1.828220E-3
 6.538320E+1 1.391440E+1 8.346090E+0 6.726570E-1 3.130320E-1 3.845310E-3
 8.143110E+1 1.687940E+1 1.239050E+1 1.350780E+0 4.698100E-1 8.920920E-3
 1.014140E+2 2.061950E+1 1.805070E+1 2.523880E+0 7.497170E-1 2.171340E-2
 1.260240E+2 2.516490E+1 2.558250E+1 4.317060E+0 1.234500E+0 5.344750E-2
 1.553640E+2 3.060000E+1 3.523200E+1 6.758190E+0 2.046680E+0 1.287180E-1
 1.906630E+2 3.700740E+1 4.736720E+1 9.808200E+0 3.346260E+0 2.942010E-1
 2.366720E+2 4.432460E+1 6.242490E+1 1.335350E+1 5.314500E+0 6.225580E-1
 2.907970E+2 5.267260E+1 8.098810E+1 1.735330E+1 8.138110E+0 1.200090E+0
 3.645310E+2 6.257510E+1 1.047460E+2 2.188120E+1 1.197780E+1 2.095030E+0
 4.344670E+2 7.281570E+1 1.320270E+2 2.661400E+1 1.695470E+1 3.320520E+0
 5.408110E+2 8.554300E+1 1.685530E+2 3.215840E+1 2.342270E+1 4.878920E+0
 6.612980E+2 9.953710E+1 2.115560E+2 3.817640E+1 3.154090E+1 6.711850E+0
 8.041440E+2 1.156760E+2 2.642140E+2 4.497590E+1 4.168050E+1 8.791790E+0
 1.258370E+1 1.442490E+0 0.000000E+6 0.000000E+6 0.000000E+6 0.000000E+6
 1.559340E+1 2.291830E+0 0.000000E+6 0.000000E+6 0.000000E+6 0.000000E+6
 1.918880E+1 3.480110E+0 0.000000E+6 0.000000E+6 0.000000E+6 0.000000E+6
 2.422850E+1 4.845160E+0 2.410830E+0 2.607880E-2 0.000000E+6 0.000000E+6
 2.946480E+1 6.325590E+0 2.480150E+0 4.169280E-2 0.000000E+6 0.000000E+6
 3.562520E+1 7.907250E+0 3.003360E+0 7.743610E-2 0.000000E+6 0.000000E+6
 4.345350E+1 9.628530E+0 3.971610E+0 1.543130E-1 0.000000E+6 0.000000E+6
 5.284620E+1 1.140720E+1 5.548560E+0 3.158760E-1 4.609920E-1 3.631900E-3
 6.434280E+1 1.345300E+1 7.972650E+0 6.431630E-1 3.590910E-1 4.411780E-3
 7.831010E+1 1.588420E+1 1.149160E+1 1.254570E+0 4.782200E-1 9.081270E-3
 9.581690E+1 1.892160E+1 1.635570E+1 2.285540E+0 7.169090E-1 2.076290E-2
 1.168170E+2 2.261930E+1 2.278910E+1 3.843630E+0 1.134180E+0 4.910700E-2
 1.419660E+2 2.708900E+1 3.098410E+1 5.945270E+0 1.828830E+0 1.150510E-1
 1.746470E+2 3.234760E+1 4.121000E+1 8.520980E+0 2.930450E+0 2.577170E-1
 2.120120E+2 3.830460E+1 5.381650E+1 1.149460E+1 4.583820E+0 5.370890E-1
 2.545240E+2 4.501600E+1 6.912100E+1 1.479130E+1 6.937350E+0 1.023290E+0
 3.108980E+2 5.265560E+1 8.822750E+1 1.841660E+1 1.010400E+1 1.767300E+0
 3.814470E+2 6.153290E+1 1.123490E+2 2.244610E+1 1.424990E+1 2.789770E+0
 4.564230E+2 7.101010E+1 1.400820E+2 2.669310E+1 1.946340E+1 4.054410E+0
 5.576760E+2 8.241830E+1 1.760000E+2 3.160050E+1 2.610830E+1 5.554240E+0
 6.763490E+2 9.529930E+1 2.188420E+2 3.704410E+1 3.434170E+1 7.239310E+0
 1.544470E+1 1.810490E+0 0.000000E+6 0.000000E+6 0.000000E+6 0.000000E+6
 1.881820E+1 2.828420E+0 0.000000E+6 0.000000E+6 0.000000E+6 0.000000E+6
 2.239020E+1 4.082730E+0 0.000000E+6 0.000000E+6 0.000000E+6 0.000000E+6
 2.650530E+1 5.515740E+0 0.000000E+6 0.000000E+6 0.000000E+6 0.000000E+6
 3.255830E+1 6.963750E+0 4.113210E+0 6.900080E-2 0.000000E+6 0.000000E+6
 3.837330E+1 8.437520E+0 3.740850E+0 9.629140E-2 0.000000E+6 0.000000E+6
 4.518640E+1 9.907180E+0 4.420040E+0 1.715500E-1 0.000000E+6 0.000000E+6
 5.346430E+1 1.135130E+1 5.751380E+0 3.279560E-1 0.000000E+6 0.000000E+6
 6.361670E+1 1.303050E+1 7.857010E+0 6.343370E-1 0.000000E+6 0.000000E+6
 7.596080E+1 1.497980E+1 1.092050E+1 1.192490E+0 5.668140E-1 1.076590E-2
 9.074290E+1 1.746260E+1 1.512170E+1 2.113430E+0 7.237360E-1 2.096220E-2
 1.089370E+2 2.048890E+1 2.061730E+1 3.476720E+0 1.072330E+0 4.643010E-2
 1.305180E+2 2.414630E+1 2.755700E+1 5.283440E+0 1.664420E+0 1.047080E-1
 1.577300E+2 2.840290E+1 3.614820E+1 7.467890E+0 2.600260E+0 2.287130E-1
 1.887350E+2 3.323390E+1 4.669440E+1 9.956090E+0 3.993640E+0 4.680710E-1
 2.280430E+2 3.876340E+1 5.966660E+1 1.270960E+1 5.964590E+0 8.797610E-1
 2.730090E+2 4.477360E+1 7.524190E+1 1.563190E+1 8.583160E+0 1.502570E+0
 3.281820E+2 5.174130E+1 9.466520E+1 1.886510E+1 1.199120E+1 2.346690E+0
 3.913220E+2 5.953440E+1 1.179560E+2 2.236750E+1 1.630540E+1 3.395720E+0
 4.793250E+2 6.859810E+1 1.472810E+2 2.628790E+1 2.171260E+1 4.617830E+0
 5.751560E+2 7.881900E+1 1.821410E+2 3.062760E+1 2.840040E+1 5.982220E+0
 1.842060E+1 2.176850E+0 0.000000E+6 0.000000E+6 0.000000E+6 0.000000E+6
 2.191150E+1 3.335750E+0 0.000000E+6 0.000000E+6 0.000000E+6 0.000000E+6
 2.582100E+1 4.745460E+0 0.000000E+6 0.000000E+6 0.000000E+6 0.000000E+6
 2.972220E+1 6.183840E+0 0.000000E+6 0.000000E+6 0.000000E+6 0.000000E+6
 3.385480E+1 7.607300E+0 0.000000E+6 0.000000E+6 0.000000E+6 0.000000E+6
 4.092890E+1 8.926260E+0 6.624970E+0 1.700530E-1 0.000000E+6 0.000000E+6
 4.698480E+1 1.017590E+1 5.351380E+0 2.074060E-1 0.000000E+6 0.000000E+6
 5.437810E+1 1.138320E+1 6.254970E+0 3.565160E-1 0.000000E+6 0.000000E+6
 6.329620E+1 1.277350E+1 8.042540E+0 6.504190E-1 0.000000E+6 0.000000E+6
 7.449230E+1 1.442070E+1 1.072030E+1 1.170760E+0 0.000000E+6 0.000000E+6
 8.767940E+1 1.646990E+1 1.443740E+1 2.018650E+0 8.558420E-1 2.478920E-2
 1.034550E+2 1.906700E+1 1.925680E+1 3.246840E+0 1.068720E+0 4.627250E-2
 1.216470E+2 2.211830E+1 2.530310E+1 4.848070E+0 1.570790E+0 9.883050E-2
 1.450980E+2 2.569110E+1 3.274810E+1 6.759910E+0 2.383920E+0 2.097210E-1
 1.709900E+2 2.972620E+1 4.182420E+1 8.905930E+0 3.593950E+0 4.213080E-1
 2.036050E+2 3.425960E+1 5.279000E+1 1.123620E+1 5.294290E+0 7.811030E-1
 2.440710E+2 3.938580E+1 6.628740E+1 1.374860E+1 7.554270E+0 1.321120E+0
 2.899530E+2 4.505880E+1 8.244760E+1 1.642630E+1 1.044450E+1 2.045140E+0
 3.466820E+2 5.154140E+1 1.024530E+2 1.935490E+1 1.410260E+1 2.935870E+0
 4.133790E+2 5.888220E+1 1.263950E+2 2.256590E+1 1.864440E+1 3.964210E+0
 4.975110E+2 6.747680E+1 1.562980E+2 2.621760E+1 2.431870E+1 5.119640E+0
---