PdfType: central
Format: lhagrid1
---
 1.000000E-6 1.700000E-6 3.200000E-6 6.000000E-6 1.000000E-5 1.700000E-5 3.200000E-5 6.000000E-5 1.000000E-4 1.700000E-4 3.200000E-4 6.000000E-4 1.000000E-3 1.700000E-3 3.200000E-3 6.000000E-3 1.000000E-2 1.700000E-2 3.200000E-2 6.000000E-2 1.000000E-1
 3.162278E-1 3.981068E-1 5.011876E-1 6.309572E-1 7.943280E-1 1.000000E+0 1.258924E+0 1.584894E+0 1.995262E+0 2.511886E+0 3.162278E+0 3.981068E+0 5.011876E+0 6.309572E+0 7.943280E+0 1.000000E+1 1.258924E+1 1.584894E+1 1.995262E+1 2.511886E+1 3.162278E+1
900 901 917 918 920 921
 3.144330E-1 3.168130E-2 6.416230E-3 1.795900E-5 1.305980E-4 4.203140E-8
 4.903480E-1 6.374090E-2 1.237530E-2 5.448390E-5 2.374480E-4 1.210150E-7
 7.539340E-1 1.210580E-1 2.422710E-2 1.673800E-4 4.477430E-4 3.611990E-7
 1.121620E+0 2.099610E-1 4.764240E-2 5.135680E-4 8.686370E-4 1.108400E-6
 1.662280E+0 3.439850E-1 9.381430E-2 1.564990E-3 1.722710E-3 3.473660E-6
 2.415850E+0 5.319900E-1 1.826690E-1 4.655080E-3 3.480970E-3 1.107500E-5
 3.668470E+0 8.421020E-1 3.545330E-1 1.360110E-2 7.093440E-3 3.553280E-5
 5.101610E+0 1.189670E+0 6.555140E-1 3.704700E-2 1.459840E-2 1.147080E-4
 7.358170E+0 1.725970E+0 1.184410E+0 9.434440E-2 3.021710E-2 3.698510E-4
 1.045700E+1 2.459650E+0 2.042500E+0 2.211540E-1 6.207000E-2 1.173950E-3
 1.469140E+1 3.504170E+0 3.359600E+0 4.714520E-1 1.256570E-1 3.623770E-3
 2.036560E+1 4.924320E+0 5.266670E+0 9.055260E-1 2.482050E-1 1.069760E-2
 2.980070E+1 7.135690E+0 8.290720E+0 1.637430E+0 4.798380E-1 3.008230E-2
 3.992180E+1 9.522040E+0 1.199480E+1 2.595570E+0 8.787430E-1 7.710690E-2
 5.296060E+1 1.243830E+1 1.684170E+1 3.825680E+0 1.524700E+0 1.785680E-1
 6.951740E+1 1.591180E+1 2.308590E+1 5.321640E+0 2.504510E+0 3.704520E-1
 9.042770E+1 1.999340E+1 3.105430E+1 7.081790E+0 3.898250E+0 6.862970E-1
 1.167400E+2 2.477560E+1 4.116110E+1 9.126870E+0 5.798890E+0 1.148230E+0
 1.494750E+2 3.029630E+1 5.380580E+1 1.146190E+1 8.291690E+0 1.756320E+0
 1.902460E+2 3.677760E+1 6.969130E+1 1.416950E+1 1.154630E+1 2.510930E+0
 2.408130E+2 4.426970E+1 8.945970E+1 1.726690E+1 1.569100E+1 3.396810E+0
 2.971070E-1 3.058630E-2 5.786250E-3 1.619770E-5 1.234040E-4 3.971860E-8
 4.554180E-1 6.078620E-2 1.099530E-2 4.845850E-5 2.187580E-4 1.114970E-7
 6.938040E-1 1.122940E-1 2.128840E-2 1.472100E-4 4.041640E-4 3.260950E-7
 1.039440E+0 1.965570E-1 4.166120E-2 4.493830E-4 7.714560E-4 9.845210E-7
 1.517590E+0 3.175840E-1 8.149640E-2 1.360360E-3 1.510340E-3 3.045850E-6
 2.203200E+0 4.922290E-1 1.582890E-1 4.040510E-3 3.019770E-3 9.609350E-6
 3.175810E+0 7.319490E-1 3.025220E-1 1.161870E-2 6.098090E-3 3.054860E-5
 4.589280E+0 1.074340E+0 5.650110E-1 3.186370E-2 1.247660E-2 9.804190E-5
 6.578300E+0 1.548460E+0 1.023040E+0 8.173240E-2 2.570000E-2 3.146440E-4
 9.305540E+0 2.212170E+0 1.769610E+0 1.929510E-1 5.265250E-2 9.968090E-4
 1.301710E+1 3.127590E+0 2.911900E+0 4.118490E-1 1.063270E-1 3.072100E-3
 1.786140E+1 4.295750E+0 4.539160E+0 7.805280E-1 2.096010E-1 9.043760E-3
 2.590890E+1 6.138410E+0 7.089480E+0 1.397270E+0 4.037220E-1 2.532170E-2
 3.464790E+1 8.141670E+0 1.023890E+1 2.207150E+0 7.373080E-1 6.471600E-2
 4.570560E+1 1.057040E+1 1.435130E+1 3.239980E+0 1.279840E+0 1.498990E-1
 5.975470E+1 1.345920E+1 1.963150E+1 4.490890E+0 2.100350E+0 3.105860E-1
 7.750500E+1 1.684360E+1 2.636080E+1 5.956810E+0 3.265850E+0 5.745240E-1
 9.977220E+1 2.080030E+1 3.488410E+1 7.654300E+0 4.854540E+0 9.598300E-1
 1.273990E+2 2.538690E+1 4.552780E+1 9.598120E+0 6.942300E+0 1.467340E+0
 1.618930E+2 3.071850E+1 5.890820E+1 1.182930E+1 9.651250E+0 2.092870E+0
 2.044460E+2 3.689780E+1 7.551140E+1 1.438680E+1 1.310410E+1 2.827010E+0
 2.697790E-1 2.817820E-2 5.176340E-3 1.450170E-5 1.180520E-4 3.799780E-8
 4.173720E-1 5.683050E-2 9.655060E-3 4.261050E-5 2.020960E-4 1.030210E-7
 6.294460E-1 1.053050E-1 1.842180E-2 1.275860E-4 3.631510E-4 2.930340E-7
 9.348850E-1 1.803490E-1 3.565540E-2 3.854130E-4 6.778340E-4 8.652720E-7
 1.368800E+0 2.937540E-1 6.913460E-2 1.157010E-3 1.303190E-3 2.629310E-6
 1.978860E+0 4.486850E-1 1.338410E-1 3.425360E-3 2.564190E-3 8.162210E-6
 2.923150E+0 6.837200E-1 2.574300E-1 9.910630E-3 5.144350E-3 2.578260E-5
 4.026250E+0 9.472730E-1 4.740800E-1 2.675170E-2 1.040130E-2 8.174650E-5
 5.735120E+0 1.347590E+0 8.574430E-1 6.866760E-2 2.127390E-2 2.606630E-4
 8.040870E+0 1.901490E+0 1.478400E+0 1.611800E-1 4.330660E-2 8.199230E-4
 1.113920E+1 2.625570E+0 2.421540E+0 3.398410E-1 8.698710E-2 2.509630E-3
 1.522160E+1 3.596400E+0 3.776010E+0 6.454220E-1 1.711390E-1 7.383260E-3
 2.189370E+1 5.115010E+0 5.871400E+0 1.153650E+0 3.285670E-1 2.061750E-2
 2.911270E+1 6.734320E+0 8.454360E+0 1.814330E+0 5.990360E-1 5.260030E-2
 3.831230E+1 8.689730E+0 1.182130E+1 2.651820E+0 1.036810E+0 1.214270E-1
 4.983870E+1 1.100450E+1 1.614970E+1 3.661710E+0 1.701880E+0 2.515700E-1
 6.438990E+1 1.371450E+1 2.164330E+1 4.841150E+0 2.643570E+0 4.646660E-1
 8.261930E+1 1.686720E+1 2.858400E+1 6.199270E+0 3.924160E+0 7.747040E-1
 1.051800E+2 2.052160E+1 3.724990E+1 7.752160E+0 5.605970E+0 1.182110E+0
 1.333690E+2 2.476990E+1 4.813070E+1 9.533230E+0 7.787320E+0 1.683570E+0
 1.680700E+2 2.968490E+1 6.161770E+1 1.157010E+1 1.056320E+1 2.270730E+0
 2.502660E-1 2.662500E-2 4.714370E-3 1.322130E-5 1.160700E-4 3.736870E-8
 3.847460E-1 5.281150E-2 8.600460E-3 3.798390E-5 1.911480E-4 9.744650E-8
 5.752000E-1 9.796010E-2 1.610900E-2 1.117320E-4 3.325490E-4 2.683770E-7
 8.463280E-1 1.658960E-1 3.072060E-2 3.323780E-4 6.049650E-4 7.724150E-7
 1.227740E+0 2.650900E-1 5.906940E-2 9.893420E-4 1.139550E-3 2.299250E-6
 1.763630E+0 4.031520E-1 1.135980E-1 2.914990E-3 2.204700E-3 7.019070E-6
 2.494960E+0 5.821110E-1 2.148310E-1 8.283120E-3 4.350970E-3 2.180610E-5
 3.537380E+0 8.364280E-1 3.991410E-1 2.258950E-2 8.727840E-3 6.861080E-5
 5.011650E+0 1.187360E+0 7.207740E-1 5.801420E-2 1.770420E-2 2.170890E-4
 6.960960E+0 1.634850E+0 1.236980E+0 1.349310E-1 3.578760E-2 6.779680E-4
 9.576120E+0 2.247810E+0 2.022830E+0 2.846800E-1 7.160710E-2 2.068720E-3
 1.304590E+1 3.056520E+0 3.153660E+0 5.396600E-1 1.402110E-1 6.052450E-3
 1.849930E+1 4.256360E+0 4.858430E+0 9.517860E-1 2.680050E-1 1.682460E-2
 2.446820E+1 5.564880E+0 6.980230E+0 1.490730E+0 4.874340E-1 4.281330E-2
 3.204980E+1 7.139030E+0 9.736750E+0 2.170410E+0 8.421070E-1 9.863120E-2
 4.155190E+1 8.996070E+0 1.327720E+1 2.985920E+0 1.380390E+0 2.039860E-1
 5.351830E+1 1.116550E+1 1.776350E+1 3.934720E+0 2.141430E+0 3.761080E-1
 6.841250E+1 1.368280E+1 2.341330E+1 5.023100E+0 3.174550E+0 6.258460E-1
 8.696100E+1 1.660150E+1 3.050390E+1 6.266590E+0 4.535750E+0 9.540850E-1
 1.098780E+2 1.998970E+1 3.931920E+1 7.689430E+0 6.287960E+0 1.355870E+0
 1.382330E+2 2.391110E+1 5.028860E+1 9.316410E+0 8.524630E+0 1.826390E+0
 2.346440E-1 2.516370E-2 4.431500E-3 1.243980E-5 1.168360E-4 3.761590E-8
 3.549220E-1 4.965260E-2 7.901810E-3 3.489670E-5 1.860950E-4 9.487570E-8
 5.331180E-1 9.178260E-2 1.455430E-2 1.009480E-4 3.144570E-4 2.538080E-7
 7.764760E-1 1.545260E-1 2.740950E-2 2.968830E-4 5.584550E-4 7.130680E-7
 1.133000E+0 2.470140E-1 5.227500E-2 8.770570E-4 1.032030E-3 2.082790E-6
 1.597430E+0 3.668530E-1 9.949560E-2 2.555160E-3 1.966270E-3 6.261090E-6
 2.260510E+0 5.326700E-1 1.876390E-1 7.239470E-3 3.832340E-3 1.921010E-5
 3.181640E+0 7.540960E-1 3.472450E-1 1.968490E-2 7.607850E-3 5.981200E-5
 4.475070E+0 1.047280E+0 6.234590E-1 5.002080E-2 1.529610E-2 1.875090E-4
 6.169820E+0 1.441920E+0 1.068820E+0 1.166280E-1 3.073110E-2 5.823030E-4
 8.436940E+0 1.962080E+0 1.745040E+0 2.451640E-1 6.120320E-2 1.768600E-3
 1.140710E+1 2.647560E+0 2.711560E+0 4.633150E-1 1.194320E-1 5.160420E-3
 1.611470E+1 3.660370E+0 4.160410E+0 8.131540E-1 2.273750E-1 1.427790E-2
 2.123470E+1 4.760250E+0 5.966820E+0 1.269540E+0 4.125600E-1 3.624190E-2
 2.765630E+1 6.078290E+0 8.312320E+0 1.843040E+0 7.125720E-1 8.348820E-2
 3.580370E+1 7.631940E+0 1.131040E+1 2.528210E+0 1.164560E+0 1.720590E-1
 4.600610E+1 9.442220E+0 1.511090E+1 3.323040E+0 1.804220E+0 3.167190E-1
 5.868720E+1 1.153940E+1 1.989560E+1 4.232450E+0 2.671810E+0 5.261990E-1
 7.440310E+1 1.397130E+1 2.588730E+1 5.270580E+0 3.814250E+0 8.011730E-1
 9.381260E+1 1.678690E+1 3.332190E+1 6.454810E+0 5.280900E+0 1.136930E+0
 1.178280E+2 2.005390E+1 4.259410E+1 7.811380E+0 7.158630E+0 1.530090E+0
 2.176920E-1 2.357180E-2 4.214510E-3 1.183900E-5 1.200540E-4 3.865210E-8
 3.329880E-1 4.717690E-2 7.333580E-3 3.240190E-5 1.842360E-4 9.394410E-8
 4.934160E-1 8.539650E-2 1.324490E-2 9.183880E-5 3.014850E-4 2.433460E-7
 7.146590E-1 1.435970E-1 2.453270E-2 2.660770E-4 5.209640E-4 6.652830E-7
 1.026120E+0 2.259230E-1 4.613110E-2 7.742750E-4 9.409140E-4 1.898400E-6
 1.500880E+0 3.482730E-1 8.775190E-2 2.256770E-3 1.761430E-3 5.610650E-6
 2.035940E+0 4.832590E-1 1.633770E-1 6.318270E-3 3.383480E-3 1.696310E-5
 2.841070E+0 6.719220E-1 3.006630E-1 1.706000E-2 6.634330E-3 5.216970E-5
 3.960340E+0 9.313650E-1 5.381160E-1 4.333920E-2 1.320090E-2 1.618850E-4
 5.459150E+0 1.268430E+0 9.192880E-1 1.003780E-1 2.632380E-2 4.988880E-4
 7.415950E+0 1.719100E+0 1.498230E+0 2.113370E-1 5.212190E-2 1.507220E-3
 1.023190E+1 2.326000E+0 2.348780E+0 4.001750E-1 1.014370E-1 4.383530E-3
 1.394770E+1 3.125390E+0 3.539300E+0 6.903110E-1 1.919400E-1 1.205580E-2
 1.827540E+1 4.042050E+0 5.069060E+0 1.074370E+0 3.479340E-1 3.057720E-2
 2.376670E+1 5.140180E+0 7.045580E+0 1.554610E+0 5.985090E-1 7.013000E-2
 3.065650E+1 6.430100E+0 9.569540E+0 2.126410E+0 9.765310E-1 1.442480E-1
 3.929890E+1 7.929770E+0 1.275680E+1 2.787390E+0 1.510040E+0 2.648630E-1
 4.999680E+1 9.666560E+0 1.678370E+1 3.542620E+0 2.234490E+0 4.396620E-1
 6.327010E+1 1.167680E+1 2.181420E+1 4.402520E+0 3.185950E+0 6.684040E-1
 7.965460E+1 1.400890E+1 2.808250E+1 5.384580E+0 4.413040E+0 9.478780E-1
 9.979040E+1 1.670510E+1 3.581900E+1 6.505280E+0 5.969290E+0 1.273420E+0
 2.026080E-1 2.210260E-2 4.064020E-3 1.142610E-5 1.279700E-4 4.120160E-8
 3.049440E-1 4.377810E-2 6.836240E-3 3.025990E-5 1.869040E-4 9.531060E-8
 4.506690E-1 7.914080E-2 1.200650E-2 8.330650E-5 2.930070E-4 2.365170E-7
 6.516250E-1 1.321880E-1 2.176270E-2 2.360140E-4 4.886070E-4 6.240360E-7
 9.271790E-1 2.066800E-1 4.027940E-2 6.771980E-4 8.569910E-4 1.729950E-6
 1.289060E+0 2.985950E-1 7.497250E-2 1.926240E-3 1.564740E-3 4.985310E-6
 1.823130E+0 4.313860E-1 1.393640E-1 5.397150E-3 2.947820E-3 1.478270E-5
 2.491340E+0 5.925620E-1 2.544610E-1 1.447600E-2 5.686380E-3 4.472640E-5
 3.459340E+0 8.054780E-1 4.524420E-1 3.643170E-2 1.115850E-2 1.368620E-4
 4.691680E+0 1.079200E+0 7.689060E-1 8.403430E-2 2.200820E-2 4.172430E-4
 6.345020E+0 1.452210E+0 1.248260E+0 1.758660E-1 4.319930E-2 1.249490E-3
 8.488920E+0 1.924270E+0 1.929590E+0 3.298270E-1 8.345010E-2 3.609480E-3
 1.175790E+1 2.588210E+0 2.920010E+0 5.680690E-1 1.571950E-1 9.875930E-3
 1.534430E+1 3.327790E+0 4.167600E+0 8.803130E-1 2.833910E-1 2.490350E-2
 1.983070E+1 4.208550E+0 5.781630E+0 1.269350E+0 4.873830E-1 5.712020E-2
 2.547690E+1 5.243110E+0 7.837380E+0 1.730440E+0 7.924290E-1 1.170380E-1
 3.256410E+1 6.441770E+0 1.042940E+1 2.261250E+0 1.222910E+0 2.143880E-1
 4.128220E+1 7.828360E+0 1.369610E+1 2.866290E+0 1.806530E+0 3.551140E-1
 5.211430E+1 9.432300E+0 1.777500E+1 3.554000E+0 2.571670E+0 5.388470E-1
 6.548620E+1 1.128880E+1 2.285560E+1 4.337140E+0 3.557510E+0 7.627160E-1
 8.183040E+1 1.344040E+1 2.911410E+1 5.232410E+0 4.806900E+0 1.023540E+0
 1.884190E-1 2.103190E-2 4.024080E-3 1.131620E-5 1.413670E-4 4.551590E-8
 2.798150E-1 4.023640E-2 6.519230E-3 2.888060E-5 1.961060E-4 1.000060E-7
 4.116040E-1 7.278640E-2 1.109560E-2 7.709810E-5 2.928210E-4 2.363750E-7
 5.884670E-1 1.203440E-1 1.959760E-2 2.124940E-4 4.684900E-4 5.983750E-7
 8.302730E-1 1.860570E-1 3.553300E-2 5.976040E-4 7.951000E-4 1.605150E-6
 1.154250E+0 2.702780E-1 6.515480E-2 1.677460E-3 1.413580E-3 4.503710E-6
 1.590430E+0 3.790030E-1 1.194160E-1 4.630330E-3 2.603830E-3 1.306060E-5
 2.176940E+0 5.140010E-1 2.155170E-1 1.225470E-2 4.927640E-3 3.876500E-5
 2.989100E+0 6.922950E-1 3.811970E-1 3.072590E-2 9.516330E-3 1.167260E-4
 4.045330E+0 9.216320E-1 6.443870E-1 7.032720E-2 1.854540E-2 3.515900E-4
 5.426090E+0 1.218860E+0 1.039870E+0 1.461110E-1 3.603460E-2 1.041040E-3
 7.222990E+0 1.614650E+0 1.605140E+0 2.740550E-1 6.908050E-2 2.986450E-3
 9.920430E+0 2.146850E+0 2.413500E+0 4.685800E-1 1.293360E-1 8.127380E-3
 1.288940E+1 2.743020E+0 3.434770E+0 7.228790E-1 2.320540E-1 2.039330E-2
 1.658480E+1 3.452150E+0 4.752390E+0 1.038360E+0 3.972650E-1 4.655200E-2
 2.121980E+1 4.282380E+0 6.427340E+0 1.410920E+0 6.448260E-1 9.522000E-2
 2.697660E+1 5.241980E+0 8.538490E+0 1.837960E+0 9.930480E-1 1.740570E-1
 3.417510E+1 6.351080E+0 1.118490E+1 2.323440E+0 1.463840E+0 2.873940E-1
 4.298270E+1 7.635130E+0 1.450330E+1 2.875190E+0 2.080800E+0 4.354500E-1
 5.386550E+1 9.116020E+0 1.861740E+1 3.500990E+0 2.873680E+0 6.151840E-1
 6.725650E+1 1.084140E+1 2.372740E+1 4.219460E+0 3.884270E+0 8.250300E-1
 1.792520E-1 2.010850E-2 4.073510E-3 1.145820E-5 1.576150E-4 5.074630E-8
 2.651220E-1 3.881590E-2 6.384710E-3 2.829180E-5 2.094680E-4 1.068190E-7
 3.857330E-1 6.857690E-2 1.056520E-2 7.347450E-5 2.998930E-4 2.421260E-7
 5.611090E-1 1.154980E-1 1.826520E-2 1.983670E-4 4.617620E-4 5.897900E-7
 7.654030E-1 1.718980E-1 3.242650E-2 5.454090E-4 7.589890E-4 1.532340E-6
 1.055210E+0 2.480630E-1 5.863540E-2 1.511370E-3 1.316670E-3 4.195340E-6
 1.455010E+0 3.449770E-1 1.063250E-1 4.124490E-3 2.379020E-3 1.193500E-5
 1.979820E+0 4.661720E-1 1.905530E-1 1.085050E-2 4.427630E-3 3.483810E-5
 2.673360E+0 6.186330E-1 3.333000E-1 2.691940E-2 8.422970E-3 1.033390E-4
 3.595130E+0 8.138890E-1 5.607710E-1 6.136640E-2 1.622630E-2 3.077030E-4
 4.796660E+0 1.066710E+0 9.009620E-1 1.265940E-1 3.126990E-2 9.042940E-4
 6.330390E+0 1.392960E+0 1.381660E+0 2.350430E-1 5.948550E-2 2.571480E-3
 8.636760E+0 1.845090E+0 2.068580E+0 4.010590E-1 1.107100E-1 6.957510E-3
 1.118570E+1 2.346230E+0 2.936360E+0 6.165700E-1 1.977300E-1 1.737890E-2
 1.436750E+1 2.940050E+0 4.051630E+0 8.823360E-1 3.368280E-1 3.945720E-2
 1.830710E+1 3.635680E+0 5.473820E+0 1.196200E+0 5.460750E-1 8.062810E-2
 2.319530E+1 4.437250E+0 7.257970E+0 1.554390E+0 8.392430E-1 1.470350E-1
 2.928660E+1 5.362090E+0 9.490570E+0 1.960440E+0 1.234690E+0 2.422770E-1
 3.675800E+1 6.433040E+0 1.229190E+1 2.421460E+0 1.752540E+0 3.664610E-1
 4.597370E+1 7.668910E+0 1.576360E+1 2.944330E+0 2.418010E+0 5.170510E-1
 5.730410E+1 9.103990E+0 2.006550E+1 3.542530E+0 3.264230E+0 6.923740E-1
 1.759450E-1 1.997240E-2 4.214630E-3 1.186220E-5 1.816940E-4 5.850070E-8
 2.513130E-1 3.725280E-2 6.359640E-3 2.819780E-5 2.305150E-4 1.175550E-7
 3.607960E-1 6.436750E-2 1.019590E-2 7.096330E-5 3.153060E-4 2.545710E-7
 5.079200E-1 1.056270E-1 1.714680E-2 1.862980E-4 4.650770E-4 5.940470E-7
 7.054990E-1 1.595190E-1 2.982650E-2 5.020280E-4 7.361420E-4 1.486340E-6
 9.685320E-1 2.271600E-1 5.298150E-2 1.366020E-3 1.238340E-3 3.946020E-6
 1.319310E+0 3.124490E-1 9.474470E-2 3.674960E-3 2.186460E-3 1.096980E-5
 1.812050E+0 4.223040E-1 1.684930E-1 9.598110E-3 3.996690E-3 3.145390E-5
 2.379560E+0 5.454580E-1 2.909810E-1 2.348400E-2 7.479460E-3 9.177350E-5
 3.180270E+0 7.121310E-1 4.862820E-1 5.318780E-2 1.421600E-2 2.696130E-4
 4.217590E+0 9.254510E-1 7.769340E-1 1.090030E-1 2.709630E-2 7.837400E-4
 5.648610E+0 1.215700E+0 1.195130E+0 2.029080E-1 5.119600E-2 2.214180E-3
 7.495130E+0 1.577920E+0 1.766030E+0 3.418570E-1 9.450410E-2 5.940240E-3
 9.654010E+0 1.996220E+0 2.498080E+0 5.234330E-1 1.679090E-1 1.475920E-2
 1.235920E+1 2.490770E+0 3.437590E+0 7.463580E-1 2.847960E-1 3.336620E-2
 1.570420E+1 3.069430E+0 4.634750E+0 1.008730E+0 4.602810E-1 6.795150E-2
 1.985680E+1 3.735530E+0 6.135750E+0 1.307460E+0 7.056660E-1 1.235920E-1
 2.495710E+1 4.502580E+0 8.011310E+0 1.645270E+0 1.036000E+0 2.032490E-1
 3.130720E+1 5.377210E+0 1.033580E+1 2.023290E+0 1.464750E+0 3.060080E-1
 3.903870E+1 6.401730E+0 1.324420E+1 2.457200E+0 2.019550E+0 4.312620E-1
 4.851240E+1 7.599060E+0 1.685570E+1 2.956380E+0 2.726120E+0 5.776160E-1
 1.623970E-1 1.851670E-2 4.524560E-3 1.273240E-5 2.258310E-4 7.270800E-8
 2.438890E-1 3.608890E-2 6.505070E-3 2.884790E-5 2.692460E-4 1.373040E-7
 3.349090E-1 6.044520E-2 9.983060E-3 6.949580E-5 3.473100E-4 2.803820E-7
 4.689460E-1 9.735010E-2 1.622140E-2 1.764640E-4 4.847950E-4 6.192690E-7
 6.407650E-1 1.445470E-1 2.741510E-2 4.615570E-4 7.300010E-4 1.473970E-6
 8.936700E-1 2.089850E-1 4.768120E-2 1.230240E-3 1.176860E-3 3.750320E-6
 1.170990E+0 2.759310E-1 8.340580E-2 3.238970E-3 2.007700E-3 1.007410E-5
 1.566940E+0 3.633060E-1 1.454260E-1 8.281910E-3 3.577420E-3 2.815680E-5
 2.080930E+0 4.698890E-1 2.489700E-1 2.010270E-2 6.562610E-3 8.054580E-5
 2.759300E+0 6.101970E-1 4.124350E-1 4.513030E-2 1.225210E-2 2.324110E-4
 3.634490E+0 7.889730E-1 6.548300E-1 9.202140E-2 2.302070E-2 6.659530E-4
 4.748390E+0 1.013290E+0 9.944260E-1 1.688700E-1 4.294830E-2 1.857510E-3
 6.345840E+0 1.312710E+0 1.466810E+0 2.834550E-1 7.862130E-2 4.942670E-3
 8.128230E+0 1.650390E+0 2.065770E+0 4.317060E-1 1.387320E-1 1.219560E-2
 1.034600E+1 2.048470E+0 2.831680E+0 6.127610E-1 2.340030E-1 2.741380E-2
 1.309410E+1 2.513840E+0 3.807310E+0 8.251240E-1 3.765480E-1 5.557950E-2
 1.646560E+1 3.046110E+0 5.012940E+0 1.065500E+0 5.740870E-1 1.006680E-1
 2.067960E+1 3.661870E+0 6.548950E+0 1.337210E+0 8.419810E-1 1.651280E-1
 2.584410E+1 4.359530E+0 8.430360E+0 1.639640E+0 1.187410E+0 2.478710E-1
 3.216780E+1 5.175790E+0 1.078050E+1 1.986020E+0 1.632820E+0 3.484800E-1
 3.980630E+1 6.133410E+0 1.370290E+1 2.385660E+0 2.201840E+0 4.659560E-1
 1.558200E-1 1.793740E-2 5.034930E-3 1.416870E-5 3.063290E-4 9.862240E-8
 2.255820E-1 3.360880E-2 6.876980E-3 3.049350E-5 3.330590E-4 1.698450E-7
 3.160910E-1 5.722870E-2 1.006160E-2 7.006800E-5 4.008420E-4 3.236470E-7
 4.379740E-1 9.120550E-2 1.568200E-2 1.706400E-4 5.261100E-4 6.720150E-7
 5.938600E-1 1.336790E-1 2.567900E-2 4.329770E-4 7.494320E-4 1.513240E-6
 7.944300E-1 1.856940E-1 4.340230E-2 1.119620E-3 1.151050E-3 3.668380E-6
 1.076320E+0 2.517750E-1 7.468870E-2 2.902660E-3 1.886550E-3 9.466690E-6
 1.388350E+0 3.203250E-1 1.275480E-1 7.270370E-3 3.255340E-3 2.562410E-5
 1.841890E+0 4.132770E-1 2.155030E-1 1.740720E-2 5.831910E-3 7.159440E-5
 2.455320E+0 5.318450E-1 3.539920E-1 3.870800E-2 1.068830E-2 2.028040E-4
 3.155140E+0 6.718370E-1 5.550250E-1 7.789680E-2 1.976190E-2 5.717510E-4
 4.059240E+0 8.536320E-1 8.352980E-1 1.417690E-1 3.634850E-2 1.573170E-3
 5.399680E+0 1.097470E+0 1.224840E+0 2.363390E-1 6.589090E-2 4.142270E-3
 6.871910E+0 1.370450E+0 1.716090E+0 3.578010E-1 1.153110E-1 1.013730E-2
 8.700460E+0 1.691530E+0 2.342200E+0 5.052870E-1 1.932300E-1 2.263840E-2
 1.095190E+1 2.066370E+0 3.138200E+0 6.776190E-1 3.094370E-1 4.567320E-2
 1.370860E+1 2.494160E+0 4.119490E+0 8.716730E-1 4.697410E-1 8.237400E-2
 1.716320E+1 2.987040E+0 5.366940E+0 1.090210E+0 6.868100E-1 1.346020E-1
 2.136030E+1 3.552560E+0 6.903580E+0 1.335600E+0 9.677510E-1 2.019120E-1
 2.654530E+1 4.198750E+0 8.797950E+0 1.610680E+0 1.325210E+0 2.825510E-1
 3.282990E+1 4.955260E+0 1.114690E+1 1.927050E+0 1.779930E+0 3.763150E-1
 1.534660E-1 1.767920E-2 5.650070E-3 1.590260E-5 4.751430E-4 1.529610E-7
 2.172510E-1 3.256480E-2 7.396200E-3 3.280820E-5 4.273580E-4 2.179120E-7
 3.047850E-1 5.585850E-2 1.038070E-2 7.232380E-5 4.721090E-4 3.811240E-7
 4.158210E-1 8.668420E-2 1.557230E-2 1.695060E-4 5.829840E-4 7.448160E-7
 5.556880E-1 1.256250E-1 2.469810E-2 4.167950E-4 7.886370E-4 1.592330E-6
 7.427430E-1 1.737780E-1 4.075970E-2 1.052720E-3 1.158480E-3 3.692230E-6
 9.659740E-1 2.248500E-1 6.859470E-2 2.664050E-3 1.828870E-3 9.177720E-6
 1.285990E+0 2.923780E-1 1.158140E-1 6.600630E-3 3.061910E-3 2.410360E-5
 1.665440E+0 3.693730E-1 1.927400E-1 1.556050E-2 5.355740E-3 6.575120E-5
 2.172320E+0 4.683750E-1 3.123650E-1 3.418740E-2 9.639500E-3 1.829310E-4
 2.807200E+0 5.903040E-1 4.869280E-1 6.822160E-2 1.757800E-2 5.087290E-4
 3.596870E+0 7.457510E-1 7.287080E-1 1.235540E-1 3.198490E-2 1.383640E-3
 4.748060E+0 9.513130E-1 1.061090E+0 2.045080E-1 5.736910E-2 3.606780E-3
 6.013040E+0 1.181750E+0 1.480280E+0 3.080960E-1 9.964730E-2 8.760510E-3
 7.573370E+0 1.451290E+0 2.012210E+0 4.331090E-1 1.659870E-1 1.944680E-2
 9.487050E+0 1.765950E+0 2.686860E+0 5.787160E-1 2.645440E-1 3.904530E-2
 1.186990E+1 2.123550E+0 3.524680E+0 7.417180E-1 4.006980E-1 7.008760E-2
 1.473940E+1 2.534550E+0 4.558940E+0 9.248000E-1 5.816650E-1 1.141910E-1
 1.832940E+1 3.008540E+0 5.869640E+0 1.130780E+0 8.197540E-1 1.709400E-1
 2.263390E+1 3.548350E+0 7.463170E+0 1.360970E+0 1.121650E+0 2.386990E-1
 2.795060E+1 4.180030E+0 9.446290E+0 1.625370E+0 1.504510E+0 3.173160E-1
 1.523750E-1 1.765010E-2 6.548420E-3 1.843510E-5 0.000000E+6 0.000000E+6
 2.186380E-1 3.285940E-2 8.178490E-3 3.636450E-5 6.982730E-4 3.561540E-7
 2.940930E-1 5.365470E-2 1.099920E-2 7.662330E-5 6.077470E-4 4.906760E-7
 4.021200E-1 8.357870E-2 1.581470E-2 1.721670E-4 6.805590E-4 8.693950E-7
 5.285550E-1 1.194880E-1 2.416350E-2 4.078580E-4 8.612000E-4 1.738980E-6
 6.926920E-1 1.611570E-1 3.868730E-2 1.000230E-3 1.198680E-3 3.820250E-6
 8.952220E-1 2.080360E-1 6.363790E-2 2.473770E-3 1.809820E-3 9.082810E-6
 1.160000E+0 2.642900E-1 1.055400E-1 6.018350E-3 2.922590E-3 2.300840E-5
 1.503650E+0 3.313750E-1 1.730910E-1 1.398630E-2 4.968070E-3 6.099660E-5
 1.934690E+0 4.123790E-1 2.765450E-1 3.020860E-2 8.743790E-3 1.659170E-4
 2.522140E+0 5.150570E-1 4.270660E-1 5.954150E-2 1.564540E-2 4.520190E-4
 3.232080E+0 6.551240E-1 6.377290E-1 1.079740E-1 2.817230E-2 1.219180E-3
 4.163220E+0 8.223700E-1 9.174970E-1 1.766640E-1 4.994770E-2 3.140590E-3
 5.243310E+0 1.015600E+0 1.273410E+0 2.646130E-1 8.601280E-2 7.562220E-3
 6.571280E+0 1.241160E+0 1.723510E+0 3.701690E-1 1.422820E-1 1.667020E-2
 8.193820E+0 1.503640E+0 2.292340E+0 4.925060E-1 2.255240E-1 3.328450E-2
 1.021020E+1 1.801450E+0 2.997530E+0 6.289690E-1 3.401470E-1 5.948640E-2
 1.265390E+1 2.142120E+0 3.867610E+0 7.814510E-1 4.921270E-1 9.651770E-2
 1.566330E+1 2.534270E+0 4.954880E+0 9.524160E-1 6.898420E-1 1.439870E-1
 1.936860E+1 2.983710E+0 6.302020E+0 1.144160E+0 9.423030E-1 2.007030E-1
 2.375380E+1 3.507930E+0 7.961280E+0 1.363870E+0 1.263200E+0 2.662570E-1
 1.546230E-1 1.782210E-2 8.237170E-3 2.317710E-5 0.000000E+6 0.000000E+6
 2.122630E-1 3.157690E-2 9.651800E-3 4.277210E-5 0.000000E+6 0.000000E+6
 2.879130E-1 5.255810E-2 1.223460E-2 8.522010E-5 1.405490E-3 1.134740E-6
 3.807060E-1 7.955510E-2 1.665290E-2 1.813280E-4 9.331010E-4 1.192050E-6
 4.986420E-1 1.125360E-1 2.422190E-2 4.090000E-4 1.025210E-3 2.070170E-6
 6.429280E-1 1.488080E-1 3.717730E-2 9.614030E-4 1.308880E-3 4.171600E-6
 8.303480E-1 1.917750E-1 5.922320E-2 2.305180E-3 1.851660E-3 9.292890E-6
 1.048270E+0 2.352710E-1 9.564730E-2 5.455710E-3 2.840350E-3 2.236240E-5
 1.347490E+0 2.935680E-1 1.539580E-1 1.244090E-2 4.637810E-3 5.694760E-5
 1.732910E+0 3.637320E-1 2.426850E-1 2.654210E-2 7.912210E-3 1.501880E-4
 2.209820E+0 4.477670E-1 3.696040E-1 5.178910E-2 1.384440E-2 4.006890E-4
 2.803190E+0 5.591950E-1 5.446260E-1 9.214040E-2 2.442490E-2 1.057120E-3
 3.577630E+0 6.951300E-1 7.762380E-1 1.492870E-1 4.268200E-2 2.683710E-3
 4.465050E+0 8.524440E-1 1.069380E+0 2.220670E-1 7.281030E-2 6.401020E-3
 5.569960E+0 1.034440E+0 1.438850E+0 3.083600E-1 1.190850E-1 1.395260E-2
 6.900360E+0 1.245220E+0 1.902260E+0 4.076280E-1 1.871020E-1 2.761130E-2
 8.569140E+0 1.484620E+0 2.477530E+0 5.181730E-1 2.806620E-1 4.909980E-2
 1.058260E+1 1.758000E+0 3.190320E+0 6.410160E-1 4.046010E-1 7.921330E-2
 1.303860E+1 2.071620E+0 4.072560E+0 7.782730E-1 5.648910E-1 1.176870E-1
 1.603100E+1 2.433420E+0 5.160340E+0 9.329860E-1 7.688370E-1 1.636850E-1
 1.960630E+1 2.853200E+0 6.505530E+0 1.109170E+0 1.028070E+0 2.165340E-1
 1.577630E-1 1.833790E-2 1.142380E-2 3.215270E-5 0.000000E+6 0.000000E+6
 2.186980E-1 3.261770E-2 1.212780E-2 5.377900E-5 0.000000E+6 0.000000E+6
 2.879160E-1 5.230440E-2 1.426490E-2 9.934940E-5 0.000000E+6 0.000000E+6
 3.732230E-1 7.771030E-2 1.824680E-2 1.986000E-4 0.000000E+6 0.000000E+6
 4.844460E-1 1.088330E-1 2.516120E-2 4.247980E-4 1.472940E-3 2.974380E-6
 6.097930E-1 1.401960E-1 3.682880E-2 9.527280E-4 1.554360E-3 4.954190E-6
 7.677090E-1 1.757920E-1 5.637640E-2 2.195090E-3 1.996010E-3 1.001730E-5
 9.690070E-1 2.164510E-1 8.840030E-2 5.049270E-3 2.864480E-3 2.255310E-5
 1.223010E+0 2.626530E-1 1.388290E-1 1.122400E-2 4.450540E-3 5.465180E-5
 1.538410E+0 3.189410E-1 2.143980E-1 2.341190E-2 7.312640E-3 1.388160E-4
 1.962270E+0 3.932590E-1 3.232200E-1 4.531250E-2 1.243950E-2 3.601200E-4
 2.450100E+0 4.806980E-1 4.691740E-1 7.928840E-2 2.146150E-2 9.289340E-4
 3.096790E+0 5.919600E-1 6.618890E-1 1.271890E-1 3.686460E-2 2.318270E-3
 3.840650E+0 7.198570E-1 9.049130E-1 1.874740E-1 6.193850E-2 5.446050E-3
 4.743490E+0 8.690790E-1 1.209570E+0 2.590800E-1 1.006870E-1 1.179830E-2
 5.849020E+0 1.038450E+0 1.588050E+0 3.398380E-1 1.565330E-1 2.309210E-2
 7.196450E+0 1.233070E+0 2.062790E+0 4.302740E-1 2.334660E-1 4.084160E-2
 8.837690E+0 1.452200E+0 2.634420E+0 5.294810E-1 3.343910E-1 6.551160E-2
 1.088970E+1 1.703970E+0 3.360430E+0 6.400300E-1 4.648980E-1 9.682860E-2
 1.332760E+1 1.994260E+0 4.243760E+0 7.645030E-1 6.303630E-1 1.341600E-1
 1.629490E+1 2.329680E+0 5.331460E+0 9.055350E-1 8.385400E-1 1.768200E-1
 1.694980E-1 1.938520E-2 1.978870E-2 5.558370E-5 0.000000E+6 0.000000E+6
 2.262740E-1 3.357900E-2 1.598430E-2 7.088640E-5 0.000000E+6 0.000000E+6
 2.904760E-1 5.283460E-2 1.706170E-2 1.188410E-4 0.000000E+6 0.000000E+6
 3.731960E-1 7.759180E-2 2.046580E-2 2.229190E-4 0.000000E+6 0.000000E+6
 4.680060E-1 1.040860E-1 2.672590E-2 4.511210E-4 0.000000E+6 0.000000E+6
 5.870840E-1 1.341660E-1 3.748360E-2 9.697350E-4 2.133350E-3 6.799830E-6
 7.364230E-1 1.670930E-1 5.531780E-2 2.153880E-3 2.271220E-3 1.139910E-5
 9.307560E-1 2.038260E-1 8.426330E-2 4.814800E-3 2.998470E-3 2.360820E-5
 1.135310E+0 2.415250E-1 1.292950E-1 1.045670E-2 4.415990E-3 5.423120E-5
 1.416120E+0 2.897780E-1 1.963370E-1 2.146070E-2 6.985810E-3 1.326150E-4
 1.760500E+0 3.501150E-1 2.909270E-1 4.077030E-2 1.155600E-2 3.345590E-4
 2.190350E+0 4.267060E-1 4.181070E-1 7.063200E-2 1.952420E-2 8.451070E-4
 2.773050E+0 5.226700E-1 5.851970E-1 1.123710E-1 3.300760E-2 2.075750E-3
 3.415310E+0 6.310690E-1 7.943140E-1 1.643870E-1 5.478040E-2 4.816710E-3
 4.189830E+0 7.561920E-1 1.054910E+0 2.253980E-1 8.801450E-2 1.031290E-2
 5.133190E+0 8.998350E-1 1.378430E+0 2.944530E-1 1.360760E-1 2.007350E-2
 6.296200E+0 1.063770E+0 1.782800E+0 3.711210E-1 2.018570E-1 3.530970E-2
 7.687270E+0 1.248190E+0 2.270210E+0 4.550080E-1 2.874060E-1 5.637130E-2
 9.428580E+0 1.457950E+0 2.881730E+0 5.475590E-1 3.980370E-1 8.288750E-2
 1.146550E+1 1.703980E+0 3.633980E+0 6.531700E-1 5.390000E-1 1.146510E-1
 1.400750E+1 1.982000E+0 4.549240E+0 7.703550E-1 7.136340E-1 1.504200E-1
 1.776180E-1 2.081610E-2 0.000000E+6 0.000000E+6 0.000000E+6 0.000000E+6
 2.361890E-1 3.507930E-2 3.100870E-2 1.374530E-4 0.000000E+6 0.000000E+6
 3.011540E-1 5.498120E-2 2.277020E-2 1.586040E-4 0.000000E+6 0.000000E+6
 3.772460E-1 7.774990E-2 2.434890E-2 2.650900E-4 0.000000E+6 0.000000E+6
 4.667240E-1 1.033900E-1 2.962610E-2 5.003150E-4 0.000000E+6 0.000000E+6
 5.736800E-1 1.304410E-1 3.926970E-2 1.016180E-3 0.000000E+6 0.000000E+6
 7.030510E-1 1.578160E-1 5.550240E-2 2.161310E-3 3.207660E-3 1.609860E-5
 8.680090E-1 1.884250E-1 8.156050E-2 4.659030E-3 3.367630E-3 2.651570E-5
 1.065280E+0 2.239520E-1 1.218990E-1 9.866640E-3 4.540430E-3 5.576290E-5
 1.314490E+0 2.652850E-1 1.813000E-1 1.983200E-2 6.814190E-3 1.293630E-4
 1.610640E+0 3.166150E-1 2.641590E-1 3.698940E-2 1.087370E-2 3.148190E-4
 2.004590E+0 3.826350E-1 3.752520E-1 6.338130E-2 1.790660E-2 7.751360E-4
 2.484960E+0 4.620010E-1 5.184420E-1 9.949200E-2 2.969180E-2 1.867280E-3
 3.036430E+0 5.534270E-1 6.978150E-1 1.442710E-1 4.857010E-2 4.270670E-3
 3.704850E+0 6.585370E-1 9.202260E-1 1.963380E-1 7.715980E-2 9.040980E-3
 4.507750E+0 7.800220E-1 1.198120E+0 2.552850E-1 1.184380E-1 1.747700E-2
 5.489310E+0 9.159280E-1 1.537740E+0 3.195330E-1 1.742060E-1 3.046920E-2
 6.666340E+0 1.068520E+0 1.952680E+0 3.894720E-1 2.470480E-1 4.828550E-2
 8.101440E+0 1.243990E+0 2.459100E+0 4.672120E-1 3.399810E-1 7.078970E-2
 9.849020E+0 1.445450E+0 3.093240E+0 5.540260E-1 4.581520E-1 9.725480E-2
 1.199490E+1 1.678040E+0 3.860680E+0 6.521540E-1 6.045480E-1 1.273750E-1
 2.054550E-1 2.422910E-2 0.000000E+6 0.000000E+6 0.000000E+6 0.000000E+6
 2.549760E-1 3.880980E-2 0.000000E+6 0.000000E+6 0.000000E+6 0.000000E+6
 3.137000E-1 5.830170E-2 0.000000E+6 0.000000E+6 0.000000E+6 0.000000E+6
 4.077410E-1 8.378720E-2 3.585500E-2 3.904750E-4 0.000000E+6 0.000000E+6
 4.797070E-1 1.053600E-1 3.643100E-2 6.152710E-4 0.000000E+6 0.000000E+6
 5.777400E-1 1.299340E-1 4.388850E-2 1.135820E-3 0.000000E+6 0.000000E+6
 6.873210E-1 1.527370E-1 5.790530E-2 2.255440E-3 0.000000E+6 0.000000E+6
 8.419470E-1 1.803920E-1 8.097190E-2 4.626940E-3 6.695550E-3 5.272020E-5
 1.000390E+0 2.070360E-1 1.161960E-1 9.399680E-3 5.209320E-3 6.397920E-5
 1.220870E+0 2.421620E-1 1.677870E-1 1.836090E-2 6.935770E-3 1.316780E-4
 1.466210E+0 2.835480E-1 2.388930E-1 3.345160E-2 1.039700E-2 3.010390E-4
 1.798060E+0 3.377750E-1 3.331780E-1 5.624410E-2 1.645140E-2 7.120800E-4
 2.198650E+0 4.027080E-1 4.535070E-1 8.697290E-2 2.652870E-2 1.668410E-3
 2.658660E+0 4.773040E-1 6.032880E-1 1.246020E-1 4.252080E-2 3.739000E-3
 3.213360E+0 5.626770E-1 7.877930E-1 1.678630E-1 6.651560E-2 7.794300E-3
 3.876940E+0 6.611210E-1 1.017210E+0 2.164140E-1 1.008840E-1 1.488760E-2
 4.684900E+0 7.706400E-1 1.296060E+0 2.688510E-1 1.469700E-1 2.570730E-2
 5.662710E+0 8.950170E-1 1.637990E+0 3.261900E-1 2.070280E-1 4.051960E-2
 6.830080E+0 1.033750E+0 2.053290E+0 3.881890E-1 2.830880E-1 5.883420E-2
 8.294600E+0 1.194970E+0 2.566290E+0 4.579290E-1 3.786520E-1 8.038850E-2
 9.999400E+0 1.380370E+0 3.187870E+0 5.363970E-1 4.977720E-1 1.047360E-1
 2.534650E-1 3.028390E-2 0.000000E+6 0.000000E+6 0.000000E+6 0.000000E+6
 3.104420E-1 4.795040E-2 0.000000E+6 0.000000E+6 0.000000E+6 0.000000E+6
 3.714120E-1 6.961670E-2 0.000000E+6 0.000000E+6 0.000000E+6 0.000000E+6
 4.353340E-1 9.285330E-2 0.000000E+6 0.000000E+6 0.000000E+6 0.000000E+6
 5.081490E-1 1.115060E-1 6.109800E-2 1.032300E-3 0.000000E+6 0.000000E+6
 5.972150E-1 1.333480E-1 5.488200E-2 1.420460E-3 0.000000E+6 0.000000E+6
 6.919300E-1 1.520460E-1 6.454570E-2 2.514270E-3 0.000000E+6 0.000000E+6
 8.247350E-1 1.745350E-1 8.388410E-2 4.794560E-3 0.000000E+6 0.000000E+6
 9.615280E-1 1.952870E-1 1.143680E-1 9.257450E-3 0.000000E+6 0.000000E+6
 1.144950E+0 2.241250E-1 1.591700E-1 1.741880E-2 8.222510E-3 1.561220E-4
 1.371970E+0 2.594770E-1 2.205210E-1 3.088360E-2 1.049690E-2 3.039350E-4
 1.636630E+0 3.025700E-1 3.006550E-1 5.074410E-2 1.555140E-2 6.731850E-4
 1.968670E+0 3.554460E-1 4.020860E-1 7.706370E-2 2.413900E-2 1.518170E-3
 2.351970E+0 4.161830E-1 5.275040E-1 1.088470E-1 3.771600E-2 3.316470E-3
 2.811260E+0 4.854130E-1 6.809210E-1 1.449270E-1 5.792960E-2 6.788290E-3
 3.356620E+0 5.641260E-1 8.690200E-1 1.846990E-1 8.649110E-2 1.276270E-2
 4.024630E+0 6.530920E-1 1.099970E+0 2.278550E-1 1.248590E-1 2.184090E-2
 4.833150E+0 7.519180E-1 1.379730E+0 2.740130E-1 1.742490E-1 3.405820E-2
 5.804100E+0 8.634280E-1 1.717240E+0 3.241840E-1 2.362540E-1 4.917140E-2
 6.939730E+0 9.921820E-1 2.133700E+0 3.802190E-1 3.147720E-1 6.677530E-2
 8.325720E+0 1.140190E+0 2.637870E+0 4.430560E-1 4.117470E-1 8.652660E-2
 2.943090E-1 3.515090E-2 0.000000E+6 0.000000E+6 0.000000E+6 0.000000E+6
 3.539420E-1 5.459270E-2 0.000000E+6 0.000000E+6 0.000000E+6 0.000000E+6
 4.148960E-1 7.758590E-2 0.000000E+6 0.000000E+6 0.000000E+6 0.000000E+6
 4.759870E-1 1.011270E-1 0.000000E+6 0.000000E+6 0.000000E+6 0.000000E+6
 5.384100E-1 1.226500E-1 0.000000E+6 0.000000E+6 0.000000E+6 0.000000E+6
 6.418740E-1 1.421040E-1 9.871370E-2 2.555960E-3 0.000000E+6 0.000000E+6
 7.227310E-1 1.572480E-1 7.848580E-2 3.058120E-3 0.000000E+6 0.000000E+6
 8.291950E-1 1.738630E-1 9.128780E-2 5.218270E-3 0.000000E+6 0.000000E+6
 9.660380E-1 1.933530E-1 1.171690E-1 9.486620E-3 0.000000E+6 0.000000E+6
 1.115760E+0 2.150260E-1 1.561890E-1 1.709290E-2 0.000000E+6 0.000000E+6
 1.306010E+0 2.437810E-1 2.102320E-1 2.943340E-2 1.241310E-2 3.594340E-4
 1.535630E+0 2.801600E-1 2.804230E-1 4.731740E-2 1.549900E-2 6.709370E-4
 1.818360E+0 3.244080E-1 3.686090E-1 7.061190E-2 2.278060E-2 1.432850E-3
 2.147010E+0 3.754210E-1 4.770440E-1 9.836130E-2 3.457780E-2 3.040600E-3
 2.540380E+0 4.333850E-1 6.089330E-1 1.294840E-1 5.212840E-2 6.108530E-3
 3.004290E+0 4.992170E-1 7.698520E-1 1.634800E-1 7.680020E-2 1.133550E-2
 3.571500E+0 5.731910E-1 9.665020E-1 1.999730E-1 1.097320E-1 1.919410E-2
 4.257870E+0 6.551150E-1 1.203690E+0 2.387080E-1 1.518770E-1 2.968180E-2
 5.078150E+0 7.473840E-1 1.488590E+0 2.805780E-1 2.045110E-1 4.255590E-2
 6.031740E+0 8.538760E-1 1.839010E+0 3.271800E-1 2.708650E-1 5.744970E-2
 7.231980E+0 9.756170E-1 2.263150E+0 3.790470E-1 3.520780E-1 7.399120E-2
---