PdfType: central
Format: lhagrid1
---
 1.000000E-6 1.700000E-6 3.200000E-6 6.000000E-6 1.000000E-5 1.700000E-5 3.200000E-5 6.000000E-5 1.000000E-4 1.700000E-4 3.200000E-4 6.000000E-4 1.000000E-3 1.700000E-3 3.200000E-3 6.000000E-3 1.000000E-2 1.700000E-2 3.200000E-2 6.000000E-2 1.000000E-1
 3.162278E-1 3.981068E-1 5.011876E-1 6.309572E-1 7.943280E-1 1.000000E+0 1.258924E+0 1.584894E+0 1.995262E+0 2.511886E+0 3.162278E+0 3.981068E+0 5.011876E+0 6.309572E+0 7.943280E+0 1.000000E+1 1.258924E+1 1.584894E+1 1.995262E+1 2.511886E+1 3.162278E+1
900 901 917 918 920 921
 9.431100E+0 8.944350E-1 3.224120E-1 8.902020E-4 8.022910E-3 2.582160E-6
 1.478040E+1 1.832670E+0 5.965570E-1 2.593410E-3 1.405520E-2 7.162530E-6
 2.248250E+1 3.410100E+0 1.110050E+0 7.576060E-3 2.552030E-2 2.057760E-5
 3.382990E+1 5.986080E+0 2.106870E+0 2.246080E-2 4.780590E-2 6.093830E-5
 4.998510E+1 9.764700E+0 4.015410E+0 6.614760E-2 9.156120E-2 1.841670E-4
 7.383790E+1 1.538090E+1 7.548120E+0 1.899100E-1 1.780060E-1 5.644210E-4
 1.080830E+2 2.360780E+1 1.386030E+1 5.250310E-1 3.496190E-1 1.745510E-3
 1.675990E+2 3.708830E+1 2.631700E+1 1.454870E+0 7.211200E-1 5.642330E-3
 2.677700E+2 6.054650E+1 5.077430E+1 3.982480E+0 1.567380E+0 1.908340E-2
 4.035310E+2 9.242710E+1 8.998170E+1 9.574650E+0 3.305710E+0 6.219030E-2
 5.862480E+2 1.389810E+2 1.508300E+2 2.088470E+1 6.852390E+0 1.962910E-1
 8.383930E+2 2.033510E+2 2.378720E+2 4.059050E+1 1.361840E+1 5.829940E-1
 1.178120E+3 2.918480E+2 3.643090E+2 7.218160E+1 2.620560E+1 1.629360E+0
 1.630450E+3 4.122380E+2 5.345570E+2 1.182840E+2 4.785870E+1 4.168710E+0
 2.197570E+3 5.621000E+2 7.539970E+2 1.794350E+2 8.275350E+1 9.662180E+0
 2.988640E+3 7.618220E+2 1.055500E+3 2.615090E+2 1.365990E+2 2.031200E+1
 3.969310E+3 9.918080E+2 1.436600E+3 3.575480E+2 2.119230E+2 3.759090E+1
 5.612520E+3 1.294130E+3 2.025360E+3 4.816260E+2 3.189010E+2 6.431190E+1
 7.093010E+3 1.619470E+3 2.637910E+3 6.175160E+2 4.586620E+2 9.897240E+1
 9.252270E+3 2.076190E+3 3.479370E+3 8.043740E+2 6.426030E+2 1.471550E+2
 1.361540E+4 2.730520E+3 5.133720E+3 1.067190E+3 9.512420E+2 2.124440E+2
 9.177210E+0 8.863880E-1 3.040770E-1 8.402690E-4 7.896550E-3 2.541990E-6
 1.421840E+1 1.766410E+0 5.537590E-1 2.406260E-3 1.350840E-2 6.885320E-6
 2.166170E+1 3.332070E+0 1.025430E+0 7.003580E-3 2.405390E-2 1.940180E-5
 3.249510E+1 5.813120E+0 1.909840E+0 2.036410E-2 4.421440E-2 5.639290E-5
 4.816250E+1 9.612400E+0 3.597860E+0 5.947850E-2 8.354490E-2 1.682120E-4
 7.061640E+1 1.497040E+1 6.819510E+0 1.723300E-1 1.605700E-1 5.093280E-4
 1.022930E+2 2.235790E+1 1.251830E+1 4.739720E-1 3.133050E-1 1.563910E-3
 1.554280E+2 3.496070E+1 2.355860E+1 1.308860E+0 6.402690E-1 5.010820E-3
 2.442210E+2 5.557870E+1 4.506190E+1 3.546970E+0 1.365340E+0 1.665830E-2
 3.664540E+2 8.441290E+1 8.008590E+1 8.552890E+0 2.854300E+0 5.371530E-2
 5.286350E+2 1.253120E+2 1.335820E+2 1.857690E+1 5.906240E+0 1.695780E-1
 7.516250E+2 1.827160E+2 2.110590E+2 3.602940E+1 1.171580E+1 5.019290E-1
 1.054090E+3 2.622380E+2 3.209740E+2 6.419840E+1 2.238500E+1 1.397620E+0
 1.460990E+3 3.678040E+2 4.725300E+2 1.050100E+2 4.103240E+1 3.579600E+0
 1.961920E+3 4.989390E+2 6.652410E+2 1.585670E+2 7.097930E+1 8.315920E+0
 2.670160E+3 6.583430E+2 9.297220E+2 2.253320E+2 1.169260E+2 1.730670E+1
 3.535120E+3 8.656190E+2 1.266750E+3 3.111210E+2 1.817180E+2 3.227770E+1
 5.473270E+3 1.218190E+3 1.957930E+3 4.508330E+2 2.910800E+2 5.809150E+1
 5.994470E+3 1.416050E+3 2.250340E+3 5.399400E+2 3.929470E+2 8.600970E+1
 7.940990E+3 1.767530E+3 2.989520E+3 6.845070E+2 5.498240E+2 1.248200E+2
 1.173250E+4 2.310430E+3 4.401900E+3 9.026340E+2 8.066450E+2 1.792890E+2
 8.764840E+0 8.598210E-1 2.878050E-1 7.996920E-4 7.885970E-3 2.538730E-6
 1.341070E+1 1.705320E+0 5.104000E-1 2.217570E-3 1.311310E-2 6.685210E-6
 2.043390E+1 3.217470E+0 9.342680E-1 6.385880E-3 2.274860E-2 1.835600E-5
 3.061130E+1 5.574110E+0 1.728410E+0 1.844960E-2 4.090090E-2 5.219180E-5
 4.512220E+1 9.047990E+0 3.218790E+0 5.324710E-2 7.574600E-2 1.526900E-4
 6.529040E+1 1.393840E+1 5.954170E+0 1.505360E-1 1.433940E-1 4.554540E-4
 9.448490E+1 2.111810E+1 1.098560E+1 4.185170E-1 2.760080E-1 1.378560E-3
 1.418380E+2 3.205430E+1 2.069020E+1 1.153350E+0 5.560750E-1 4.354060E-3
 2.203860E+2 5.099280E+1 3.920300E+1 3.102230E+0 1.157060E+0 1.412620E-2
 3.263220E+2 7.549540E+1 6.915200E+1 7.416750E+0 2.411840E+0 4.547460E-2
 4.708990E+2 1.122650E+2 1.157710E+2 1.619980E+1 4.932330E+0 1.417540E-1
 6.607290E+2 1.594580E+2 1.818770E+2 3.097770E+1 9.759610E+0 4.183700E-1
 9.249340E+2 2.274590E+2 2.765400E+2 5.494440E+1 1.859990E+1 1.157320E+0
 1.271730E+3 3.133290E+2 4.023690E+2 8.843660E+1 3.416500E+1 2.972960E+0
 1.708380E+3 4.242700E+2 5.710020E+2 1.338590E+2 5.903700E+1 6.890360E+0
 2.278610E+3 5.604250E+2 7.916150E+2 1.909590E+2 9.704930E+1 1.435250E+1
 3.037690E+3 7.270020E+2 1.073650E+3 2.611220E+2 1.515280E+2 2.692830E+1
 4.616590E+3 1.007450E+3 1.636100E+3 3.723310E+2 2.394280E+2 4.770010E+1
 5.098750E+3 1.183140E+3 1.894170E+3 4.508180E+2 3.258740E+2 7.146300E+1
 6.748680E+3 1.459250E+3 2.524910E+3 5.645260E+2 4.552840E+2 1.023320E+2
 9.822660E+3 1.879850E+3 3.655920E+3 7.340660E+2 6.597590E+2 1.454430E+2
 8.297890E+0 8.314930E-1 2.777400E-1 7.757180E-4 7.934360E-3 2.554440E-6
 1.270090E+1 1.649640E+0 4.819180E-1 2.103240E-3 1.287200E-2 6.563260E-6
 1.921930E+1 3.099330E+0 8.601940E-1 5.877680E-3 2.183420E-2 1.762310E-5
 2.853220E+1 5.279020E+0 1.567360E+0 1.675320E-2 3.838800E-2 4.900620E-5
 4.168820E+1 8.551770E+0 2.893540E+0 4.796880E-2 6.971410E-2 1.406040E-4
 6.081460E+1 1.324390E+1 5.350230E+0 1.354890E-1 1.298780E-1 4.130220E-4
 8.638140E+1 1.941210E+1 9.689680E+0 3.696250E-1 2.460530E-1 1.229650E-3
 1.287790E+2 2.944250E+1 1.803110E+1 1.007790E+0 4.837050E-1 3.788270E-3
 1.974680E+2 4.515110E+1 3.384260E+1 2.675350E+0 9.896990E-1 1.207810E-2
 2.896280E+2 6.763860E+1 5.960420E+1 6.421940E+0 2.038600E+0 3.846170E-2
 4.144630E+2 9.798810E+1 9.931000E+1 1.385000E+1 4.126720E+0 1.187980E-1
 5.787640E+2 1.400480E+2 1.566060E+2 2.674380E+1 8.160990E+0 3.505470E-1
 8.000510E+2 1.950430E+2 2.353480E+2 4.670430E+1 1.553060E+1 9.686800E-1
 1.090930E+3 2.681170E+2 3.450440E+2 7.545030E+1 2.833420E+1 2.471590E+0
 1.487470E+3 3.623930E+2 4.878610E+2 1.137970E+2 4.922880E+1 5.756900E+0
 1.933860E+3 4.741110E+2 6.682830E+2 1.610640E+2 8.063770E+1 1.194350E+1
 2.629890E+3 6.128310E+2 9.203050E+2 2.192760E+2 1.262080E+2 2.231220E+1
 3.414750E+3 7.793450E+2 1.225720E+3 2.891030E+2 1.876420E+2 3.764680E+1
 4.402930E+3 9.844360E+2 1.619770E+3 3.743050E+2 2.705480E+2 5.875130E+1
 5.760630E+3 1.207860E+3 2.131900E+3 4.668250E+2 3.766650E+2 8.421260E+1
 8.159860E+3 1.531760E+3 3.024780E+3 5.978960E+2 5.395350E+2 1.182420E+2
 8.013160E+0 8.179980E-1 2.722180E-1 7.613580E-4 8.038300E-3 2.588390E-6
 1.228430E+1 1.602980E+0 4.657300E-1 2.042720E-3 1.273210E-2 6.492260E-6
 1.831920E+1 2.944780E+0 8.135210E-1 5.561330E-3 2.123380E-2 1.714000E-5
 2.713100E+1 5.122050E+0 1.461570E+0 1.560870E-2 3.679690E-2 4.698680E-5
 3.936060E+1 8.189370E+0 2.656450E+0 4.399470E-2 6.571340E-2 1.325830E-4
 5.681660E+1 1.253670E+1 4.889600E+0 1.242490E-1 1.207830E-1 3.843620E-4
 8.152060E+1 1.846730E+1 8.882360E+0 3.392740E-1 2.264020E-1 1.132730E-3
 1.190740E+2 2.724630E+1 1.629790E+1 9.128080E-1 4.370260E-1 3.424030E-3
 1.806070E+2 4.163420E+1 3.023070E+1 2.398120E+0 8.795730E-1 1.073380E-2
 2.622290E+2 6.162390E+1 5.293530E+1 5.735910E+0 1.781740E+0 3.362950E-2
 3.719470E+2 8.752710E+1 8.795070E+1 1.224430E+1 3.590860E+0 1.033120E-1
 5.225230E+2 1.254340E+2 1.382970E+2 2.369250E+1 7.070870E+0 3.042300E-1
 7.145680E+2 1.728980E+2 2.077830E+2 4.109730E+1 1.340930E+1 8.380410E-1
 9.808800E+2 2.384450E+2 3.031570E+2 6.634770E+1 2.441660E+1 2.133890E+0
 1.306990E+3 3.179770E+2 4.281970E+2 9.941390E+1 4.226000E+1 4.945260E+0
 1.732790E+3 4.122470E+2 5.893380E+2 1.395430E+2 6.925740E+1 1.024130E+1
 2.344800E+3 5.325670E+2 8.098800E+2 1.898410E+2 1.081640E+2 1.905100E+1
 3.067400E+3 6.748500E+2 1.085400E+3 2.497040E+2 1.611460E+2 3.220470E+1
 3.928540E+3 8.382640E+2 1.421740E+3 3.182660E+2 2.312960E+2 4.973600E+1
 4.932260E+3 1.030920E+3 1.822710E+3 3.983320E+2 3.212260E+2 7.166260E+1
 7.047710E+3 1.298680E+3 2.595180E+3 5.067290E+2 4.576940E+2 1.000490E+2
 7.675690E+0 7.916030E-1 2.699940E-1 7.554310E-4 8.275150E-3 2.664510E-6
 1.170680E+1 1.550760E+0 4.527790E-1 1.994170E-3 1.268250E-2 6.466950E-6
 1.733400E+1 2.854360E+0 7.799030E-1 5.354150E-3 2.065050E-2 1.667140E-5
 2.544520E+1 4.816580E+0 1.371460E+0 1.463250E-2 3.530410E-2 4.509100E-5
 3.717210E+1 7.769880E+0 2.460050E+0 4.067450E-2 6.234620E-2 1.258300E-4
 5.305080E+1 1.182770E+1 4.452740E+0 1.129300E-1 1.127230E-1 3.588790E-4
 7.523650E+1 1.731370E+1 8.069780E+0 3.086810E-1 2.088700E-1 1.046150E-3
 1.101230E+2 2.547610E+1 1.468810E+1 8.230970E-1 3.967920E-1 3.110940E-3
 1.640380E+2 3.788330E+1 2.672850E+1 2.129040E+0 7.808750E-1 9.535470E-3
 2.372770E+2 5.502340E+1 4.669970E+1 5.047500E+0 1.559420E+0 2.944020E-2
 3.363400E+2 7.904970E+1 7.727930E+1 1.077180E+1 3.116610E+0 8.969590E-2
 4.662380E+2 1.113380E+2 1.214670E+2 2.078540E+1 6.091390E+0 2.620750E-1
 6.371440E+2 1.537730E+2 1.823850E+2 3.614960E+1 1.154930E+1 7.226660E-1
 8.606720E+2 2.071490E+2 2.638720E+2 5.755790E+1 2.090300E+1 1.828820E+0
 1.154760E+3 2.762280E+2 3.729710E+2 8.609630E+1 3.621640E+1 4.241220E+0
 1.529960E+3 3.603010E+2 5.148230E+2 1.216110E+2 5.926130E+1 8.790610E+0
 2.067780E+3 4.624190E+2 7.096160E+2 1.645360E+2 9.270980E+1 1.635410E+1
 2.923270E+3 6.025890E+2 1.007910E+3 2.219210E+2 1.416350E+2 2.806710E+1
 3.331100E+3 7.124650E+2 1.209140E+3 2.704550E+2 1.961670E+2 4.214300E+1
 4.293910E+3 8.648910E+2 1.569880E+3 3.339470E+2 2.706760E+2 5.995280E+1
 6.019730E+3 1.091230E+3 2.205770E+3 4.256560E+2 3.856770E+2 8.392250E+1
 7.285280E+0 7.559610E-1 2.709280E-1 7.584250E-4 8.820720E-3 2.840520E-6
 1.096020E+1 1.463700E+0 4.435430E-1 1.955090E-3 1.288570E-2 6.570970E-6
 1.645500E+1 2.741950E+0 7.508180E-1 5.184540E-3 2.019170E-2 1.630140E-5
 2.397080E+1 4.667500E+0 1.294970E+0 1.385720E-2 3.354510E-2 4.284880E-5
 3.464350E+1 7.340990E+0 2.275760E+0 3.764630E-2 5.834480E-2 1.177870E-4
 4.895940E+1 1.110990E+1 4.043850E+0 1.027490E-1 1.045620E-1 3.330260E-4
 6.898510E+1 1.592920E+1 7.221990E+0 2.768630E-1 1.914200E-1 9.594920E-4
 9.979830E+1 2.311040E+1 1.295720E+1 7.282350E-1 3.569700E-1 2.803490E-3
 1.468710E+2 3.414600E+1 2.332420E+1 1.861900E+0 6.863490E-1 8.391450E-3
 2.102120E+2 4.884980E+1 4.036380E+1 4.379540E+0 1.343360E+0 2.535870E-2
 2.953650E+2 6.986880E+1 6.636810E+1 9.358250E+0 2.634420E+0 7.592520E-2
 4.093060E+2 9.645810E+1 1.038970E+2 1.778300E+1 5.093910E+0 2.192760E-1
 5.576810E+2 1.319230E+2 1.557090E+2 3.070100E+1 9.614140E+0 6.013670E-1
 7.393500E+2 1.770940E+2 2.248210E+2 4.885650E+1 1.745790E+1 1.530370E+0
 9.841160E+2 2.310870E+2 3.138570E+2 7.172370E+1 2.993270E+1 3.500510E+0
 1.297050E+3 3.003050E+2 4.323500E+2 1.010820E+2 4.915560E+1 7.282900E+0
 1.746900E+3 3.839560E+2 5.934990E+2 1.363200E+2 7.633970E+1 1.346110E+1
 2.448440E+3 4.942960E+2 8.356150E+2 1.818610E+2 1.161150E+2 2.295220E+1
 2.824180E+3 5.871050E+2 1.010410E+3 2.225930E+2 1.610520E+2 3.452220E+1
 3.602310E+3 7.141870E+2 1.314830E+3 2.755620E+2 2.236150E+2 4.928530E+1
 5.000310E+3 8.860380E+2 1.818500E+3 3.454770E+2 3.142280E+2 6.800790E+1
 6.999320E+0 7.292320E-1 2.738350E-1 7.670740E-4 9.742420E-3 3.137470E-6
 1.049900E+1 1.422320E+0 4.383220E-1 1.933870E-3 1.351870E-2 6.894820E-6
 1.568000E+1 2.605330E+0 7.286240E-1 5.045820E-3 2.018730E-2 1.629860E-5
 2.264760E+1 4.403220E+0 1.237070E+0 1.331890E-2 3.229580E-2 4.125670E-5
 3.221280E+1 6.868020E+0 2.133390E+0 3.532370E-2 5.468200E-2 1.104120E-4
 4.556930E+1 1.029740E+1 3.727210E+0 9.448450E-2 9.663230E-2 3.079060E-4
 6.418680E+1 1.511080E+1 6.543110E+0 2.504470E-1 1.754690E-1 8.798650E-4
 9.126990E+1 2.102310E+1 1.152570E+1 6.457380E-1 3.235880E-1 2.543960E-3
 1.309290E+2 3.041950E+1 2.043510E+1 1.630320E+0 6.072060E-1 7.433180E-3
 1.866980E+2 4.348850E+1 3.491290E+1 3.798130E+0 1.165250E+0 2.201820E-2
 2.601630E+2 6.054720E+1 5.715190E+1 7.996120E+0 2.252350E+0 6.484490E-2
 3.555850E+2 8.321720E+1 8.866150E+1 1.512720E+1 4.281290E+0 1.840290E-1
 4.840120E+2 1.132660E+2 1.328010E+2 2.619050E+1 8.059330E+0 5.052500E-1
 6.451290E+2 1.505370E+2 1.910920E+2 4.123600E+1 1.450510E+1 1.270910E+0
 8.494150E+2 1.971500E+2 2.671750E+2 6.088270E+1 2.489980E+1 2.917300E+0
 1.127100E+3 2.532160E+2 3.677380E+2 8.497450E+1 4.059030E+1 5.999040E+0
 1.494170E+3 3.191860E+2 4.956020E+2 1.131120E+2 6.276920E+1 1.111380E+1
 1.891390E+3 3.943710E+2 6.546000E+2 1.454430E+2 9.321610E+1 1.851450E+1
 2.426700E+3 4.846470E+2 8.596950E+2 1.834370E+2 1.332650E+2 2.826990E+1
 3.059300E+3 5.873010E+2 1.103320E+3 2.264270E+2 1.840510E+2 4.035770E+1
 4.152830E+3 7.201350E+2 1.498400E+3 2.806850E+2 2.561660E+2 5.517470E+1
 6.881130E+0 7.352030E-1 2.787200E-1 7.810480E-4 1.085970E-2 3.496970E-6
 1.041230E+1 1.448360E+0 4.346900E-1 1.919270E-3 1.443790E-2 7.364580E-6
 1.503710E+1 2.601580E+0 7.109930E-1 4.925800E-3 2.067260E-2 1.669150E-5
 2.178340E+1 4.310360E+0 1.199710E+0 1.296610E-2 3.183190E-2 4.066740E-5
 3.087590E+1 6.637480E+0 2.042950E+0 3.394870E-2 5.232320E-2 1.056540E-4
 4.334190E+1 9.920980E+0 3.520310E+0 8.922040E-2 9.058660E-2 2.886770E-4
 6.037060E+1 1.402380E+1 6.093190E+0 2.327170E-1 1.627390E-1 8.161160E-4
 8.489150E+1 1.970050E+1 1.060470E+1 5.961020E-1 2.988990E-1 2.350450E-3
 1.207410E+2 2.805900E+1 1.845720E+1 1.476970E+0 5.546750E-1 6.798840E-3
 1.695260E+2 3.887230E+1 3.111620E+1 3.379160E+0 1.045580E+0 1.977350E-2
 2.353000E+2 5.418200E+1 5.047720E+1 7.070630E+0 1.995580E+0 5.747370E-2
 3.209370E+2 7.402450E+1 7.815270E+1 1.333770E+1 3.786010E+0 1.630270E-1
 4.310410E+2 9.923820E+1 1.160480E+2 2.274790E+1 7.017140E+0 4.391670E-1
 5.708410E+2 1.318040E+2 1.668010E+2 3.592080E+1 1.254490E+1 1.099920E+0
 7.620280E+2 1.709990E+2 2.332070E+2 5.256950E+1 2.141200E+1 2.506360E+0
 9.861290E+2 2.168170E+2 3.171430E+2 7.253980E+1 3.469860E+1 5.128230E+0
 1.263410E+3 2.732970E+2 4.244530E+2 9.685960E+1 5.370520E+1 9.477610E+0
 1.673910E+3 3.376510E+2 5.690900E+2 1.242590E+2 7.938640E+1 1.570000E+1
 2.261500E+3 4.222980E+2 7.789130E+2 1.594050E+2 1.156430E+2 2.435370E+1
 2.600950E+3 4.979250E+2 9.392830E+2 1.919050E+2 1.562960E+2 3.413130E+1
 3.577990E+3 6.091450E+2 1.281180E+3 2.373600E+2 2.169680E+2 4.660710E+1
 6.680620E+0 7.086530E-1 2.883990E-1 8.085110E-4 1.251180E-2 4.028430E-6
 9.934410E+0 1.391400E+0 4.349170E-1 1.919350E-3 1.588520E-2 8.102060E-6
 1.442280E+1 2.406080E+0 6.943100E-1 4.811730E-3 2.173380E-2 1.754870E-5
 2.092770E+1 4.159200E+0 1.156090E+0 1.251290E-2 3.206100E-2 4.096010E-5
 2.931520E+1 6.404010E+0 1.964210E+0 3.285230E-2 5.074960E-2 1.024830E-4
 4.103360E+1 9.353590E+0 3.351340E+0 8.515410E-2 8.537020E-2 2.720830E-4
 5.612040E+1 1.300970E+1 5.714830E+0 2.176840E-1 1.505060E-1 7.551240E-4
 7.869450E+1 1.834290E+1 9.762880E+0 5.477250E-1 2.737820E-1 2.154040E-3
 1.104740E+2 2.570770E+1 1.671120E+1 1.333600E+0 5.054690E-1 6.199370E-3
 1.535810E+2 3.525900E+1 2.785010E+1 3.025660E+0 9.415190E-1 1.782740E-2
 2.110430E+2 4.801500E+1 4.463950E+1 6.236540E+0 1.766790E+0 5.091820E-2
 2.850830E+2 6.519680E+1 6.842750E+1 1.165240E+1 3.316330E+0 1.428410E-1
 3.809740E+2 8.762000E+1 1.016440E+2 1.997520E+1 6.095590E+0 3.817320E-1
 5.000660E+2 1.148470E+2 1.449960E+2 3.122260E+1 1.082050E+1 9.491890E-1
 6.573070E+2 1.480670E+2 2.017240E+2 4.544790E+1 1.838590E+1 2.151240E+0
 8.569170E+2 1.873770E+2 2.747200E+2 6.254690E+1 2.968610E+1 4.388140E+0
 1.106170E+3 2.331950E+2 3.666490E+2 8.248310E+1 4.566600E+1 8.034950E+0
 1.440770E+3 2.872400E+2 4.874480E+2 1.056370E+2 6.737360E+1 1.332970E+1
 1.853930E+3 3.499460E+2 6.394490E+2 1.322550E+2 9.606640E+1 2.028110E+1
 2.257510E+3 4.212520E+2 8.040770E+2 1.621960E+2 1.322730E+2 2.874270E+1
 3.046430E+3 5.105090E+2 1.084550E+3 1.988720E+2 1.821320E+2 3.902460E+1
 6.569660E+0 7.048170E-1 3.093170E-1 8.665670E-4 1.553790E-2 5.002490E-6
 9.708930E+0 1.360470E+0 4.452240E-1 1.966320E-3 1.854380E-2 9.457270E-6
 1.395420E+1 2.350650E+0 6.837090E-1 4.742090E-3 2.393940E-2 1.933310E-5
 2.012190E+1 3.949650E+0 1.105830E+0 1.197350E-2 3.341850E-2 4.269330E-5
 2.800780E+1 6.105340E+0 1.856440E+0 3.115340E-2 5.032590E-2 1.016330E-4
 3.855610E+1 8.856750E+0 3.156290E+0 8.074730E-2 8.111280E-2 2.585390E-4
 5.281410E+1 1.237180E+1 5.339100E+0 2.042850E-1 1.383980E-1 6.945600E-4
 7.256890E+1 1.689710E+1 8.927620E+0 4.999970E-1 2.464750E-1 1.940030E-3
 1.000420E+2 2.294270E+1 1.492370E+1 1.187790E+0 4.508960E-1 5.532560E-3
 1.376510E+2 3.147050E+1 2.442110E+1 2.651240E+0 8.332640E-1 1.579670E-2
 1.858010E+2 4.254940E+1 3.888340E+1 5.446770E+0 1.541130E+0 4.449130E-2
 2.480230E+2 5.638610E+1 5.922030E+1 1.007280E+1 2.842270E+0 1.224520E-1
 3.301210E+2 7.472980E+1 8.683440E+1 1.698540E+1 5.165290E+0 3.234000E-1
 4.335970E+2 9.755810E+1 1.235430E+2 2.636510E+1 9.102880E+0 7.977390E-1
 5.647110E+2 1.241170E+2 1.703080E+2 3.798010E+1 1.534350E+1 1.794640E+0
 7.991490E+2 1.615570E+2 2.416860E+2 5.333330E+1 2.479030E+1 3.656140E+0
 9.313200E+2 1.934850E+2 3.067020E+2 6.834560E+1 3.776870E+1 6.630860E+0
 1.181480E+3 2.358980E+2 4.011310E+2 8.674000E+1 5.538800E+1 1.092170E+1
 1.533810E+3 2.862380E+2 5.240930E+2 1.081150E+2 7.847550E+1 1.657540E+1
 2.026950E+3 3.483780E+2 7.003710E+2 1.339070E+2 1.098280E+2 2.361780E+1
 2.531190E+3 4.143900E+2 8.918760E+2 1.613700E+2 1.481690E+2 3.163410E+1
 6.561910E+0 7.234050E-1 3.436500E-1 9.621720E-4 2.104260E-2 6.771480E-6
 9.603760E+0 1.327870E+0 4.703800E-1 2.077790E-3 2.292610E-2 1.169030E-5
 1.375070E+1 2.363660E+0 6.892530E-1 4.782610E-3 2.761480E-2 2.229980E-5
 1.959030E+1 3.908430E+0 1.073320E+0 1.162710E-2 3.626070E-2 4.633100E-5
 2.697000E+1 5.862610E+0 1.753630E+0 2.946840E-2 5.165980E-2 1.043340E-4
 3.662160E+1 8.337570E+0 2.943470E+0 7.564390E-2 7.935190E-2 2.529210E-4
 4.933340E+1 1.145320E+1 4.966690E+0 1.910460E-1 1.300490E-1 6.527310E-4
 6.749080E+1 1.564110E+1 8.245560E+0 4.633990E-1 2.244070E-1 1.766830E-3
 9.223410E+1 2.109910E+1 1.351300E+1 1.077110E+0 4.019420E-1 4.933870E-3
 1.238830E+2 2.798910E+1 2.168210E+1 2.343500E+0 7.353390E-1 1.394530E-2
 1.656470E+2 3.731660E+1 3.397320E+1 4.745180E+0 1.351050E+0 3.905250E-2
 2.209870E+2 4.936510E+1 5.131950E+1 8.709180E+0 2.458390E+0 1.060850E-1
 2.898500E+2 6.464960E+1 7.472590E+1 1.457900E+1 4.412700E+0 2.764120E-1
 3.805010E+2 8.322110E+1 1.054640E+2 2.238620E+1 7.696190E+0 6.746310E-1
 4.871090E+2 1.051290E+2 1.448330E+2 3.205040E+1 1.285230E+1 1.501490E+0
 6.320420E+2 1.304800E+2 1.947520E+2 4.330510E+1 2.053550E+1 3.027970E+0
 8.084830E+2 1.604900E+2 2.591300E+2 5.658170E+1 3.125940E+1 5.477070E+0
 1.081680E+3 1.990510E+2 3.497990E+2 7.288970E+1 4.623560E+1 9.083350E+0
 1.275710E+3 2.351500E+2 4.338190E+2 8.877410E+1 6.446280E+1 1.357660E+1
 1.612250E+3 2.816810E+2 5.603410E+2 1.083250E+2 8.871780E+1 1.913910E+1
 2.101760E+3 3.372930E+2 7.331270E+2 1.313100E+2 1.206970E+2 2.571820E+1
 6.652350E+0 7.041460E-1 3.845900E-1 1.076500E-3 3.252930E-2 1.045960E-5
 9.722780E+0 1.383540E+0 5.055170E-1 2.232010E-3 2.938870E-2 1.498260E-5
 1.371620E+1 2.364870E+0 7.109970E-1 4.936570E-3 3.251550E-2 2.625450E-5
 1.894920E+1 3.768770E+0 1.066760E+0 1.156820E-2 4.017150E-2 5.132440E-5
 2.601020E+1 5.652060E+0 1.689590E+0 2.838730E-2 5.435690E-2 1.097820E-4
 3.544400E+1 8.028950E+0 2.784340E+0 7.168790E-2 7.984870E-2 2.545550E-4
 4.757670E+1 1.094980E+1 4.652450E+0 1.798500E-1 1.260760E-1 6.327970E-4
 6.373880E+1 1.475620E+1 7.717650E+0 4.348960E-1 2.110870E-1 1.662120E-3
 8.532190E+1 1.956130E+1 1.251370E+1 9.965670E-1 3.691510E-1 4.532620E-3
 1.147740E+2 2.576040E+1 1.984900E+1 2.143020E+0 6.642790E-1 1.260220E-2
 1.519190E+2 3.365280E+1 3.061250E+1 4.256510E+0 1.209990E+0 3.499680E-2
 1.994250E+2 4.413830E+1 4.580290E+1 7.750830E+0 2.191430E+0 9.468480E-2
 2.601080E+2 5.723530E+1 6.619900E+1 1.283500E+1 3.893940E+0 2.440740E-1
 3.356910E+2 7.312050E+1 9.283610E+1 1.961300E+1 6.722950E+0 5.889620E-1
 4.346310E+2 9.183670E+1 1.268460E+2 2.790730E+1 1.116490E+1 1.305220E+0
 5.595010E+2 1.137700E+2 1.701250E+2 3.771620E+1 1.773530E+1 2.614610E+0
 7.086410E+2 1.389400E+2 2.243140E+2 4.889810E+1 2.686720E+1 4.711970E+0
 9.387050E+2 1.699650E+2 3.010440E+2 6.219210E+1 3.945130E+1 7.736610E+0
 1.102060E+3 2.006530E+2 3.736030E+2 7.570900E+1 5.497660E+1 1.156050E+1
 1.408450E+3 2.390360E+2 4.812630E+2 9.188830E+1 7.536280E+1 1.622080E+1
 1.807220E+3 2.850890E+2 6.258790E+2 1.109560E+2 1.022050E+2 2.171290E+1
 6.879500E+0 7.280950E-1 4.437990E-1 1.241390E-3 0.000000E+6 0.000000E+6
 9.670050E+0 1.346340E+0 5.591030E-1 2.467270E-3 4.786050E-2 2.438410E-5
 1.364330E+1 2.351060E+0 7.523170E-1 5.219250E-3 4.181650E-2 3.376730E-5
 1.892720E+1 3.760830E+0 1.082880E+0 1.174670E-2 4.687790E-2 5.988690E-5
 2.561090E+1 5.538290E+0 1.654560E+0 2.781150E-2 5.934710E-2 1.198710E-4
 3.433600E+1 7.891700E+0 2.645880E+0 6.813320E-2 8.262940E-2 2.634110E-4
 4.595870E+1 1.066460E+1 4.347830E+0 1.685110E-1 1.247690E-1 6.263000E-4
 6.068620E+1 1.397490E+1 7.152920E+0 4.050720E-1 2.014850E-1 1.586440E-3
 8.057540E+1 1.837490E+1 1.157390E+1 9.248570E-1 3.424720E-1 4.205900E-3
 1.052550E+2 2.344770E+1 1.814460E+1 1.958910E+0 6.027740E-1 1.144040E-2
 1.388680E+2 3.038420E+1 2.765700E+1 3.836680E+0 1.080320E+0 3.125920E-2
 1.794910E+2 3.924780E+1 4.079760E+1 6.872800E+0 1.942610E+0 8.401920E-2
 2.318350E+2 5.067260E+1 5.852900E+1 1.135710E+1 3.423940E+0 2.149200E-1
 2.996640E+2 6.393600E+1 8.125690E+1 1.711480E+1 5.861570E+0 5.142880E-1
 3.800870E+2 7.960790E+1 1.103980E+2 2.415980E+1 9.649870E+0 1.127570E+0
 4.823560E+2 9.801990E+1 1.468660E+2 3.247780E+1 1.524700E+1 2.247710E+0
 6.502520E+2 1.208800E+2 1.985230E+2 4.238160E+1 2.314440E+1 4.051810E+0
 8.120220E+2 1.445210E+2 2.569020E+2 5.285950E+1 3.352800E+1 6.576650E+0
 9.601960E+2 1.701970E+2 3.212480E+2 6.418190E+1 4.676540E+1 9.779690E+0
 1.213700E+3 2.003030E+2 4.104670E+2 7.697650E+1 6.362140E+1 1.359060E+1
 1.548310E+3 2.397360E+2 5.309010E+2 9.328460E+1 8.603810E+1 1.825310E+1
 7.328020E+0 7.644180E-1 5.544740E-1 1.548390E-3 0.000000E+6 0.000000E+6
 1.008750E+1 1.380490E+0 6.559230E-1 2.894500E-3 0.000000E+6 0.000000E+6
 1.382970E+1 2.332220E+0 8.353700E-1 5.792460E-3 9.624840E-2 7.766640E-5
 1.869420E+1 3.688360E+0 1.139930E+0 1.236180E-2 6.422960E-2 8.205160E-5
 2.514390E+1 5.427000E+0 1.660080E+0 2.793690E-2 7.063330E-2 1.426700E-4
 3.323340E+1 7.489800E+0 2.546840E+0 6.562640E-2 9.021040E-2 2.876130E-4
 4.391840E+1 1.020840E+1 4.051250E+0 1.570610E-1 1.276450E-1 6.407190E-4
 5.729110E+1 1.302760E+1 6.530520E+0 3.710480E-1 1.958010E-1 1.541970E-3
 7.581010E+1 1.682260E+1 1.044860E+1 8.391530E-1 3.197290E-1 3.926980E-3
 9.717640E+1 2.144280E+1 1.629490E+1 1.766880E+0 5.454630E-1 1.035590E-2
 1.253570E+2 2.712630E+1 2.456630E+1 3.408570E+0 9.546460E-1 2.763760E-2
 1.610260E+2 3.459520E+1 3.588680E+1 6.036710E+0 1.682680E+0 7.278540E-2
 2.056530E+2 4.382540E+1 5.077940E+1 9.788630E+0 2.942380E+0 1.849740E-1
 2.607380E+2 5.483620E+1 7.004080E+1 1.464030E+1 5.003200E+0 4.395740E-1
 3.282700E+2 6.746450E+1 9.405910E+1 2.046240E+1 8.175010E+0 9.564030E-1
 4.134720E+2 8.206110E+1 1.240130E+2 2.715680E+1 1.276390E+1 1.880180E+0
 5.513530E+2 1.003930E+2 1.658880E+2 3.516700E+1 1.921980E+1 3.361600E+0
 6.526940E+2 1.184030E+2 2.095920E+2 4.336430E+1 2.755190E+1 5.408750E+0
 8.441670E+2 1.412140E+2 2.731550E+2 5.313980E+1 3.866440E+1 8.065020E+0
 1.011790E+3 1.650540E+2 3.383420E+2 6.342790E+1 5.232480E+1 1.117820E+1
 1.289370E+3 1.954110E+2 4.371320E+2 7.601830E+1 7.026520E+1 1.486490E+1
 8.131000E+0 8.485770E-1 7.625410E-1 2.128860E-3 0.000000E+6 0.000000E+6
 1.087610E+1 1.491470E+0 8.185960E-1 3.606120E-3 0.000000E+6 0.000000E+6
 1.441140E+1 2.431310E+0 9.714020E-1 6.736520E-3 0.000000E+6 0.000000E+6
 1.919750E+1 3.749820E+0 1.248210E+0 1.354060E-2 0.000000E+6 0.000000E+6
 2.525720E+1 5.368070E+0 1.723530E+0 2.899560E-2 1.013660E-1 2.046970E-4
 3.277780E+1 7.374800E+0 2.523490E+0 6.502240E-2 1.070890E-1 3.414920E-4
 4.255910E+1 9.667190E+0 3.861790E+0 1.497790E-1 1.375820E-1 6.906650E-4
 5.472760E+1 1.218620E+1 6.042420E+0 3.433390E-1 1.974790E-1 1.555250E-3
 7.059200E+1 1.544740E+1 9.481090E+0 7.641200E-1 3.068380E-1 3.768680E-3
 9.025180E+1 1.943740E+1 1.458730E+1 1.586250E+0 5.041560E-1 9.572260E-3
 1.152660E+2 2.438280E+1 2.180760E+1 3.032440E+0 8.575270E-1 2.483070E-2
 1.477210E+2 3.063140E+1 3.151960E+1 5.295280E+0 1.479270E+0 6.402070E-2
 1.833030E+2 3.803970E+1 4.416170E+1 8.456430E+0 2.538660E+0 1.595540E-1
 2.323580E+2 4.707420E+1 6.024970E+1 1.252010E+1 4.262360E+0 3.745670E-1
 2.929430E+2 5.731590E+1 8.043910E+1 1.731350E+1 6.903180E+0 8.078270E-1
 3.583890E+2 6.925670E+1 1.055710E+2 2.287860E+1 1.073680E+1 1.582330E+0
 4.691330E+2 8.370350E+1 1.390500E+2 2.930080E+1 1.602320E+1 2.801670E+0
 5.495100E+2 9.810190E+1 1.752040E+2 3.591950E+1 2.289550E+1 4.485750E+0
 6.958530E+2 1.159750E+2 2.246660E+2 4.365620E+1 3.181610E+1 6.637650E+0
 8.615600E+2 1.359330E+2 2.826010E+2 5.218800E+1 4.301320E+1 9.194960E+0
 1.072090E+3 1.598960E+2 3.601110E+2 6.219440E+1 5.752460E+1 1.216290E+1
 9.131810E+0 9.615460E-1 1.268310E+0 3.528990E-3 0.000000E+6 0.000000E+6
 1.186600E+1 1.614600E+0 1.068140E+0 4.700440E-3 0.000000E+6 0.000000E+6
 1.556790E+1 2.622500E+0 1.157660E+0 8.025310E-3 0.000000E+6 0.000000E+6
 1.996320E+1 3.868290E+0 1.396680E+0 1.514450E-2 0.000000E+6 0.000000E+6
 2.560480E+1 5.428110E+0 1.829890E+0 3.079420E-2 0.000000E+6 0.000000E+6
 3.276970E+1 7.288180E+0 2.568890E+0 6.622990E-2 1.469020E-1 4.682810E-4
 4.185830E+1 9.422510E+0 3.790160E+0 1.470010E-1 1.565290E-1 7.858070E-4
 5.293650E+1 1.173790E+1 5.770300E+0 3.285130E-1 2.066980E-1 1.627870E-3
 6.716140E+1 1.459660E+1 8.837970E+0 7.122680E-1 3.044560E-1 3.739340E-3
 8.524530E+1 1.803130E+1 1.340920E+1 1.463160E+0 4.816330E-1 9.144840E-3
 1.074440E+2 2.232210E+1 1.982810E+1 2.768030E+0 7.967700E-1 2.307530E-2
 1.344760E+2 2.759260E+1 2.836570E+1 4.772110E+0 1.345980E+0 5.826430E-2
 1.679290E+2 3.406930E+1 3.944300E+1 7.558960E+0 2.274380E+0 1.429920E-1
 2.092610E+2 4.158350E+1 5.343210E+1 1.105370E+1 3.772560E+0 3.315470E-1
 2.609990E+2 5.044090E+1 7.092350E+1 1.521960E+1 6.056940E+0 7.092970E-1
 3.226500E+2 6.025640E+1 9.253420E+1 1.988130E+1 9.351250E+0 1.378580E+0
 3.994950E+2 7.176800E+1 1.194430E+2 2.516570E+1 1.383650E+1 2.418370E+0
 5.070900E+2 8.543520E+1 1.548860E+2 3.119960E+1 1.981000E+1 3.877080E+0
 6.055580E+2 9.951230E+1 1.940800E+2 3.745720E+1 2.734550E+1 5.699340E+0
 7.529690E+2 1.165350E+2 2.451990E+2 4.471860E+1 3.693680E+1 7.871880E+0
 9.288990E+2 1.361100E+2 3.087420E+2 5.293340E+1 4.902150E+1 1.035080E+1
 1.029670E+1 1.148500E+0 0.000000E+6 0.000000E+6 0.000000E+6 0.000000E+6
 1.349840E+1 1.891450E+0 2.005820E+0 8.771900E-3 0.000000E+6 0.000000E+6
 1.709300E+1 2.938030E+0 1.530670E+0 1.058710E-2 0.000000E+6 0.000000E+6
 2.150780E+1 4.225130E+0 1.653950E+0 1.790620E-2 0.000000E+6 0.000000E+6
 2.690000E+1 5.741910E+0 2.023950E+0 3.402640E-2 0.000000E+6 0.000000E+6
 3.363260E+1 7.466180E+0 2.689710E+0 6.935560E-2 0.000000E+6 0.000000E+6
 4.201980E+1 9.370920E+0 3.804820E+0 1.475660E-1 2.209810E-1 1.109360E-3
 5.248590E+1 1.145010E+1 5.593370E+0 3.184430E-1 2.321220E-1 1.828220E-3
 6.538320E+1 1.391440E+1 8.346090E+0 6.726570E-1 3.130320E-1 3.845310E-3
 8.143110E+1 1.687940E+1 1.239050E+1 1.350780E+0 4.698100E-1 8.920920E-3
 1.014140E+2 2.061950E+1 1.805070E+1 2.523880E+0 7.497170E-1 2.171340E-2
 1.260240E+2 2.516490E+1 2.558250E+1 4.317060E+0 1.234500E+0 5.344750E-2
 1.553640E+2 3.060000E+1 3.523200E+1 6.758190E+0 2.046680E+0 1.287180E-1
 1.906630E+2 3.700740E+1 4.736720E+1 9.808200E+0 3.346260E+0 2.942010E-1
 2.366720E+2 4.432460E+1 6.242490E+1 1.335350E+1 5.314500E+0 6.225580E-1
 2.907970E+2 5.267260E+1 8.098810E+1 1.735330E+1 8.138110E+0 1.200090E+0
 3.645310E+2 6.257510E+1 1.047460E+2 2.188120E+1 1.197780E+1 2.095030E+0
 4.344670E+2 7.281570E+1 1.320270E+2 2.661400E+1 1.695470E+1 3.320520E+0
 5.408110E+2 8.554300E+1 1.685530E+2 3.215840E+1 2.342270E+1 4.878920E+0
 6.612980E+2 9.953710E+1 2.115560E+2 3.817640E+1 3.154090E+1 6.711850E+0
 8.041440E+2 1.156760E+2 2.642140E+2 4.497590E+1 4.168050E+1 8.791790E+0
 1.258370E+1 1.442490E+0 0.000000E+6 0.000000E+6 0.000000E+6 0.000000E+6
 1.559340E+1 2.291830E+0 0.000000E+6 0.000000E+6 0.000000E+6 0.000000E+6
 1.918880E+1 3.480110E+0 0.000000E+6 0.000000E+6 0.000000E+6 0.000000E+6
 2.422850E+1 4.845160E+0 2.410830E+0 2.607880E-2 0.000000E+6 0.000000E+6
 2.946480E+1 6.325590E+0 2.480150E+0 4.169280E-2 0.000000E+6 0.000000E+6
 3.562520E+1 7.907250E+0 3.003360E+0 7.743610E-2 0.000000E+6 0.000000E+6
 4.345350E+1 9.628530E+0 3.971610E+0 1.543130E-1 0.000000E+6 0.000000E+6
 5.284620E+1 1.140720E+1 5.548560E+0 3.158760E-1 4.609920E-1 3.631900E-3
 6.434280E+1 1.345300E+1 7.972650E+0 6.431630E-1 3.590910E-1 4.411780E-3
 7.831010E+1 1.588420E+1 1.149160E+1 1.254570E+0 4.782200E-1 9.081270E-3
 9.581690E+1 1.892160E+1 1.635570E+1 2.285540E+0 7.169090E-1 2.076290E-2
 1.168170E+2 2.261930E+1 2.278910E+1 3.843630E+0 1.134180E+0 4.910700E-2
 1.419660E+2 2.708900E+1 3.098410E+1 5.945270E+0 1.828830E+0 1.150510E-1
 1.746470E+2 3.234760E+1 4.121000E+1 8.520980E+0 2.930450E+0 2.577170E-1
 2.120120E+2 3.830460E+1 5.381650E+1 1.149460E+1 4.583820E+0 5.370890E-1
 2.545240E+2 4.501600E+1 6.912100E+1 1.479130E+1 6.937350E+0 1.023290E+0
 3.108980E+2 5.265560E+1 8.822750E+1 1.841660E+1 1.010400E+1 1.767300E+0
 3.814470E+2 6.153290E+1 1.123490E+2 2.244610E+1 1.424990E+1 2.789770E+0
 4.564230E+2 7.101010E+1 1.400820E+2 2.669310E+1 1.946340E+1 4.054410E+0
 5.576760E+2 8.241830E+1 1.760000E+2 3.160050E+1 2.610830E+1 5.554240E+0
 6.763490E+2 9.529930E+1 2.188420E+2 3.704410E+1 3.434170E+1 7.239310E+0
 1.544470E+1 1.810490E+0 0.000000E+6 0.000000E+6 0.000000E+6 0.000000E+6
 1.881820E+1 2.828420E+0 0.000000E+6 0.000000E+6 0.000000E+6 0.000000E+6
 2.239020E+1 4.082730E+0 0.000000E+6 0.000000E+6 0.000000E+6 0.000000E+6
 2.650530E+1 5.515740E+0 0.000000E+6 0.000000E+6 0.000000E+6 0.000000E+6
 3.255830E+1 6.963750E+0 4.113210E+0 6.900080E-2 0.000000E+6 0.000000E+6
 3.837330E+1 8.437520E+0 3.740850E+0 9.629140E-2 0.000000E+6 0.000000E+6
 4.518640E+1 9.907180E+0 4.420040E+0 1.715500E-1 0.000000E+6 0.000000E+6
 5.346430E+1 1.135130E+1 5.751380E+0 3.279560E-1 0.000000E+6 0.000000E+6
 6.361670E+1 1.303050E+1 7.857010E+0 6.343370E-1 0.000000E+6 0.000000E+6
 7.596080E+1 1.497980E+1 1.092050E+1 1.192490E+0 5.668140E-1 1.076590E-2
 9.074290E+1 1.746260E+1 1.512170E+1 2.113430E+0 7.237360E-1 2.096220E-2
 1.089370E+2 2.048890E+1 2.061730E+1 3.476720E+0 1.072330E+0 4.643010E-2
 1.305180E+2 2.414630E+1 2.755700E+1 5.283440E+0 1.664420E+0 1.047080E-1
 1.577300E+2 2.840290E+1 3.614820E+1 7.467890E+0 2.600260E+0 2.287130E-1
 1.887350E+2 3.323390E+1 4.669440E+1 9.956090E+0 3.993640E+0 4.680710E-1
 2.280430E+2 3.876340E+1 5.966660E+1 1.270960E+1 5.964590E+0 8.797610E-1
 2.730090E+2 4.477360E+1 7.524190E+1 1.563190E+1 8.583160E+0 1.502570E+0
 3.281820E+2 5.174130E+1 9.466520E+1 1.886510E+1 1.199120E+1 2.346690E+0
 3.913220E+2 5.953440E+1 1.179560E+2 2.236750E+1 1.630540E+1 3.395720E+0
 4.793250E+2 6.859810E+1 1.472810E+2 2.628790E+1 2.171260E+1 4.617830E+0
 5.751560E+2 7.881900E+1 1.821410E+2 3.062760E+1 2.840040E+1 5.982220E+0
 1.842060E+1 2.176850E+0 0.000000E+6 0.000000E+6 0.000000E+6 0.000000E+6
 2.191150E+1 3.335750E+0 0.000000E+6 0.000000E+6 0.000000E+6 0.000000E+6
 2.582100E+1 4.745460E+0 0.000000E+6 0.000000E+6 0.000000E+6 0.000000E+6
 2.972220E+1 6.183840E+0 0.000000E+6 0.000000E+6 0.000000E+6 0.000000E+6
 3.385480E+1 7.607300E+0 0.000000E+6 0.000000E+6 0.000000E+6 0.000000E+6
 4.092890E+1 8.926260E+0 6.624970E+0 1.700530E-1 0.000000E+6 0.000000E+6
 4.698480E+1 1.017590E+1 5.351380E+0 2.074060E-1 0.000000E+6 0.000000E+6
 5.437810E+1 1.138320E+1 6.254970E+0 3.565160E-1 0.000000E+6 0.000000E+6
 6.329620E+1 1.277350E+1 8.042540E+0 6.504190E-1 0.000000E+6 0.000000E+6
 7.449230E+1 1.442070E+1 1.072030E+1 1.170760E+0 0.000000E+6 0.000000E+6
 8.767940E+1 1.646990E+1 1.443740E+1 2.018650E+0 8.558420E-1 2.478920E-2
 1.034550E+2 1.906700E+1 1.925680E+1 3.246840E+0 1.068720E+0 4.627250E-2
 1.216470E+2 2.211830E+1 2.530310E+1 4.848070E+0 1.570790E+0 9.883050E-2
 1.450980E+2 2.569110E+1 3.274810E+1 6.759910E+0 2.383920E+0 2.097210E-1
 1.709900E+2 2.972620E+1 4.182420E+1 8.905930E+0 3.593950E+0 4.213080E-1
 2.036050E+2 3.425960E+1 5.279000E+1 1.123620E+1 5.294290E+0 7.811030E-1
 2.440710E+2 3.938580E+1 6.628740E+1 1.374860E+1 7.554270E+0 1.321120E+0
 2.899530E+2 4.505880E+1 8.244760E+1 1.642630E+1 1.044450E+1 2.045140E+0
 3.466820E+2 5.154140E+1 1.024530E+2 1.935490E+1 1.410260E+1 2.935870E+0
 4.133790E+2 5.888220E+1 1.263950E+2 2.256590E+1 1.864440E+1 3.964210E+0
 4.975110E+2 6.747680E+1 1.562980E+2 2.621760E+1 2.431870E+1 5.119640E+0
---