PdfType: central
Format: lhagrid1
---
 1.000000E-6 1.700000E-6 3.200000E-6 6.000000E-6 1.000000E-5 1.700000E-5 3.200000E-5 6.000000E-5 1.000000E-4 1.700000E-4 3.200000E-4 6.000000E-4 1.000000E-3 1.700000E-3 3.200000E-3 6.000000E-3 1.000000E-2 1.700000E-2 3.200000E-2 6.000000E-2 1.000000E-1
 3.162278E-1 3.981068E-1 5.011876E-1 6.309572E-1 7.943280E-1 1.000000E+0 1.258924E+0 1.584894E+0 1.995262E+0 2.511886E+0 3.162278E+0 3.981068E+0 5.011876E+0 6.309572E+0 7.943280E+0 1.000000E+1 1.258924E+1 1.584894E+1 1.995262E+1 2.511886E+1 3.162278E+1
900 901 917 918 920 921
 1.820730E+1 1.204840E+0 1.040210E+0 2.739510E-3 2.068600E-2 6.650990E-6
 2.761160E+1 2.430200E+0 1.774540E+0 7.373360E-3 3.730270E-2 1.897840E-5
 4.104870E+1 4.476300E+0 3.043200E+0 1.993190E-2 6.713840E-2 5.399810E-5
 6.019260E+1 7.830190E+0 5.198120E+0 5.325150E-2 1.202860E-1 1.527160E-4
 8.761690E+1 1.276550E+1 8.851580E+0 1.406720E-1 2.140880E-1 4.277900E-4
 1.264420E+2 2.011530E+1 1.480420E+1 3.597670E-1 3.803790E-1 1.198110E-3
 1.777520E+2 3.069680E+1 2.419050E+1 8.863520E-1 6.746740E-1 3.347080E-3
 2.504560E+2 4.559500E+1 3.890390E+1 2.098860E+0 1.191860E+0 9.274840E-3
 3.458210E+2 6.663330E+1 6.035690E+1 4.653890E+0 2.088530E+0 2.534680E-2
 4.637550E+2 9.446180E+1 8.957850E+1 9.489280E+0 3.613350E+0 6.776380E-2
 6.111690E+2 1.316080E+2 1.280990E+2 1.769070E+1 6.141270E+0 1.756240E-1
 7.830350E+2 1.774420E+2 1.749280E+2 2.979390E+1 1.018710E+1 4.367900E-1
 9.756010E+2 2.318620E+2 2.294440E+2 4.570970E+1 1.630980E+1 1.016380E+0
 1.193480E+3 2.897690E+2 2.906480E+2 6.410280E+1 2.504200E+1 2.188850E+0
 1.429590E+3 3.468960E+2 3.566130E+2 8.308290E+1 3.648000E+1 4.262430E+0
 1.665170E+3 3.978800E+2 4.251090E+2 1.007760E+2 5.055350E+1 7.479080E+0
 1.944850E+3 4.454610E+2 5.010470E+2 1.171320E+2 6.667580E+1 1.179610E+1
 2.217980E+3 4.816970E+2 5.776390E+2 1.300310E+2 8.424370E+1 1.673740E+1
 2.436250E+3 5.079270E+2 6.442230E+2 1.396510E+2 1.022160E+2 2.171040E+1
 2.721980E+3 5.326900E+2 7.250670E+2 1.482530E+2 1.212910E+2 2.647440E+1
 3.139130E+3 5.540160E+2 8.350050E+2 1.554050E+2 1.425420E+2 3.061480E+1
 1.756010E+1 1.193300E+0 9.386620E-1 2.485460E-3 1.779780E-2 5.724270E-6
 2.629420E+1 2.356240E+0 1.594390E+0 6.649290E-3 3.210520E-2 1.634440E-5
 3.878040E+1 4.327530E+0 2.724710E+0 1.795290E-2 5.785130E-2 4.657790E-5
 5.703740E+1 7.644310E+0 4.666190E+0 4.812010E-2 1.039520E-1 1.322540E-4
 8.286890E+1 1.263170E+1 7.921280E+0 1.265840E-1 1.856940E-1 3.721620E-4
 1.174880E+2 1.918670E+1 1.326870E+1 3.242930E-1 3.299680E-1 1.040180E-3
 1.666640E+2 2.927290E+1 2.183260E+1 8.024810E-1 5.846710E-1 2.902940E-3
 2.323020E+2 4.289510E+1 3.501410E+1 1.892490E+0 1.032990E+0 8.043430E-3
 3.176940E+2 6.188740E+1 5.422200E+1 4.195970E+0 1.811390E+0 2.199610E-2
 4.269280E+2 8.792360E+1 8.086170E+1 8.600800E+0 3.138680E+0 5.896540E-2
 5.572480E+2 1.194980E+2 1.147650E+2 1.581780E+1 5.332780E+0 1.526680E-1
 7.119750E+2 1.617360E+2 1.570780E+2 2.682220E+1 8.855880E+0 3.796630E-1
 8.822340E+2 2.087400E+2 2.051320E+2 4.085100E+1 1.419260E+1 8.857840E-1
 1.066730E+3 2.582010E+2 2.577640E+2 5.688940E+1 2.179890E+1 1.911480E+0
 1.278460E+3 3.074750E+2 3.164750E+2 7.342310E+1 3.174070E+1 3.716200E+0
 1.504020E+3 3.514470E+2 3.782310E+2 8.875200E+1 4.397440E+1 6.507420E+0
 1.723140E+3 3.897240E+2 4.412980E+2 1.023670E+2 5.797110E+1 1.024040E+1
 2.070710E+3 4.298840E+2 5.309830E+2 1.157310E+2 7.443660E+1 1.469800E+1
 2.186390E+3 4.426580E+2 5.722660E+2 1.215920E+2 8.875450E+1 1.884130E+1
 2.435180E+3 4.610370E+2 6.420210E+2 1.282400E+2 1.050860E+2 2.285860E+1
 2.755640E+3 4.779770E+2 7.282330E+2 1.340460E+2 1.230850E+2 2.638070E+1
 1.651070E+1 1.178700E+0 8.278400E-1 2.234170E-3 1.486770E-2 4.783280E-6
 2.490720E+1 2.339680E+0 1.405030E+0 5.894240E-3 2.683430E-2 1.366940E-5
 3.651910E+1 4.246170E+0 2.384710E+0 1.570430E-2 4.838310E-2 3.899480E-5
 5.319390E+1 7.413040E+0 4.076180E+0 4.217870E-2 8.709410E-2 1.109400E-4
 7.660970E+1 1.200440E+1 6.934700E+0 1.115810E-1 1.561650E-1 3.139600E-4
 1.083930E+2 1.854030E+1 1.163150E+1 2.863890E-1 2.781670E-1 8.795920E-4
 1.523150E+2 2.755410E+1 1.914120E+1 7.094260E-1 4.928190E-1 2.447870E-3
 2.105410E+2 4.022540E+1 3.069360E+1 1.679220E+0 8.706560E-1 6.784610E-3
 2.863800E+2 5.667820E+1 4.751490E+1 3.708150E+0 1.526110E+0 1.856060E-2
 3.828050E+2 7.837130E+1 7.070120E+1 7.506000E+0 2.647350E+0 4.977430E-2
 4.971780E+2 1.073920E+2 1.006430E+2 1.397890E+1 4.504390E+0 1.292410E-1
 6.336970E+2 1.433810E+2 1.371870E+2 2.341620E+1 7.468590E+0 3.205020E-1
 7.826780E+2 1.832210E+2 1.783830E+2 3.551470E+1 1.198510E+1 7.483360E-1
 9.439040E+2 2.246260E+2 2.244500E+2 4.916140E+1 1.836820E+1 1.608700E+0
 1.116140E+3 2.649800E+2 2.735700E+2 6.304630E+1 2.679930E+1 3.137050E+0
 1.294290E+3 3.008490E+2 3.242120E+2 7.585010E+1 3.713740E+1 5.503140E+0
 1.484970E+3 3.302330E+2 3.773370E+2 8.659080E+1 4.884930E+1 8.603770E+0
 1.778900E+3 3.621480E+2 4.521200E+2 9.741160E+1 6.252490E+1 1.233270E+1
 1.862510E+3 3.724230E+2 4.857610E+2 1.022580E+2 7.468450E+1 1.580500E+1
 2.151050E+3 3.913020E+2 5.607160E+2 1.087370E+2 8.948370E+1 1.928020E+1
 2.339620E+3 4.000340E+2 6.155640E+2 1.121660E+2 1.031710E+2 2.205510E+1
 1.553620E+1 1.126220E+0 7.200300E-1 1.969770E-3 1.243060E-2 3.999660E-6
 2.306320E+1 2.206980E+0 1.233490E+0 5.220320E-3 2.244460E-2 1.143620E-5
 3.413060E+1 4.082200E+0 2.088650E+0 1.375250E-2 4.048260E-2 3.264650E-5
 4.909620E+1 7.016040E+0 3.562130E+0 3.684870E-2 7.292680E-2 9.298970E-5
 7.028240E+1 1.122400E+1 6.031190E+0 9.712940E-2 1.310330E-1 2.638180E-4
 9.962770E+1 1.740830E+1 1.012440E+1 2.504080E-1 2.343250E-1 7.432950E-4
 1.386640E+2 2.573520E+1 1.675090E+1 6.252270E-1 4.156470E-1 2.069020E-3
 1.914780E+2 3.709150E+1 2.691630E+1 1.478230E+0 7.340260E-1 5.725250E-3
 2.597470E+2 5.239910E+1 4.169400E+1 3.269130E+0 1.286990E+0 1.567030E-2
 3.419060E+2 7.131700E+1 6.195980E+1 6.631730E+0 2.232320E+0 4.204540E-2
 4.447020E+2 9.645780E+1 8.797340E+1 1.225000E+1 3.800590E+0 1.091890E-1
 5.583470E+2 1.260260E+2 1.190190E+2 2.035860E+1 6.306350E+0 2.707890E-1
 6.841820E+2 1.596860E+2 1.546390E+2 3.072970E+1 1.010660E+1 6.314900E-1
 8.239370E+2 1.947350E+2 1.939240E+2 4.237930E+1 1.551150E+1 1.360350E+0
 9.732820E+2 2.264500E+2 2.354250E+2 5.366320E+1 2.258020E+1 2.640770E+0
 1.125500E+3 2.565630E+2 2.793840E+2 6.451040E+1 3.132610E+1 4.631550E+0
 1.314220E+3 2.808670E+2 3.279580E+2 7.347780E+1 4.122600E+1 7.252270E+0
 1.451970E+3 2.998240E+2 3.701250E+2 8.071500E+1 5.185070E+1 1.026050E+1
 1.593870E+3 3.140910E+2 4.132400E+2 8.619590E+1 6.290710E+1 1.328120E+1
 1.766750E+3 3.250800E+2 4.607430E+2 9.036890E+1 7.421020E+1 1.605470E+1
 1.994930E+3 3.350180E+2 5.211310E+2 9.391400E+1 8.657060E+1 1.844800E+1
 1.491200E+1 1.125830E+0 6.366480E-1 1.752740E-3 1.074750E-2 3.458460E-6
 2.180330E+1 2.150190E+0 1.107300E+0 4.751760E-3 1.940510E-2 9.888730E-6
 3.244420E+1 4.041730E+0 1.883560E+0 1.249660E-2 3.501030E-2 2.824290E-5
 4.635570E+1 6.734730E+0 3.184870E+0 3.297940E-2 6.309290E-2 8.049440E-5
 6.646300E+1 1.110530E+1 5.409850E+0 8.740740E-2 1.134710E-1 2.286480E-4
 9.335340E+1 1.689490E+1 9.089200E+0 2.255370E-1 2.032950E-1 6.459400E-4
 1.291920E+2 2.442530E+1 1.495050E+1 5.593340E-1 3.617200E-1 1.804910E-3
 1.767740E+2 3.467190E+1 2.402430E+1 1.324040E+0 6.387670E-1 4.989330E-3
 2.372000E+2 4.832460E+1 3.711110E+1 2.916230E+0 1.119260E+0 1.363060E-2
 3.131320E+2 6.566240E+1 5.529330E+1 5.939680E+0 1.939770E+0 3.654640E-2
 4.011730E+2 8.752290E+1 7.845810E+1 1.093880E+1 3.307330E+0 9.506080E-2
 5.030690E+2 1.129760E+2 1.059540E+2 1.806800E+1 5.483630E+0 2.357380E-1
 6.178690E+2 1.426920E+2 1.376270E+2 2.725500E+1 8.795550E+0 5.504580E-1
 7.368510E+2 1.722270E+2 1.721380E+2 3.732620E+1 1.350420E+1 1.183280E+0
 8.641590E+2 1.995580E+2 2.076740E+2 4.720850E+1 1.967710E+1 2.301330E+0
 9.972790E+2 2.245930E+2 2.455700E+2 5.638870E+1 2.722160E+1 4.022450E+0
 1.155790E+3 2.452960E+2 2.868460E+2 6.411740E+1 3.580360E+1 6.297120E+0
 1.317240E+3 2.609360E+2 3.296230E+2 7.012690E+1 4.500090E+1 8.874920E+0
 1.412460E+3 2.728480E+2 3.632190E+2 7.483480E+1 5.459670E+1 1.150740E+1
 1.553020E+3 2.812010E+2 4.024580E+2 7.815180E+1 6.433940E+1 1.387590E+1
 1.752000E+3 2.900280E+2 4.548610E+2 8.128810E+1 7.497480E+1 1.595870E+1
 1.404200E+1 1.089700E+0 5.563900E-1 1.538890E-3 9.238610E-3 2.972860E-6
 2.067540E+1 2.091220E+0 9.781660E-1 4.242600E-3 1.668090E-2 8.501580E-6
 3.028540E+1 3.842200E+0 1.681750E+0 1.127710E-2 3.010330E-2 2.428850E-5
 4.361820E+1 6.603040E+0 2.843810E+0 2.949310E-2 5.425510E-2 6.925160E-5
 6.152800E+1 1.047400E+1 4.797800E+0 7.736620E-2 9.762480E-2 1.968550E-4
 8.625610E+1 1.608380E+1 8.064520E+0 2.003710E-1 1.751220E-1 5.568200E-4
 1.190880E+2 2.288800E+1 1.329330E+1 4.990770E-1 3.124080E-1 1.561960E-3
 1.621400E+2 3.225530E+1 2.134620E+1 1.179670E+0 5.523300E-1 4.320310E-3
 2.167480E+2 4.501030E+1 3.313000E+1 2.621470E+0 9.677310E-1 1.179390E-2
 2.828970E+2 5.926920E+1 4.909920E+1 5.275190E+0 1.678310E+0 3.162890E-2
 3.619340E+2 7.860400E+1 6.947070E+1 9.675290E+0 2.858570E+0 8.225430E-2
 4.525720E+2 1.013830E+2 9.392860E+1 1.603440E+1 4.744460E+0 2.041360E-1
 5.498180E+2 1.263470E+2 1.214400E+2 2.397100E+1 7.609010E+0 4.763030E-1
 6.560880E+2 1.519590E+2 1.514090E+2 3.278630E+1 1.167390E+1 1.024050E+0
 7.687460E+2 1.754540E+2 1.829060E+2 4.137120E+1 1.702520E+1 1.993510E+0
 8.798020E+2 1.958150E+2 2.151790E+2 4.909690E+1 2.355100E+1 3.482140E+0
 9.976560E+2 2.122610E+2 2.483090E+2 5.548190E+1 3.091040E+1 5.433760E+0
 1.113270E+3 2.255340E+2 2.818820E+2 6.064250E+1 3.884100E+1 7.662990E+0
 1.292520E+3 2.384340E+2 3.262380E+2 6.530270E+1 4.761040E+1 9.983080E+0
 1.368830E+3 2.423870E+2 3.526120E+2 6.732680E+1 5.552900E+1 1.192410E+1
 1.528960E+3 2.494800E+2 3.942000E+2 6.991190E+1 6.456470E+1 1.371650E+1
 1.307370E+1 1.062010E+0 4.713980E-1 1.308530E-3 7.711760E-3 2.481820E-6
 1.929620E+1 2.019360E+0 8.340620E-1 3.638250E-3 1.392700E-2 7.098140E-6
 2.836180E+1 3.684830E+0 1.457460E+0 9.917880E-3 2.513370E-2 2.028030E-5
 4.077160E+1 6.341550E+0 2.482150E+0 2.598130E-2 4.531030E-2 5.784780E-5
 5.674450E+1 9.915650E+0 4.175330E+0 6.747960E-2 8.156280E-2 1.645520E-4
 7.883070E+1 1.496540E+1 6.989200E+0 1.738790E-1 1.464260E-1 4.659530E-4
 1.080330E+2 2.141890E+1 1.151740E+1 4.330390E-1 2.616640E-1 1.310050E-3
 1.459560E+2 2.955640E+1 1.847860E+1 1.026220E+0 4.640380E-1 3.638700E-3
 1.931940E+2 4.031080E+1 2.859680E+1 2.260520E+0 8.137290E-1 9.930660E-3
 2.518710E+2 5.331380E+1 4.250490E+1 4.576750E+0 1.409660E+0 2.657320E-2
 3.208400E+2 6.930270E+1 6.003210E+1 8.368600E+0 2.401510E+0 6.909000E-2
 3.974860E+2 8.858910E+1 8.103430E+1 1.384120E+1 3.991280E+0 1.719730E-1
 4.799610E+2 1.087650E+2 1.043090E+2 2.049210E+1 6.403040E+0 4.010050E-1
 5.680300E+2 1.297640E+2 1.295350E+2 2.787790E+1 9.811130E+0 8.604040E-1
 6.637880E+2 1.494410E+2 1.564960E+2 3.515120E+1 1.434400E+1 1.681090E+0
 7.579390E+2 1.657300E+2 1.833620E+2 4.148470E+1 1.980630E+1 2.928390E+0
 8.555130E+2 1.793830E+2 2.114070E+2 4.683810E+1 2.597860E+1 4.568880E+0
 9.546210E+2 1.900510E+2 2.397100E+2 5.106530E+1 3.263410E+1 6.432610E+0
 1.100280E+3 1.996560E+2 2.752860E+2 5.465870E+1 3.984660E+1 8.344210E+0
 1.158110E+3 2.035740E+2 2.966270E+2 5.653580E+1 4.653740E+1 1.000380E+1
 1.295240E+3 2.084350E+2 3.321120E+2 5.839960E+1 5.399890E+1 1.145120E+1
 1.219060E+1 1.003360E+0 3.985550E-1 1.108940E-3 6.443160E-3 2.073630E-6
 1.802970E+1 1.914910E+0 7.072420E-1 3.093150E-3 1.163780E-2 5.932040E-6
 2.638710E+1 3.588720E+0 1.246310E+0 8.542870E-3 2.100450E-2 1.695030E-5
 3.758910E+1 6.047890E+0 2.156730E+0 2.289880E-2 3.787620E-2 4.836150E-5
 5.238240E+1 9.392910E+0 3.637490E+0 5.912140E-2 6.819440E-2 1.376190E-4
 7.209220E+1 1.389000E+1 6.067020E+0 1.512900E-1 1.224540E-1 3.899470E-4
 9.783390E+1 1.959530E+1 9.945280E+0 3.743900E-1 2.190730E-1 1.097690E-3
 1.315550E+2 2.713880E+1 1.596410E+1 8.881860E-1 3.893040E-1 3.057790E-3
 1.728950E+2 3.589450E+1 2.470020E+1 1.951610E+0 6.842130E-1 8.365120E-3
 2.242160E+2 4.776470E+1 3.671910E+1 3.975650E+0 1.185490E+0 2.236560E-2
 2.830030E+2 6.132140E+1 5.183680E+1 7.248310E+0 2.017780E+0 5.807480E-2
 3.472560E+2 7.695930E+1 6.959100E+1 1.187690E+1 3.350830E+0 1.443060E-1
 4.176980E+2 9.403680E+1 8.949490E+1 1.758960E+1 5.384580E+0 3.375760E-1
 4.961450E+2 1.113480E+2 1.110680E+2 2.379500E+1 8.248200E+0 7.237180E-1
 5.763040E+2 1.272630E+2 1.334140E+2 2.981440E+1 1.201720E+1 1.407760E+0
 6.595420E+2 1.404910E+2 1.567190E+2 3.505920E+1 1.661680E+1 2.455010E+0
 7.347570E+2 1.515480E+2 1.794860E+2 3.951450E+1 2.180540E+1 3.832770E+0
 8.148600E+2 1.595940E+2 2.024560E+2 4.285140E+1 2.733140E+1 5.385670E+0
 9.040030E+2 1.659490E+2 2.271190E+2 4.544890E+1 3.311990E+1 6.949700E+0
 1.018530E+3 1.714070E+2 2.559610E+2 4.756380E+1 3.924550E+1 8.391870E+0
 1.098880E+3 1.743700E+2 2.797920E+2 4.884650E+1 4.519240E+1 9.572730E+0
 1.148470E+1 9.848570E-1 3.468330E-1 9.662560E-4 5.567090E-3 1.791690E-6
 1.699180E+1 1.901630E+0 6.173490E-1 2.706640E-3 1.005660E-2 5.126210E-6
 2.463580E+1 3.344380E+0 1.091050E+0 7.500610E-3 1.815330E-2 1.465070E-5
 3.518680E+1 5.705310E+0 1.904890E+0 2.039330E-2 3.273620E-2 4.180240E-5
 4.851460E+1 8.910370E+0 3.240300E+0 5.314160E-2 5.894390E-2 1.189680E-4
 6.642430E+1 1.302390E+1 5.392160E+0 1.343640E-1 1.058780E-1 3.372370E-4
 9.037420E+1 1.850150E+1 8.844560E+0 3.334300E-1 1.894890E-1 9.499980E-4
 1.200920E+2 2.499580E+1 1.413500E+1 7.866700E-1 3.369750E-1 2.648410E-3
 1.573730E+2 3.303440E+1 2.192660E+1 1.739030E+0 5.935110E-1 7.267930E-3
 2.017720E+2 4.304310E+1 3.241880E+1 3.515960E+0 1.029190E+0 1.944820E-2
 2.537040E+2 5.488920E+1 4.574780E+1 6.400480E+0 1.752640E+0 5.047350E-2
 3.119930E+2 6.840880E+1 6.138020E+1 1.046280E+1 2.908670E+0 1.253430E-1
 3.727460E+2 8.309690E+1 7.879650E+1 1.545100E+1 4.672400E+0 2.929160E-1
 4.420180E+2 9.785240E+1 9.753580E+1 2.084040E+1 7.175820E+0 6.303190E-1
 5.093790E+2 1.110550E+2 1.170130E+2 2.597290E+1 1.042410E+1 1.220770E+0
 5.803160E+2 1.223990E+2 1.369750E+2 3.051570E+1 1.438710E+1 2.124760E+0
 6.520020E+2 1.313610E+2 1.572470E+2 3.420510E+1 1.887890E+1 3.309790E+0
 7.498500E+2 1.397710E+2 1.815240E+2 3.745350E+1 2.384530E+1 4.680410E+0
 7.940730E+2 1.438720E+2 1.983760E+2 3.938870E+1 2.872170E+1 6.014420E+0
 8.765220E+2 1.476570E+2 2.195230E+2 4.098030E+1 3.379680E+1 7.236380E+0
 9.678860E+2 1.507370E+2 2.439620E+2 4.221740E+1 3.909610E+1 8.267960E+0
 1.099890E+1 9.626660E-1 2.999280E-1 8.370940E-4 4.782880E-3 1.539300E-6
 1.610370E+1 1.830870E+0 5.346930E-1 2.347280E-3 8.640150E-3 4.404550E-6
 2.293930E+1 3.239270E+0 9.471520E-1 6.525770E-3 1.559890E-2 1.258920E-5
 3.270350E+1 5.473560E+0 1.659570E+0 1.782340E-2 2.813150E-2 3.592520E-5
 4.527880E+1 8.423830E+0 2.858480E+0 4.734120E-2 5.065760E-2 1.022560E-4
 6.169700E+1 1.222510E+1 4.777050E+0 1.197900E-1 9.101070E-2 2.899500E-4
 8.254420E+1 1.723180E+1 7.807240E+0 2.945040E-1 1.628950E-1 8.169690E-4
 1.094550E+2 2.301070E+1 1.248480E+1 6.948820E-1 2.898710E-1 2.279460E-3
 1.422110E+2 3.007000E+1 1.929160E+1 1.534310E+0 5.111690E-1 6.266430E-3
 1.821100E+2 3.885480E+1 2.851620E+1 3.087940E+0 8.882120E-1 1.680900E-2
 2.267050E+2 4.868850E+1 4.010650E+1 5.600300E+0 1.512440E+0 4.359930E-2
 2.780620E+2 6.054590E+1 5.386070E+1 9.171190E+0 2.510250E+0 1.081970E-1
 3.326330E+2 7.302560E+1 6.898910E+1 1.348620E+1 4.023570E+0 2.521040E-1
 3.896460E+2 8.544830E+1 8.515770E+1 1.812780E+1 6.170170E+0 5.416540E-1
 4.494720E+2 9.641880E+1 1.019130E+2 2.250010E+1 8.984500E+0 1.051650E+0
 5.050070E+2 1.060200E+2 1.189840E+2 2.640210E+1 1.239890E+1 1.831470E+0
 5.659100E+2 1.136170E+2 1.363630E+2 2.957300E+1 1.627870E+1 2.854390E+0
 6.343480E+2 1.194870E+2 1.542950E+2 3.203720E+1 2.041790E+1 4.012670E+0
 6.812480E+2 1.240080E+2 1.704510E+2 3.392140E+1 2.473090E+1 5.173930E+0
 7.755180E+2 1.275720E+2 1.925780E+2 3.538700E+1 2.921950E+1 6.236600E+0
 8.463720E+2 1.295330E+2 2.113430E+2 3.627240E+1 3.364260E+1 7.100790E+0
 1.005550E+1 8.931980E-1 2.518760E-1 7.038430E-4 3.990390E-3 1.284160E-6
 1.476110E+1 1.715090E+0 4.497150E-1 1.978890E-3 7.209630E-3 3.675340E-6
 2.119140E+1 3.100380E+0 7.984430E-1 5.512620E-3 1.301690E-2 1.050660E-5
 2.980440E+1 5.114980E+0 1.403020E+0 1.510770E-2 2.347800E-2 2.998380E-5
 4.119590E+1 7.776070E+0 2.431930E+0 4.055250E-2 4.228200E-2 8.535530E-5
 5.588630E+1 1.121280E+1 4.117080E+0 1.044980E-1 7.596480E-2 2.420350E-4
 7.482820E+1 1.584630E+1 6.746760E+0 2.557640E-1 1.359990E-1 6.822870E-4
 9.819620E+1 2.090470E+1 1.076260E+1 6.006700E-1 2.421090E-1 1.904910E-3
 1.258300E+2 2.660200E+1 1.653720E+1 1.312760E+0 4.271070E-1 5.237470E-3
 1.597770E+2 3.367040E+1 2.440190E+1 2.639780E+0 7.436550E-1 1.409380E-2
 1.983490E+2 4.216240E+1 3.425270E+1 4.781990E+0 1.268230E+0 3.661300E-2
 2.419680E+2 5.207230E+1 4.589600E+1 7.813710E+0 2.104540E+0 9.076330E-2
 2.884390E+2 6.244440E+1 5.867990E+1 1.144750E+1 3.371710E+0 2.113670E-1
 3.347580E+2 7.247750E+1 7.221940E+1 1.531370E+1 5.168520E+0 4.537130E-1
 3.835450E+2 8.154170E+1 8.623620E+1 1.898190E+1 7.526010E+0 8.811300E-1
 4.324280E+2 8.921020E+1 1.005960E+2 2.218370E+1 1.038290E+1 1.532350E+0
 4.902370E+2 9.545150E+1 1.153690E+2 2.480950E+1 1.362320E+1 2.386960E+0
 5.559100E+2 1.007580E+2 1.321940E+2 2.697430E+1 1.715620E+1 3.363090E+0
 5.930640E+2 1.036550E+2 1.449370E+2 2.835660E+1 2.066990E+1 4.319960E+0
 6.523800E+2 1.062340E+2 1.607100E+2 2.946700E+1 2.432340E+1 5.195590E+0
 7.067440E+2 1.082030E+2 1.763380E+2 3.029980E+1 2.807800E+1 5.931980E+0
 9.420990E+0 8.592080E-1 2.115700E-1 5.918690E-4 3.332740E-3 1.072650E-6
 1.378990E+1 1.688160E+0 3.780330E-1 1.665580E-3 6.021810E-3 3.069940E-6
 1.957060E+1 2.916360E+0 6.720970E-1 4.646940E-3 1.087350E-2 8.776430E-6
 2.738670E+1 4.773510E+0 1.183750E+0 1.277930E-2 1.961290E-2 2.504960E-5
 3.757780E+1 7.326710E+0 2.058380E+0 3.441210E-2 3.532460E-2 7.131510E-5
 5.088540E+1 1.057220E+1 3.511100E+0 8.980310E-2 6.347290E-2 2.022520E-4
 6.727550E+1 1.432370E+1 5.804130E+0 2.221450E-1 1.136490E-1 5.701960E-4
 8.735890E+1 1.879500E+1 9.253030E+0 5.169950E-1 2.023480E-1 1.592460E-3
 1.120070E+2 2.374510E+1 1.421190E+1 1.129370E+0 3.571790E-1 4.383160E-3
 1.405020E+2 2.956810E+1 2.087520E+1 2.255370E+0 6.222610E-1 1.179880E-2
 1.733500E+2 3.673730E+1 2.928560E+1 4.088620E+0 1.063000E+0 3.073210E-2
 2.094200E+2 4.477750E+1 3.911440E+1 6.638890E+0 1.765300E+0 7.620930E-2
 2.492580E+2 5.321770E+1 4.991920E+1 9.703240E+0 2.827800E+0 1.773830E-1
 2.876850E+2 6.145240E+1 6.129620E+1 1.293280E+1 4.331780E+0 3.799030E-1
 3.340260E+2 6.912260E+1 7.326270E+1 1.604120E+1 6.308050E+0 7.390690E-1
 3.744990E+2 7.508830E+1 8.542620E+1 1.863310E+1 8.699390E+0 1.282770E+0
 4.302820E+2 8.089060E+1 9.903020E+1 2.097940E+1 1.145910E+1 2.006550E+0
 4.728880E+2 8.443820E+1 1.112270E+2 2.259510E+1 1.435490E+1 2.813750E+0
 5.164580E+2 8.714510E+1 1.238570E+2 2.381730E+1 1.737110E+1 3.618990E+0
 5.586660E+2 8.907120E+1 1.361670E+2 2.469580E+1 2.041530E+1 4.346370E+0
 6.024270E+2 9.042150E+1 1.485070E+2 2.531550E+1 2.348120E+1 4.953160E+0
 8.965410E+0 8.344780E-1 1.836210E-1 5.142060E-4 2.879180E-3 9.266780E-7
 1.294020E+1 1.584810E+0 3.280780E-1 1.446460E-3 5.202200E-3 2.652040E-6
 1.831550E+1 2.758790E+0 5.835040E-1 4.040350E-3 9.393570E-3 7.581630E-6
 2.554680E+1 4.632680E+0 1.028890E+0 1.112500E-2 1.694470E-2 2.164220E-5
 3.481860E+1 6.965680E+0 1.793000E+0 3.002200E-2 3.052160E-2 6.162300E-5
 4.637590E+1 9.669550E+0 3.065220E+0 7.854320E-2 5.484580E-2 1.747730E-4
 6.101730E+1 1.300500E+1 5.099070E+0 1.962130E-1 9.820660E-2 4.927670E-4
 7.926250E+1 1.677080E+1 8.162990E+0 4.584600E-1 1.748760E-1 1.376510E-3
 1.009600E+2 2.138400E+1 1.253120E+1 9.968910E-1 3.087510E-1 3.790010E-3
 1.262130E+2 2.647010E+1 1.838750E+1 1.986630E+0 5.380690E-1 1.020650E-2
 1.553590E+2 3.262470E+1 2.572510E+1 3.585320E+0 9.197330E-1 2.660220E-2
 1.862280E+2 3.939210E+1 3.426550E+1 5.804540E+0 1.529470E+0 6.610640E-2
 2.211430E+2 4.662580E+1 4.367100E+1 8.460080E+0 2.450790E+0 1.538020E-1
 2.544120E+2 5.353160E+1 5.350650E+1 1.124100E+1 3.753180E+0 3.293170E-1
 2.948010E+2 6.009240E+1 6.403420E+1 1.391560E+1 5.463810E+0 6.394620E-1
 3.290390E+2 6.527640E+1 7.426940E+1 1.618280E+1 7.531840E+0 1.111140E+0
 3.772480E+2 7.006580E+1 8.605790E+1 1.816130E+1 9.910570E+0 1.734790E+0
 4.028760E+2 7.259330E+1 9.536980E+1 1.943450E+1 1.236920E+1 2.425090E+0
 4.462880E+2 7.510150E+1 1.064780E+2 2.052810E+1 1.496410E+1 3.122530E+0
 4.859030E+2 7.702820E+1 1.178630E+2 2.135540E+1 1.764380E+1 3.758790E+0
 5.214270E+2 7.811730E+1 1.284350E+2 2.187020E+1 2.028540E+1 4.279650E+0
 8.533270E+0 8.041240E-1 1.579200E-1 4.428530E-4 0.000000E+6 0.000000E+6
 1.213750E+1 1.496890E+0 2.830590E-1 1.249450E-3 4.468200E-3 2.277850E-6
 1.719430E+1 2.664920E+0 5.034440E-1 3.486350E-3 8.068640E-3 6.512840E-6
 2.357550E+1 4.256510E+0 8.890350E-1 9.620410E-3 1.455600E-2 1.859050E-5
 3.212030E+1 6.421750E+0 1.551110E+0 2.601410E-2 2.621950E-2 5.293770E-5
 4.244740E+1 8.957410E+0 2.655700E+0 6.818690E-2 4.712110E-2 1.501620E-4
 5.584390E+1 1.204980E+1 4.435700E+0 1.713510E-1 8.437870E-2 4.234060E-4
 7.160300E+1 1.530860E+1 7.144860E+0 4.040600E-1 1.502570E-1 1.182790E-3
 9.085200E+1 1.913400E+1 1.098420E+1 8.754320E-1 2.653110E-1 3.257350E-3
 1.132460E+2 2.355020E+1 1.610290E+1 1.740530E+0 4.624820E-1 8.775430E-3
 1.382300E+2 2.869120E+1 2.247010E+1 3.125160E+0 7.908960E-1 2.288370E-2
 1.653540E+2 3.452280E+1 2.986820E+1 5.047720E+0 1.315860E+0 5.690530E-2
 1.938820E+2 4.070850E+1 3.800630E+1 7.354230E+0 2.111150E+0 1.325780E-1
 2.241950E+2 4.661140E+1 4.657840E+1 9.755030E+0 3.234000E+0 2.838860E-1
 2.565620E+2 5.187080E+1 5.538800E+1 1.200350E+1 4.704140E+0 5.504340E-1
 2.871490E+2 5.638200E+1 6.434720E+1 1.396710E+1 6.492570E+0 9.571840E-1
 3.191720E+2 5.991760E+1 7.346580E+1 1.554020E+1 8.498830E+0 1.487130E+0
 3.549190E+2 6.268060E+1 8.289950E+1 1.676840E+1 1.065550E+1 2.086750E+0
 3.904150E+2 6.465410E+1 9.237620E+1 1.766400E+1 1.288070E+1 2.683280E+0
 4.233290E+2 6.621040E+1 1.017150E+2 1.835330E+1 1.516500E+1 3.229420E+0
 4.539080E+2 6.715130E+1 1.107970E+2 1.879830E+1 1.743790E+1 3.677810E+0
 8.066530E+0 7.748280E-1 1.322170E-1 3.711700E-4 0.000000E+6 0.000000E+6
 1.144260E+1 1.438600E+0 2.365850E-1 1.045600E-3 0.000000E+6 0.000000E+6
 1.585580E+1 2.481490E+0 4.222680E-1 2.928110E-3 6.731210E-3 5.433430E-6
 2.174520E+1 3.974400E+0 7.454740E-1 8.074890E-3 1.214300E-2 1.550910E-5
 2.908170E+1 5.872630E+0 1.301890E+0 2.186990E-2 2.187540E-2 4.416760E-5
 3.846680E+1 8.189980E+0 2.233920E+0 5.744650E-2 3.931510E-2 1.252970E-4
 4.992080E+1 1.078970E+1 3.738650E+0 1.446440E-1 7.040930E-2 3.533310E-4
 6.356140E+1 1.359260E+1 6.041930E+0 3.427730E-1 1.253870E-1 9.870640E-4
 8.005540E+1 1.681910E+1 9.342560E+0 7.493480E-1 2.214230E-1 2.718830E-3
 9.936290E+1 2.040720E+1 1.373010E+1 1.488850E+0 3.860030E-1 7.326090E-3
 1.204150E+2 2.470280E+1 1.911880E+1 2.659690E+0 6.603150E-1 1.911230E-2
 1.436890E+2 2.941280E+1 2.534060E+1 4.264290E+0 1.099370E+0 4.756470E-2
 1.669580E+2 3.445000E+1 3.217160E+1 6.195900E+0 1.764720E+0 1.109070E-1
 1.929040E+2 3.922740E+1 3.934320E+1 8.187650E+0 2.705360E+0 2.376470E-1
 2.191430E+2 4.361910E+1 4.673840E+1 1.007600E+1 3.935580E+0 4.606360E-1
 2.437250E+2 4.725660E+1 5.418810E+1 1.169540E+1 5.428820E+0 8.002450E-1
 2.722380E+2 5.014460E+1 6.180740E+1 1.299660E+1 7.102650E+0 1.242540E+0
 3.004820E+2 5.242510E+1 6.959780E+1 1.402060E+1 8.905520E+0 1.743200E+0
 3.298390E+2 5.402150E+1 7.740850E+1 1.475670E+1 1.075910E+1 2.241670E+0
 3.574670E+2 5.526240E+1 8.519240E+1 1.531640E+1 1.265900E+1 2.694270E+0
 3.837750E+2 5.603540E+1 9.281310E+1 1.568500E+1 1.456010E+1 3.068170E+0
 7.828170E+0 7.791060E-1 1.107690E-1 3.110300E-4 0.000000E+6 0.000000E+6
 1.093340E+1 1.413990E+0 1.982110E-1 8.765710E-4 0.000000E+6 0.000000E+6
 1.495870E+1 2.371330E+0 3.532660E-1 2.453220E-3 0.000000E+6 0.000000E+6
 2.011610E+1 3.743670E+0 6.245510E-1 6.775930E-3 0.000000E+6 0.000000E+6
 2.677830E+1 5.443410E+0 1.092820E+0 1.836970E-2 1.827020E-2 3.688900E-5
 3.489350E+1 7.521400E+0 1.877160E+0 4.833450E-2 3.283870E-2 1.046580E-4
 4.476400E+1 9.604460E+0 3.146400E+0 1.219640E-1 5.880980E-2 2.951310E-4
 5.683840E+1 1.211140E+1 5.093060E+0 2.894090E-1 1.047380E-1 8.245780E-4
 7.057260E+1 1.457520E+1 7.893670E+0 6.353230E-1 1.849600E-1 2.271130E-3
 8.714140E+1 1.776970E+1 1.164240E+1 1.267810E+0 3.224880E-1 6.121620E-3
 1.052730E+2 2.120950E+1 1.624230E+1 2.263890E+0 5.517230E-1 1.597420E-2
 1.243470E+2 2.508160E+1 2.150740E+1 3.621000E+0 9.187730E-1 3.976380E-2
 1.457560E+2 2.919670E+1 2.726510E+1 5.227170E+0 1.475540E+0 9.275990E-2
 1.675010E+2 3.318660E+1 3.328590E+1 6.904770E+0 2.263000E+0 1.989180E-1
 1.887360E+2 3.672680E+1 3.951040E+1 8.465710E+0 3.294520E+0 3.857710E-1
 2.098580E+2 3.967950E+1 4.568500E+1 9.810410E+0 4.544200E+0 6.698930E-1
 2.313940E+2 4.201880E+1 5.199480E+1 1.088630E+1 5.943710E+0 1.039530E+0
 2.543980E+2 4.385450E+1 5.844000E+1 1.172570E+1 7.447110E+0 1.457450E+0
 2.796120E+2 4.527160E+1 6.510970E+1 1.236340E+1 9.008900E+0 1.875900E+0
 3.013170E+2 4.617290E+1 7.141470E+1 1.279580E+1 1.057820E+1 2.250350E+0
 3.221530E+2 4.676440E+1 7.771880E+1 1.308940E+1 1.216140E+1 2.560620E+0
 7.673420E+0 7.942370E-1 9.588750E-2 2.694430E-4 0.000000E+6 0.000000E+6
 1.066350E+1 1.421280E+0 1.716670E-1 7.597720E-4 0.000000E+6 0.000000E+6
 1.442950E+1 2.346760E+0 3.058920E-1 2.126290E-3 0.000000E+6 0.000000E+6
 1.926940E+1 3.618770E+0 5.409980E-1 5.872270E-3 0.000000E+6 0.000000E+6
 2.518430E+1 5.160690E+0 9.460450E-1 1.591930E-2 0.000000E+6 0.000000E+6
 3.252300E+1 6.976590E+0 1.627960E+0 4.196560E-2 2.836590E-2 9.040220E-5
 4.133140E+1 8.920190E+0 2.729760E+0 1.058900E-1 5.080450E-2 2.549750E-4
 5.189150E+1 1.094300E+1 4.427280E+0 2.519760E-1 9.048560E-2 7.123970E-4
 6.445580E+1 1.329160E+1 6.869880E+0 5.536730E-1 1.598050E-1 1.962390E-3
 7.863040E+1 1.579510E+1 1.013380E+1 1.105180E+0 2.786350E-1 5.289290E-3
 9.446090E+1 1.875760E+1 1.416960E+1 1.980480E+0 4.767050E-1 1.380460E-2
 1.112570E+2 2.212750E+1 1.879080E+1 3.170260E+0 7.939010E-1 3.436720E-2
 1.283110E+2 2.554050E+1 2.379610E+1 4.562170E+0 1.277570E+0 8.035580E-2
 1.471870E+2 2.892840E+1 2.901680E+1 6.007990E+0 1.956600E+0 1.720390E-1
 1.671780E+2 3.193080E+1 3.439090E+1 7.350540E+0 2.848490E+0 3.336740E-1
 1.850330E+2 3.441190E+1 3.978370E+1 8.499380E+0 3.929270E+0 5.793240E-1
 2.051180E+2 3.636990E+1 4.518900E+1 9.417470E+0 5.139790E+0 8.989200E-1
 2.264030E+2 3.804110E+1 5.098320E+1 1.016310E+1 6.445600E+0 1.260740E+0
 2.415280E+2 3.907280E+1 5.621400E+1 1.067200E+1 7.780250E+0 1.619980E+0
 2.631160E+2 3.990040E+1 6.189280E+1 1.105640E+1 9.142380E+0 1.944060E+0
 2.817590E+2 4.044350E+1 6.735560E+1 1.131900E+1 1.050980E+1 2.213680E+0
 7.117080E+0 7.976560E-1 0.000000E+6 0.000000E+6 0.000000E+6 0.000000E+6
 1.031010E+1 1.420340E+0 1.477950E-1 6.545410E-4 0.000000E+6 0.000000E+6
 1.395960E+1 2.350480E+0 2.633750E-1 1.831040E-3 0.000000E+6 0.000000E+6
 1.844540E+1 3.551190E+0 4.658810E-1 5.060780E-3 0.000000E+6 0.000000E+6
 2.388400E+1 4.986410E+0 8.148520E-1 1.372160E-2 0.000000E+6 0.000000E+6
 3.053070E+1 6.601830E+0 1.401190E+0 3.615160E-2 0.000000E+6 0.000000E+6
 3.831800E+1 8.291580E+0 2.355290E+0 9.146440E-2 4.363980E-2 2.190130E-4
 4.763240E+1 1.003550E+1 3.818190E+0 2.173180E-1 7.772660E-2 6.119760E-4
 5.856020E+1 1.195670E+1 5.931520E+0 4.779980E-1 1.372820E-1 1.685840E-3
 7.094150E+1 1.406650E+1 8.757870E+0 9.559780E-1 2.393540E-1 4.544130E-3
 8.464570E+1 1.654720E+1 1.225410E+1 1.714400E+0 4.095110E-1 1.185990E-2
 9.922420E+1 1.933360E+1 1.625790E+1 2.744920E+0 6.821140E-1 2.953060E-2
 1.142040E+2 2.224220E+1 2.058850E+1 3.949930E+0 1.095880E+0 6.892160E-2
 1.302640E+2 2.507320E+1 2.511020E+1 5.193560E+0 1.681440E+0 1.478510E-1
 1.471950E+2 2.758820E+1 2.974060E+1 6.340810E+0 2.447890E+0 2.867880E-1
 1.639980E+2 2.971640E+1 3.439840E+1 7.329320E+0 3.378000E+0 4.981960E-1
 1.813210E+2 3.145550E+1 3.917260E+1 8.133660E+0 4.422070E+0 7.736260E-1
 1.974500E+2 3.273310E+1 4.395420E+1 8.742410E+0 5.538960E+0 1.083740E+0
 2.131250E+2 3.364270E+1 4.862640E+1 9.184310E+0 6.689410E+0 1.392690E+0
 2.289040E+2 3.434760E+1 5.344050E+1 9.516410E+0 7.870710E+0 1.673030E+0
 2.449950E+2 3.479640E+1 5.816610E+1 9.737530E+0 9.046620E+0 1.903330E+0
 6.749590E+0 7.776440E-1 0.000000E+6 0.000000E+6 0.000000E+6 0.000000E+6
 9.269730E+0 1.394230E+0 0.000000E+6 0.000000E+6 0.000000E+6 0.000000E+6
 1.241320E+1 2.285320E+0 0.000000E+6 0.000000E+6 0.000000E+6 0.000000E+6
 1.731950E+1 3.438480E+0 3.896520E-1 4.233930E-3 0.000000E+6 0.000000E+6
 2.231070E+1 4.778630E+0 6.817180E-1 1.148830E-2 0.000000E+6 0.000000E+6
 2.811670E+1 6.190070E+0 1.172500E+0 3.026920E-2 0.000000E+6 0.000000E+6
 3.495440E+1 7.616240E+0 1.968060E+0 7.646980E-2 0.000000E+6 0.000000E+6
 4.297430E+1 9.043790E+0 3.202070E+0 1.825550E-1 6.484100E-2 5.105430E-4
 5.224740E+1 1.059720E+1 4.977230E+0 4.016850E-1 1.145260E-1 1.406440E-3
 6.274030E+1 1.225360E+1 7.347380E+0 8.022670E-1 1.996900E-1 3.791180E-3
 7.420070E+1 1.420410E+1 1.027550E+1 1.437380E+0 3.416940E-1 9.895280E-3
 8.650230E+1 1.645300E+1 1.364180E+1 2.303360E+0 5.691080E-1 2.464050E-2
 9.942200E+1 1.882800E+1 1.728010E+1 3.316420E+0 9.143130E-1 5.750290E-2
 1.124870E+2 2.112420E+1 2.106210E+1 4.355750E+0 1.403120E+0 1.234000E-1
 1.269390E+2 2.318770E+1 2.494810E+1 5.315130E+0 2.042930E+0 2.393720E-1
 1.395140E+2 2.489840E+1 2.881520E+1 6.133840E+0 2.819300E+0 4.158340E-1
 1.524910E+2 2.624900E+1 3.270850E+1 6.786710E+0 3.689050E+0 6.454300E-1
 1.675100E+2 2.734220E+1 3.677860E+1 7.299720E+0 4.622250E+0 9.042830E-1
 1.805650E+2 2.809040E+1 4.067230E+1 7.666710E+0 5.581880E+0 1.162020E+0
 1.936340E+2 2.861700E+1 4.459040E+1 7.927580E+0 6.555190E+0 1.393270E+0
 2.062940E+2 2.899040E+1 4.850190E+1 8.112400E+0 7.536370E+0 1.586050E+0
 6.167130E+0 7.210830E-1 0.000000E+6 0.000000E+6 0.000000E+6 0.000000E+6
 8.532530E+0 1.298930E+0 0.000000E+6 0.000000E+6 0.000000E+6 0.000000E+6
 1.141310E+1 2.132220E+0 0.000000E+6 0.000000E+6 0.000000E+6 0.000000E+6
 1.472170E+1 3.172900E+0 0.000000E+6 0.000000E+6 0.000000E+6 0.000000E+6
 2.023360E+1 4.368080E+0 5.705770E-1 9.617430E-3 0.000000E+6 0.000000E+6
 2.535450E+1 5.609780E+0 9.820310E-1 2.536770E-2 0.000000E+6 0.000000E+6
 3.125000E+1 6.791640E+0 1.648770E+0 6.409040E-2 0.000000E+6 0.000000E+6
 3.805420E+1 7.937870E+0 2.678900E+0 1.528570E-1 0.000000E+6 0.000000E+6
 4.587060E+1 9.152090E+0 4.166780E+0 3.365360E-1 0.000000E+6 0.000000E+6
 5.471370E+1 1.049640E+1 6.164570E+0 6.734750E-1 1.667810E-1 3.166420E-3
 6.436430E+1 1.208380E+1 8.622900E+0 1.206340E+0 2.853820E-1 8.264810E-3
 7.489580E+1 1.392360E+1 1.144240E+1 1.930740E+0 4.753670E-1 2.057960E-2
 8.565210E+1 1.586140E+1 1.449320E+1 2.777680E+0 7.636710E-1 4.803450E-2
 9.674840E+1 1.775200E+1 1.766290E+1 3.648030E+0 1.172020E+0 1.030860E-1
 1.079510E+2 1.946070E+1 2.091150E+1 4.454870E+0 1.709950E+0 2.004090E-1
 1.191130E+2 2.085180E+1 2.415370E+1 5.131240E+0 2.355540E+0 3.473670E-1
 1.303180E+2 2.196960E+1 2.740750E+1 5.675720E+0 3.081600E+0 5.391360E-1
 1.416970E+2 2.284260E+1 3.075350E+1 6.097050E+0 3.860460E+0 7.551200E-1
 1.523730E+2 2.346520E+1 3.402670E+1 6.403670E+0 4.664690E+0 9.703920E-1
 1.645150E+2 2.391960E+1 3.734930E+1 6.625170E+0 5.478780E+0 1.164040E+0
 1.749840E+2 2.421740E+1 4.060550E+1 6.776010E+0 6.294990E+0 1.324540E+0
 5.660220E+0 6.688290E-1 0.000000E+6 0.000000E+6 0.000000E+6 0.000000E+6
 7.850190E+0 1.203950E+0 0.000000E+6 0.000000E+6 0.000000E+6 0.000000E+6
 1.049930E+1 1.976740E+0 0.000000E+6 0.000000E+6 0.000000E+6 0.000000E+6
 1.351940E+1 2.922880E+0 0.000000E+6 0.000000E+6 0.000000E+6 0.000000E+6
 1.688830E+1 3.961240E+0 0.000000E+6 0.000000E+6 0.000000E+6 0.000000E+6
 2.290520E+1 5.053330E+0 8.496130E-1 2.194950E-2 0.000000E+6 0.000000E+6
 2.808480E+1 6.070400E+0 1.427610E+0 5.553520E-2 0.000000E+6 0.000000E+6
 3.400750E+1 7.047150E+0 2.318110E+0 1.322690E-1 0.000000E+6 0.000000E+6
 4.082390E+1 8.050240E+0 3.607930E+0 2.916440E-1 0.000000E+6 0.000000E+6
 4.848550E+1 9.190680E+0 5.333910E+0 5.831440E-1 0.000000E+6 0.000000E+6
 5.707180E+1 1.055320E+1 7.472130E+0 1.046030E+0 2.465290E-1 7.139690E-3
 6.594800E+1 1.210060E+1 9.911870E+0 1.672040E+0 4.106490E-1 1.777770E-2
 7.525610E+1 1.376260E+1 1.255140E+1 2.405520E+0 6.597350E-1 4.149770E-2
 8.487980E+1 1.538200E+1 1.530000E+1 3.156520E+0 1.012510E+0 8.905900E-2
 9.454290E+1 1.684160E+1 1.809760E+1 3.852370E+0 1.477020E+0 1.731300E-1
 1.042000E+2 1.803720E+1 2.090110E+1 4.436440E+0 2.034870E+0 3.001030E-1
 1.138470E+2 1.900160E+1 2.372760E+1 4.907060E+0 2.663450E+0 4.658170E-1
 1.237290E+2 1.974750E+1 2.661570E+1 5.269740E+0 3.335130E+0 6.523090E-1
 1.330430E+2 2.028060E+1 2.944710E+1 5.533650E+0 4.029790E+0 8.383490E-1
 1.423530E+2 2.064630E+1 3.224950E+1 5.718550E+0 4.728580E+0 1.004830E+0
 1.519400E+2 2.095600E+1 3.517080E+1 5.863240E+0 5.446580E+0 1.145920E+0
---