PdfType: central
Format: lhagrid1
---
 1.000000E-6 1.700000E-6 3.200000E-6 6.000000E-6 1.000000E-5 1.700000E-5 3.200000E-5 6.000000E-5 1.000000E-4 1.700000E-4 3.200000E-4 6.000000E-4 1.000000E-3 1.700000E-3 3.200000E-3 6.000000E-3 1.000000E-2 1.700000E-2 3.200000E-2 6.000000E-2 1.000000E-1
 3.162278E-1 3.981068E-1 5.011876E-1 6.309572E-1 7.943280E-1 1.000000E+0 1.258924E+0 1.584894E+0 1.995262E+0 2.511886E+0 3.162278E+0 3.981068E+0 5.011876E+0 6.309572E+0 7.943280E+0 1.000000E+1 1.258924E+1 1.584894E+1 1.995262E+1 2.511886E+1 3.162278E+1
900 901 917 918 920 921
 1.272240E+1 9.260180E-1 7.793050E-1 1.991090E-3 1.900360E-2 6.061280E-6
 1.902670E+1 1.790210E+0 1.328090E+0 5.334160E-3 3.485980E-2 1.751340E-5
 2.807600E+1 3.172040E+0 2.268010E+0 1.425930E-2 6.351720E-2 5.023150E-5
 4.098770E+1 5.336300E+0 3.861250E+0 3.766990E-2 1.147340E-1 1.427260E-4
 5.962300E+1 8.538170E+0 6.502340E+0 9.804430E-2 2.055000E-1 4.013170E-4
 8.543530E+1 1.306340E+1 1.084490E+1 2.496980E-1 3.669970E-1 1.125190E-3
 1.215680E+2 1.953610E+1 1.776680E+1 6.139820E-1 6.542250E-1 3.146130E-3
 1.782570E+2 2.998520E+1 2.942400E+1 1.497030E+0 1.191130E+0 8.952770E-3
 2.664820E+2 4.685590E+1 4.919430E+1 3.563360E+0 2.210230E+0 2.583740E-2
 3.822050E+2 7.160620E+1 7.758830E+1 7.723040E+0 3.996840E+0 7.196730E-2
 5.298820E+2 1.060510E+2 1.160720E+2 1.512430E+1 7.040600E+0 1.930250E-1
 7.163010E+2 1.540870E+2 1.667620E+2 2.709940E+1 1.204790E+1 4.933830E-1
 9.426520E+2 2.146920E+2 2.291540E+2 4.388260E+1 1.991390E+1 1.188040E+0
 1.200260E+3 2.877070E+2 3.024740E+2 6.545130E+1 3.147320E+1 2.646570E+0
 1.507320E+3 3.713810E+2 3.898250E+2 9.087260E+1 4.746360E+1 5.366610E+0
 1.854330E+3 4.631560E+2 4.890410E+2 1.191350E+2 6.823700E+1 9.872000E+0
 2.346780E+3 5.748910E+2 6.232460E+2 1.527820E+2 9.538040E+1 1.667340E+1
 2.674010E+3 6.510480E+2 7.211900E+2 1.772760E+2 1.217870E+2 2.440610E+1
 3.132170E+3 7.433360E+2 8.521460E+2 2.056070E+2 1.537930E+2 3.359870E+1
 3.661620E+3 8.377790E+2 1.002920E+3 2.341960E+2 1.900840E+2 4.344250E+1
 4.305450E+3 9.370800E+2 1.184390E+3 2.637800E+2 2.315890E+2 5.347660E+1
 1.211310E+1 8.968760E-1 7.088740E-1 1.831490E-3 1.590520E-2 5.103520E-6
 1.821160E+1 1.744360E+0 1.202880E+0 4.861360E-3 2.941140E-2 1.486720E-5
 2.681720E+1 3.107980E+0 2.050050E+0 1.298020E-2 5.393470E-2 4.292690E-5
 3.904990E+1 5.254350E+0 3.488580E+0 3.435820E-2 9.831730E-2 1.230840E-4
 5.610560E+1 8.279300E+0 5.901740E+0 8.978240E-2 1.772450E-1 3.485220E-4
 8.039320E+1 1.262670E+1 9.831260E+0 2.284940E-1 3.165710E-1 9.761290E-4
 1.138690E+2 1.871240E+1 1.612810E+1 5.636900E-1 5.649830E-1 2.731750E-3
 1.651840E+2 2.831040E+1 2.671910E+1 1.372130E+0 1.024980E+0 7.742990E-3
 2.447990E+2 4.395270E+1 4.420480E+1 3.238710E+0 1.900770E+0 2.233450E-2
 3.487490E+2 6.626910E+1 6.958900E+1 6.992620E+0 3.438090E+0 6.226150E-2
 4.806210E+2 9.728150E+1 1.042300E+2 1.369440E+1 6.047970E+0 1.667190E-1
 6.473140E+2 1.398420E+2 1.490270E+2 2.436280E+1 1.039720E+1 4.282310E-1
 8.422150E+2 1.924610E+2 2.033760E+2 3.912070E+1 1.717280E+1 1.029450E+0
 1.072490E+3 2.563260E+2 2.681290E+2 5.805170E+1 2.715460E+1 2.290890E+0
 1.342840E+3 3.293420E+2 3.440940E+2 8.027860E+1 4.096080E+1 4.650390E+0
 1.642220E+3 4.071800E+2 4.301830E+2 1.045120E+2 5.887680E+1 8.539730E+0
 2.064900E+3 5.014580E+2 5.458040E+2 1.331040E+2 8.206570E+1 1.436680E+1
 2.335390E+3 5.635300E+2 6.282090E+2 1.533270E+2 1.048150E+2 2.097210E+1
 2.727260E+3 6.395820E+2 7.398400E+2 1.768000E+2 1.318610E+2 2.873300E+1
 3.196810E+3 7.186340E+2 8.717950E+2 2.007870E+2 1.627810E+2 3.708010E+1
 3.713060E+3 7.961640E+2 1.018120E+3 2.240570E+2 1.972150E+2 4.532420E+1
 1.162750E+1 8.935740E-1 6.352320E-1 1.670610E-3 1.265330E-2 4.089810E-6
 1.725740E+1 1.698940E+0 1.073170E+0 4.381570E-3 2.372870E-2 1.208290E-5
 2.542700E+1 3.059420E+0 1.822390E+0 1.163340E-2 4.397340E-2 3.525420E-5
 3.654170E+1 5.033930E+0 3.087310E+0 3.070420E-2 8.070690E-2 1.018130E-4
 5.253530E+1 7.988660E+0 5.221680E+0 8.018940E-2 1.470770E-1 2.915730E-4
 7.448220E+1 1.205700E+1 8.729770E+0 2.050330E-1 2.650560E-1 8.239290E-4
 1.049880E+2 1.772430E+1 1.437080E+1 5.080860E-1 4.731530E-1 2.302430E-3
 1.503540E+2 2.643520E+1 2.359010E+1 1.225800E+0 8.561100E-1 6.511480E-3
 2.214100E+2 4.027050E+1 3.897550E+1 2.882470E+0 1.580090E+0 1.868220E-2
 3.109890E+2 6.007070E+1 6.096000E+1 6.185420E+0 2.859900E+0 5.209150E-2
 4.283490E+2 8.773100E+1 9.111000E+1 1.210880E+1 5.022830E+0 1.393270E-1
 5.700810E+2 1.238750E+2 1.295140E+2 2.130000E+1 8.659000E+0 3.590650E-1
 7.448980E+2 1.693970E+2 1.768950E+2 3.411370E+1 1.436080E+1 8.652770E-1
 9.338090E+2 2.223880E+2 2.310650E+2 5.006870E+1 2.267700E+1 1.922400E+0
 1.161990E+3 2.834390E+2 2.955710E+2 6.887410E+1 3.417260E+1 3.898170E+0
 1.415080E+3 3.468950E+2 3.677390E+2 8.882200E+1 4.900110E+1 7.119450E+0
 1.698440E+3 4.128550E+2 4.479290E+2 1.095220E+2 6.705650E+1 1.176430E+1
 2.022200E+3 4.752090E+2 5.385330E+2 1.290720E+2 8.735300E+1 1.743810E+1
 2.306390E+3 5.330790E+2 6.230930E+2 1.472430E+2 1.092570E+2 2.377040E+1
 2.677930E+3 5.938710E+2 7.272690E+2 1.658550E+2 1.343250E+2 3.050620E+1
 3.101980E+3 6.530800E+2 8.475580E+2 1.837200E+2 1.619930E+2 3.702900E+1
 1.103150E+1 8.606530E-1 5.629560E-1 1.505090E-3 9.805210E-3 3.193390E-6
 1.629660E+1 1.643370E+0 9.621880E-1 3.986990E-3 1.876430E-2 9.625550E-6
 2.401080E+1 2.957110E+0 1.624930E+0 1.047760E-2 3.535330E-2 2.855670E-5
 3.448530E+1 4.916650E+0 2.739300E+0 2.749600E-2 6.567050E-2 8.345600E-5
 4.884440E+1 7.635430E+0 4.623610E+0 7.172630E-2 1.206640E-1 2.410540E-4
 6.946510E+1 1.152830E+1 7.722390E+0 1.832560E-1 2.196500E-1 6.884360E-4
 9.653410E+1 1.666210E+1 1.269400E+1 4.527190E-1 3.951580E-1 1.937220E-3
 1.372810E+2 2.449690E+1 2.088460E+1 1.094610E+0 7.139300E-1 5.462360E-3
 1.986200E+2 3.669980E+1 3.418130E+1 2.549750E+0 1.304860E+0 1.552020E-2
 2.776270E+2 5.405120E+1 5.325990E+1 5.450800E+0 2.372460E+0 4.350760E-2
 3.786230E+2 7.792250E+1 7.896420E+1 1.055420E+1 4.168290E+0 1.163350E-1
 5.010120E+2 1.091040E+2 1.121120E+2 1.856340E+1 7.177300E+0 2.993120E-1
 6.466380E+2 1.484800E+2 1.526250E+2 2.969440E+1 1.194800E+1 7.255280E-1
 8.128880E+2 1.932240E+2 1.991640E+2 4.327770E+1 1.887360E+1 1.609250E+0
 9.994880E+2 2.428010E+2 2.526890E+2 5.879160E+1 2.839860E+1 3.252190E+0
 1.215060E+3 2.947330E+2 3.127090E+2 7.531680E+1 4.079590E+1 5.952220E+0
 1.450010E+3 3.480520E+2 3.799000E+2 9.217590E+1 5.563830E+1 9.772510E+0
 1.740550E+3 4.022720E+2 4.595870E+2 1.090910E+2 7.279780E+1 1.455080E+1
 1.944950E+3 4.407240E+2 5.209850E+2 1.216270E+2 8.973620E+1 1.949850E+1
 2.237090E+3 4.877850E+2 6.050550E+2 1.361480E+2 1.101120E+2 2.490600E+1
 2.576440E+3 5.313000E+2 7.003220E+2 1.494040E+2 1.320690E+2 3.001180E+1
 1.059700E+1 8.553270E-1 5.062000E-1 1.367230E-3 7.795330E-3 2.555260E-6
 1.568360E+1 1.642140E+0 8.715380E-1 3.665050E-3 1.518680E-2 7.838670E-6
 2.288290E+1 2.859660E+0 1.479740E+0 9.622920E-3 2.911370E-2 2.365820E-5
 3.286740E+1 4.867830E+0 2.496430E+0 2.524180E-2 5.486640E-2 7.015500E-5
 4.637960E+1 7.449620E+0 4.184030E+0 6.546470E-2 1.018390E-1 2.046640E-4
 6.506750E+1 1.112360E+1 6.982140E+0 1.668900E-1 1.868540E-1 5.894520E-4
 9.023690E+1 1.587050E+1 1.147580E+1 4.128620E-1 3.387550E-1 1.671880E-3
 1.279290E+2 2.324680E+1 1.880390E+1 9.930390E-1 6.126110E-1 4.713770E-3
 1.824360E+2 3.424200E+1 3.071950E+1 2.311320E+0 1.114900E+0 1.332650E-2
 2.529970E+2 4.957200E+1 4.761510E+1 4.896020E+0 2.025410E+0 3.731580E-2
 3.413620E+2 7.039310E+1 7.023320E+1 9.431880E+0 3.566910E+0 1.000260E-1
 4.508570E+2 9.830110E+1 9.961630E+1 1.654510E+1 6.149890E+0 2.576020E-1
 5.787510E+2 1.325240E+2 1.350700E+2 2.630880E+1 1.023040E+1 6.231570E-1
 7.245090E+2 1.714830E+2 1.757950E+2 3.823310E+1 1.620100E+1 1.387300E+0
 8.850420E+2 2.136380E+2 2.218070E+2 5.155930E+1 2.437060E+1 2.799860E+0
 1.068900E+3 2.579410E+2 2.741340E+2 6.574390E+1 3.499650E+1 5.111790E+0
 1.267320E+3 3.013720E+2 3.306810E+2 7.969460E+1 4.754780E+1 8.358160E+0
 1.482190E+3 3.401260E+2 3.899370E+2 9.220870E+1 6.140200E+1 1.227570E+1
 1.683080E+3 3.757640E+2 4.493300E+2 1.036240E+2 7.624630E+1 1.651280E+1
 1.944520E+3 4.151640E+2 5.228480E+2 1.158150E+2 9.371750E+1 2.109140E+1
 2.217500E+3 4.484780E+2 5.997860E+2 1.260710E+2 1.117730E+2 2.525180E+1
 1.007520E+1 8.219100E-1 4.488420E-1 1.224670E-3 6.018110E-3 1.986530E-6
 1.498210E+1 1.587500E+0 7.816460E-1 3.330650E-3 1.194170E-2 6.204460E-6
 2.164680E+1 2.777620E+0 1.335650E+0 8.807710E-3 2.330450E-2 1.906040E-5
 3.094640E+1 4.615650E+0 2.253270E+0 2.293100E-2 4.476200E-2 5.760240E-5
 4.376170E+1 7.137960E+0 3.793550E+0 5.986870E-2 8.441500E-2 1.707440E-4
 6.110210E+1 1.061640E+1 6.302310E+0 1.518740E-1 1.564610E-1 4.966670E-4
 8.416520E+1 1.511530E+1 1.031410E+1 3.738810E-1 2.864400E-1 1.423510E-3
 1.179370E+2 2.182660E+1 1.684930E+1 8.977470E-1 5.198860E-1 4.026180E-3
 1.673270E+2 3.170680E+1 2.740930E+1 2.076710E+0 9.459260E-1 1.137140E-2
 2.296490E+2 4.533320E+1 4.233430E+1 4.386870E+0 1.710030E+0 3.166880E-2
 3.071450E+2 6.360770E+1 6.217420E+1 8.401970E+0 3.032110E+0 8.546840E-2
 4.016750E+2 8.753670E+1 8.764530E+1 1.459300E+1 5.188820E+0 2.184870E-1
 5.137320E+2 1.170740E+2 1.185930E+2 2.311570E+1 8.671740E+0 5.307810E-1
 6.373720E+2 1.503210E+2 1.536170E+2 3.337510E+1 1.379560E+1 1.185860E+0
 7.771880E+2 1.859890E+2 1.933440E+2 4.475290E+1 2.067210E+1 2.380600E+0
 9.366070E+2 2.234440E+2 2.379770E+2 5.680860E+1 2.965900E+1 4.346660E+0
 1.102100E+3 2.577490E+2 2.848910E+2 6.801510E+1 4.006920E+1 7.042030E+0
 1.307430E+3 2.935540E+2 3.409440E+2 7.944670E+1 5.235210E+1 1.044520E+1
 1.442660E+3 3.177430E+2 3.838960E+2 8.755660E+1 6.421440E+1 1.386930E+1
 1.659140E+3 3.482860E+2 4.434670E+2 9.711280E+1 7.861090E+1 1.761810E+1
 1.885040E+3 3.738880E+2 5.073830E+2 1.050640E+2 9.333580E+1 2.097520E+1
 9.698010E+0 8.266060E-1 3.841170E-1 1.060470E-3 4.263920E-3 1.420390E-6
 1.416490E+1 1.555510E+0 6.772010E-1 2.920010E-3 8.713770E-3 4.566790E-6
 2.051550E+1 2.748980E+0 1.174450E+0 7.874900E-3 1.739760E-2 1.434480E-5
 2.907690E+1 4.503030E+0 1.993650E+0 2.057280E-2 3.410720E-2 4.423250E-5
 4.090480E+1 6.848080E+0 3.350280E+0 5.324020E-2 6.576370E-2 1.340630E-4
 5.653590E+1 1.016340E+1 5.577270E+0 1.356050E-1 1.244490E-1 3.981080E-4
 7.759500E+1 1.421310E+1 9.122780E+0 3.338010E-1 2.312400E-1 1.158160E-3
 1.072820E+2 2.014360E+1 1.477260E+1 7.937350E-1 4.230820E-1 3.304680E-3
 1.503240E+2 2.884080E+1 2.372100E+1 1.815020E+0 7.673590E-1 9.292650E-3
 2.038370E+2 4.059200E+1 3.664230E+1 3.823040E+0 1.383950E+0 2.579480E-2
 2.703380E+2 5.645770E+1 5.360690E+1 7.296060E+0 2.467120E+0 6.995420E-2
 3.500930E+2 7.653330E+1 7.519320E+1 1.259250E+1 4.222120E+0 1.787860E-1
 4.460110E+2 1.014720E+2 1.013430E+2 1.983780E+1 7.072300E+0 4.358440E-1
 5.506900E+2 1.283330E+2 1.307030E+2 2.833130E+1 1.127700E+1 9.738790E-1
 6.659530E+2 1.573630E+2 1.632750E+2 3.768540E+1 1.688340E+1 1.953980E+0
 7.931900E+2 1.863380E+2 1.994260E+2 4.723920E+1 2.418020E+1 3.549110E+0
 9.269910E+2 2.132860E+2 2.373050E+2 5.619160E+1 3.264590E+1 5.744040E+0
 1.069180E+3 2.386220E+2 2.780120E+2 6.453710E+1 4.225240E+1 8.431050E+0
 1.211060E+3 2.591270E+2 3.183860E+2 7.130720E+1 5.192280E+1 1.117080E+1
 1.371340E+3 2.805680E+2 3.642150E+2 7.817220E+1 6.325240E+1 1.410470E+1
 1.547040E+3 2.994870E+2 4.144770E+2 8.411910E+1 7.502570E+1 1.673310E+1
 9.184860E+0 7.986650E-1 3.217560E-1 8.988040E-4 2.838680E-3 9.550580E-7
 1.353590E+1 1.494860E+0 5.770080E-1 2.518280E-3 6.101630E-3 3.227590E-6
 1.939340E+1 2.664600E+0 1.016600E+0 6.913820E-3 1.259440E-2 1.047540E-5
 2.758720E+1 4.423360E+0 1.750690E+0 1.839310E-2 2.530530E-2 3.308890E-5
 3.820720E+1 6.634370E+0 2.953710E+0 4.749460E-2 4.982520E-2 1.023660E-4
 5.255050E+1 9.571900E+0 4.901830E+0 1.201310E-1 9.637630E-2 3.106980E-4
 7.124410E+1 1.343230E+1 8.039840E+0 2.968380E-1 1.827550E-1 9.224800E-4
 9.757890E+1 1.862130E+1 1.294060E+1 7.017790E-1 3.393060E-1 2.671580E-3
 1.346290E+2 2.615390E+1 2.052720E+1 1.582290E+0 6.184420E-1 7.549740E-3
 1.818140E+2 3.645900E+1 3.160910E+1 3.325880E+0 1.117200E+0 2.096920E-2
 2.388910E+2 4.985060E+1 4.616270E+1 6.318940E+0 1.989080E+0 5.672920E-2
 3.076680E+2 6.679990E+1 6.392520E+1 1.076010E+1 3.423330E+0 1.458280E-1
 3.853360E+2 8.691530E+1 8.570510E+1 1.679620E+1 5.692750E+0 3.522280E-1
 4.728530E+2 1.093900E+2 1.106060E+2 2.397080E+1 9.112180E+0 7.898780E-1
 5.666840E+2 1.318160E+2 1.368500E+2 3.142380E+1 1.367010E+1 1.586090E+0
 6.710600E+2 1.551320E+2 1.668610E+2 3.919680E+1 1.958410E+1 2.882740E+0
 7.749700E+2 1.756660E+2 1.970210E+2 4.617920E+1 2.640370E+1 4.647010E+0
 9.126970E+2 1.964330E+2 2.332700E+2 5.300070E+1 3.423800E+1 6.816960E+0
 1.027080E+3 2.124470E+2 2.667630E+2 5.840280E+1 4.247820E+1 9.097580E+0
 1.128400E+3 2.251350E+2 2.972810E+2 6.268400E+1 5.069670E+1 1.124260E+1
 1.267330E+3 2.378630E+2 3.360820E+2 6.677640E+1 5.977070E+1 1.323010E+1
 8.851150E+0 7.876160E-1 2.740780E-1 7.728660E-4 1.870030E-3 6.347780E-7
 1.296900E+1 1.497890E+0 4.978600E-1 2.195080E-3 4.329830E-3 2.309380E-6
 1.846650E+1 2.610790E+0 8.892550E-1 6.107920E-3 9.354010E-3 7.840150E-6
 2.613070E+1 4.202050E+0 1.556580E+0 1.655560E-2 1.935360E-2 2.549060E-5
 3.620490E+1 6.433160E+0 2.652340E+0 4.318650E-2 3.891720E-2 8.050130E-5
 4.942770E+1 9.203400E+0 4.409670E+0 1.088910E-1 7.657500E-2 2.484630E-4
 6.659430E+1 1.264550E+1 7.216050E+0 2.679970E-1 1.477730E-1 7.505870E-4
 9.063020E+1 1.760130E+1 1.162480E+1 6.351570E-1 2.790210E-1 2.210500E-3
 1.231540E+2 2.429590E+1 1.833450E+1 1.424450E+0 5.145970E-1 6.323550E-3
 1.648830E+2 3.330710E+1 2.791980E+1 2.958950E+0 9.312140E-1 1.758870E-2
 2.144020E+2 4.481150E+1 4.065200E+1 5.587400E+0 1.657490E+0 4.754190E-2
 2.715090E+2 5.900700E+1 5.588600E+1 9.434080E+0 2.852980E+0 1.220290E-1
 3.402950E+2 7.660250E+1 7.477880E+1 1.469130E+1 4.768190E+0 2.964080E-1
 4.160820E+2 9.558460E+1 9.594630E+1 2.079470E+1 7.632740E+0 6.641190E-1
 4.937720E+2 1.139190E+2 1.181530E+2 2.705060E+1 1.146840E+1 1.334530E+0
 5.825220E+2 1.327620E+2 1.434170E+2 3.344980E+1 1.638770E+1 2.413730E+0
 6.702130E+2 1.490320E+2 1.686920E+2 3.910010E+1 2.206030E+1 3.885480E+0
 7.827540E+2 1.653140E+2 1.982730E+2 4.455080E+1 2.855500E+1 5.681370E+0
 8.619490E+2 1.763220E+2 2.229270E+2 4.843910E+1 3.508680E+1 7.501950E+0
 9.742560E+2 1.875510E+2 2.536910E+2 5.217210E+1 4.225520E+1 9.297190E+0
 1.071310E+3 1.961550E+2 2.821340E+2 5.504290E+1 4.941550E+1 1.086680E+1
 8.517700E+0 7.699280E-1 2.287530E-1 6.520620E-4 1.039680E-3 3.565140E-7
 1.252020E+1 1.490000E+0 4.208660E-1 1.874320E-3 2.768390E-3 1.490370E-6
 1.770030E+1 2.545300E+0 7.609940E-1 5.276120E-3 6.494930E-3 5.490990E-6
 2.476110E+1 4.114250E+0 1.352490E+0 1.453860E-2 1.413500E-2 1.876680E-5
 3.443060E+1 6.242360E+0 2.341610E+0 3.863450E-2 2.934850E-2 6.116700E-5
 4.648040E+1 8.903660E+0 3.934320E+0 9.820460E-2 5.906600E-2 1.930360E-4
 6.247100E+1 1.215230E+1 6.439980E+0 2.408850E-1 1.160610E-1 5.935490E-4
 8.385400E+1 1.646180E+1 1.033020E+1 5.674970E-1 2.231380E-1 1.779550E-3
 1.121260E+2 2.227940E+1 1.613950E+1 1.260760E+0 4.181480E-1 5.172340E-3
 1.490260E+2 3.023070E+1 2.442420E+1 2.602310E+0 7.640950E-1 1.452910E-2
 1.921150E+2 4.013120E+1 3.549850E+1 4.897230E+0 1.362470E+0 3.930550E-2
 2.416790E+2 5.222070E+1 4.868910E+1 8.242530E+0 2.355540E+0 1.012710E-1
 2.986170E+2 6.661710E+1 6.437370E+1 1.262890E+1 3.951160E+0 2.465780E-1
 3.632660E+2 8.238940E+1 8.239530E+1 1.779490E+1 6.309640E+0 5.512580E-1
 4.321710E+2 9.760530E+1 1.014100E+2 2.306480E+1 9.491510E+0 1.107630E+0
 5.051980E+2 1.126760E+2 1.222290E+2 2.827840E+1 1.354120E+1 1.999030E+0
 5.762050E+2 1.250300E+2 1.427350E+2 3.272400E+1 1.818870E+1 3.204810E+0
 6.663510E+2 1.372060E+2 1.667870E+2 3.692160E+1 2.349180E+1 4.661450E+0
 7.421450E+2 1.464010E+2 1.890590E+2 4.016600E+1 2.897220E+1 6.164810E+0
 8.191000E+2 1.535760E+2 2.113510E+2 4.269070E+1 3.457640E+1 7.567690E+0
 9.008130E+2 1.595060E+2 2.345860E+2 4.473450E+1 4.034550E+1 8.795850E+0
 8.172240E+0 7.611200E-1 1.790280E-1 5.163690E-4 3.414880E-4 1.187740E-7
 1.185500E+1 1.429720E+0 3.374080E-1 1.520960E-3 1.288290E-3 7.022040E-7
 1.682750E+1 2.453030E+0 6.208800E-1 4.358300E-3 3.669790E-3 3.138010E-6
 2.347010E+1 4.044890E+0 1.118570E+0 1.216710E-2 8.943960E-3 1.199980E-5
 3.253320E+1 6.104220E+0 1.973960E+0 3.304510E-2 1.989110E-2 4.186200E-5
 4.347270E+1 8.544660E+0 3.378650E+0 8.579120E-2 4.179310E-2 1.378340E-4
 5.794060E+1 1.147580E+1 5.584140E+0 2.111180E-1 8.455260E-2 4.361840E-4
 7.690240E+1 1.540890E+1 8.937400E+0 4.950860E-1 1.662440E-1 1.336830E-3
 1.012830E+2 2.026280E+1 1.385720E+1 1.090710E+0 3.183740E-1 3.969320E-3
 1.316430E+2 2.678390E+1 2.084980E+1 2.236250E+0 5.924650E-1 1.135530E-2
 1.677110E+2 3.515770E+1 3.001590E+1 4.166080E+0 1.066410E+0 3.100630E-2
 2.095610E+2 4.489880E+1 4.091010E+1 6.940670E+0 1.858590E+0 8.044060E-2
 2.545930E+2 5.608080E+1 5.378780E+1 1.054530E+1 3.118540E+0 1.956500E-1
 3.074270E+2 6.872780E+1 6.833580E+1 1.472400E+1 4.977650E+0 4.367230E-1
 3.611940E+2 8.030020E+1 8.349660E+1 1.886530E+1 7.503240E+0 8.782990E-1
 4.193220E+2 9.122290E+1 9.964760E+1 2.281530E+1 1.067800E+1 1.579090E+0
 4.782710E+2 1.005680E+2 1.162980E+2 2.624770E+1 1.434380E+1 2.526020E+0
 5.308570E+2 1.082870E+2 1.328250E+2 2.910430E+1 1.833780E+1 3.636860E+0
 5.947060E+2 1.146900E+2 1.502250E+2 3.143160E+1 2.256890E+1 4.786970E+0
 6.642600E+2 1.199270E+2 1.690370E+2 3.330470E+1 2.698650E+1 5.864230E+0
 7.259160E+2 1.235330E+2 1.865810E+2 3.462120E+1 3.135730E+1 6.771850E+0
 7.972660E+0 7.780100E-1 1.322520E-1 3.863620E-4 3.748500E-5 1.328830E-8
 1.145150E+1 1.420640E+0 2.610350E-1 1.190860E-3 3.498320E-4 1.935650E-7
 1.612440E+1 2.456580E+0 4.938360E-1 3.506680E-3 1.544200E-3 1.337540E-6
 2.227830E+1 3.877620E+0 9.076070E-1 9.991430E-3 4.775400E-3 6.481350E-6
 3.026810E+1 5.847350E+0 1.624770E+0 2.751660E-2 1.217580E-2 2.589910E-5
 4.043780E+1 8.138050E+0 2.828340E+0 7.287940E-2 2.775880E-2 9.246450E-5
 5.333260E+1 1.085860E+1 4.747900E+0 1.822480E-1 5.906860E-2 3.075390E-4
 6.984010E+1 1.411320E+1 7.638840E+0 4.264790E-1 1.200050E-1 9.734190E-4
 9.083210E+1 1.841240E+1 1.186070E+1 9.398430E-1 2.353860E-1 2.958920E-3
 1.161610E+2 2.374050E+1 1.764530E+1 1.901660E+0 4.469050E-1 8.632760E-3
 1.467270E+2 3.046980E+1 2.520980E+1 3.507460E+0 8.191260E-1 2.400530E-2
 1.798360E+2 3.823810E+1 3.418920E+1 5.807250E+0 1.439630E+0 6.274180E-2
 2.182670E+2 4.747690E+1 4.485180E+1 8.790100E+0 2.430450E+0 1.533830E-1
 2.608740E+2 5.687040E+1 5.633120E+1 1.207120E+1 3.883270E+0 3.423470E-1
 3.039810E+2 6.564160E+1 6.846760E+1 1.533030E+1 5.861380E+0 6.882970E-1
 3.484820E+2 7.371990E+1 8.113310E+1 1.835630E+1 8.351110E+0 1.237220E+0
 3.934970E+2 8.024690E+1 9.391070E+1 2.088110E+1 1.117340E+1 1.968380E+0
 4.351690E+2 8.547980E+1 1.066960E+2 2.292070E+1 1.427860E+1 2.822090E+0
 4.840420E+2 8.967700E+1 1.201470E+2 2.454020E+1 1.753220E+1 3.698510E+0
 5.306400E+2 9.255100E+1 1.333100E+2 2.567770E+1 2.079630E+1 4.489510E+0
 5.791510E+2 9.473430E+1 1.470390E+2 2.653100E+1 2.414290E+1 5.162400E+0
 7.720390E+0 7.399720E-1 9.517040E-2 2.810080E-4 -9.419930E-8 -2.952840E-11
 1.100020E+1 1.394610E+0 2.016150E-1 9.293020E-4 4.435610E-5 2.496780E-8
 1.562140E+1 2.435220E+0 3.979880E-1 2.854890E-3 4.763330E-4 4.179000E-7
 2.133260E+1 3.806100E+0 7.498590E-1 8.337840E-3 2.221450E-3 3.047920E-6
 2.877740E+1 5.644450E+0 1.364170E+0 2.332990E-2 7.056960E-3 1.515520E-5
 3.805600E+1 7.733120E+0 2.404150E+0 6.252480E-2 1.823430E-2 6.127000E-5
 5.006740E+1 1.028580E+1 4.091550E+0 1.591190E-1 4.178500E-2 2.193230E-4
 6.477930E+1 1.326330E+1 6.662660E+0 3.767640E-1 8.883980E-2 7.261440E-4
 8.297550E+1 1.688930E+1 1.034270E+1 8.241160E-1 1.793550E-1 2.270560E-3
 1.054880E+2 2.149250E+1 1.537540E+1 1.664130E+0 3.474690E-1 6.756030E-3
 1.309030E+2 2.705680E+1 2.179540E+1 3.041990E+0 6.469930E-1 1.907800E-2
 1.591290E+2 3.363410E+1 2.956210E+1 5.029440E+0 1.153020E+0 5.056290E-2
 1.929220E+2 4.106850E+1 3.838860E+1 7.507390E+0 1.958020E+0 1.241900E-1
 2.270860E+2 4.844270E+1 4.786420E+1 1.019330E+1 3.141610E+0 2.779390E-1
 2.600130E+2 5.526690E+1 5.775510E+1 1.283230E+1 4.751550E+0 5.593140E-1
 2.972790E+2 6.148260E+1 6.814870E+1 1.524750E+1 6.761540E+0 1.002600E+0
 3.200240E+2 6.256280E+1 7.474290E+1 1.629310E+1 8.984590E+0 1.580790E+0
 3.758480E+2 7.025510E+1 8.960000E+1 1.878960E+1 1.156810E+1 2.280580E+0
 4.119750E+2 7.288650E+1 1.000470E+2 1.991040E+1 1.414980E+1 2.968880E+0
 4.468270E+2 7.456980E+1 1.103410E+2 2.066530E+1 1.674850E+1 3.586490E+0
 4.830590E+2 7.556580E+1 1.205550E+2 2.114720E+1 1.933480E+1 4.094760E+0
 7.524100E+0 7.390280E-1 5.756360E-2 1.719380E-4 0.000000E+6 0.000000E+6
 1.075660E+1 1.385850E+0 1.410000E-1 6.569590E-4 -1.492000E-7 -7.409330E-11
 1.495900E+1 2.390170E+0 3.013250E-1 2.184810E-3 4.567170E-5 4.080920E-8
 2.033670E+1 3.723780E+0 5.948270E-1 6.679540E-3 6.007040E-4 8.354680E-7
 2.732500E+1 5.442660E+0 1.113280E+0 1.923140E-2 3.046360E-3 6.616520E-6
 3.605440E+1 7.473360E+0 1.996540E+0 5.242620E-2 1.008150E-2 3.421690E-5
 4.661630E+1 9.760440E+0 3.441850E+0 1.351990E-1 2.657750E-2 1.407780E-4
 5.986150E+1 1.245800E+1 5.668780E+0 3.243140E-1 6.135900E-2 5.057640E-4
 7.567310E+1 1.556490E+1 8.875840E+0 7.143790E-1 1.302540E-1 1.662010E-3
 9.454940E+1 1.927000E+1 1.319550E+1 1.434290E+0 2.604140E-1 5.100600E-3
 1.162370E+2 2.388970E+1 1.869030E+1 2.617270E+0 4.952710E-1 1.470000E-2
 1.403270E+2 2.922240E+1 2.511560E+1 4.269870E+0 8.965810E-1 3.956160E-2
 1.672440E+2 3.508790E+1 3.245420E+1 6.321870E+0 1.538460E+0 9.815630E-2
 1.932250E+2 4.072910E+1 4.014050E+1 8.498240E+0 2.485340E+0 2.208000E-1
 2.250450E+2 4.609700E+1 4.836190E+1 1.061910E+1 3.771170E+0 4.452750E-1
 2.535580E+2 5.041470E+1 5.639650E+1 1.244330E+1 5.368210E+0 7.968660E-1
 2.814680E+2 5.368660E+1 6.465070E+1 1.388050E+1 7.146210E+0 1.256130E+0
 3.114550E+2 5.627110E+1 7.297210E+1 1.501860E+1 9.146160E+0 1.797230E+0
 3.419530E+2 5.800920E+1 8.146310E+1 1.582020E+1 1.118710E+1 2.334410E+0
 3.680610E+2 5.889030E+1 8.948880E+1 1.630110E+1 1.321870E+1 2.807860E+0
 3.940130E+2 5.906410E+1 9.708390E+1 1.651630E+1 1.519290E+1 3.180990E+0
 7.434450E+0 7.442820E-1 2.037070E-2 6.180840E-5 0.000000E+6 0.000000E+6
 1.040670E+1 1.364480E+0 7.198340E-2 3.401700E-4 0.000000E+6 0.000000E+6
 1.432990E+1 2.316210E+0 1.884980E-1 1.384520E-3 -2.362640E-7 -1.858290E-10
 1.922530E+1 3.597860E+0 4.159070E-1 4.729790E-3 1.657360E-5 2.370680E-8
 2.563850E+1 5.218980E+0 8.301980E-1 1.450900E-2 4.960340E-4 1.096510E-6
 3.314460E+1 6.986640E+0 1.547000E+0 4.109030E-2 3.265610E-3 1.124060E-5
 4.256620E+1 9.012240E+0 2.728640E+0 1.083660E-1 1.221720E-2 6.551070E-5
 5.415110E+1 1.134960E+1 4.565320E+0 2.643400E-1 3.427410E-2 2.856260E-4
 6.733330E+1 1.379530E+1 7.230550E+0 5.889830E-1 8.148450E-2 1.050210E-3
 8.320610E+1 1.680730E+1 1.080520E+1 1.184290E+0 1.744090E-1 3.447870E-3
 1.007680E+2 2.043860E+1 1.528680E+1 2.145430E+0 3.459330E-1 1.035450E-2
 1.200330E+2 2.445890E+1 2.047480E+1 3.478880E+0 6.434050E-1 2.860860E-2
 1.413750E+2 2.876190E+1 2.622890E+1 5.082740E+0 1.125790E+0 7.232500E-2
 1.633800E+2 3.288280E+1 3.226980E+1 6.762340E+0 1.837910E+0 1.641670E-1
 1.847660E+2 3.642610E+1 3.841860E+1 8.316020E+0 2.804340E+0 3.321820E-1
 2.040960E+2 3.927200E+1 4.452410E+1 9.634680E+0 4.006140E+0 5.952670E-1
 2.266490E+2 4.092540E+1 5.030290E+1 1.054810E+1 5.359140E+0 9.414920E-1
 2.524370E+2 4.287300E+1 5.721910E+1 1.140300E+1 6.835800E+0 1.337300E+0
 2.686250E+2 4.343410E+1 6.279680E+1 1.182090E+1 8.311710E+0 1.721220E+0
 2.906220E+2 4.361470E+1 6.869270E+1 1.205310E+1 9.777000E+0 2.054510E+0
 3.088280E+2 4.337720E+1 7.423940E+1 1.211540E+1 1.121380E+1 2.315380E+0
 7.498630E+0 7.731950E-1 2.070150E-3 6.400630E-6 0.000000E+6 0.000000E+6
 1.029500E+1 1.376020E+0 2.050360E-2 9.847390E-5 0.000000E+6 0.000000E+6
 1.392270E+1 2.304370E+0 8.572650E-2 6.388710E-4 0.000000E+6 0.000000E+6
 1.842220E+1 3.497550E+0 2.426700E-1 2.796120E-3 0.000000E+6 0.000000E+6
 2.412510E+1 5.041500E+0 5.568600E-1 9.853650E-3 2.319390E-6 5.351470E-9
 3.073120E+1 6.653010E+0 1.122780E+0 3.017130E-2 3.439590E-4 1.206820E-6
 3.885870E+1 8.398890E+0 2.071740E+0 8.310260E-2 3.226650E-3 1.756180E-5
 4.863090E+1 1.024370E+1 3.561880E+0 2.081480E-1 1.408640E-2 1.188710E-4
 5.987850E+1 1.229900E+1 5.732300E+0 4.715440E-1 4.257010E-2 5.547820E-4
 7.293050E+1 1.465530E+1 8.659380E+0 9.587670E-1 1.045190E-1 2.087180E-3
 8.700830E+1 1.722940E+1 1.224900E+1 1.725750E+0 2.248370E-1 6.791590E-3
 1.026960E+2 2.026950E+1 1.640410E+1 2.785080E+0 4.393070E-1 1.968440E-2
 1.181440E+2 2.328540E+1 2.087510E+1 4.020900E+0 7.907320E-1 5.113580E-2
 1.340150E+2 2.608160E+1 2.551410E+1 5.284290E+0 1.317750E+0 1.183410E-1
 1.520900E+2 2.841060E+1 3.013120E+1 6.419140E+0 2.033500E+0 2.417560E-1
 1.670590E+2 3.017410E+1 3.475860E+1 7.344380E+0 2.922050E+0 4.347580E-1
 1.863720E+2 3.138910E+1 3.943840E+1 8.031450E+0 3.926290E+0 6.880050E-1
 2.006280E+2 3.189030E+1 4.374290E+1 8.449990E+0 4.982190E+0 9.700710E-1
 2.147180E+2 3.198850E+1 4.802250E+1 8.680030E+0 6.051190E+0 1.241970E+0
 2.287140E+2 3.172210E+1 5.208170E+1 8.749130E+0 7.099690E+0 1.473540E+0
 2.408200E+2 3.126090E+1 5.611040E+1 8.718770E+0 8.133490E+0 1.651360E+0
 7.663240E+0 8.160090E-1 1.250570E-5 4.240380E-8 0.000000E+6 0.000000E+6
 1.039580E+1 1.429980E+0 2.327850E-3 1.134450E-5 0.000000E+6 0.000000E+6
 1.368730E+1 2.292710E+0 2.666040E-2 2.013220E-4 0.000000E+6 0.000000E+6
 1.796250E+1 3.475410E+0 1.183530E-1 1.379830E-3 0.000000E+6 0.000000E+6
 2.315710E+1 4.899430E+0 3.422040E-1 6.118950E-3 0.000000E+6 0.000000E+6
 2.910000E+1 6.316020E+0 7.861600E-1 2.133220E-2 -9.340350E-7 -2.907280E-9
 3.629830E+1 7.933250E+0 1.559260E+0 6.314210E-2 3.839810E-4 2.125930E-6
 4.481430E+1 9.411720E+0 2.793400E+0 1.645620E-1 4.167430E-3 3.561860E-5
 5.432130E+1 1.109120E+1 4.603670E+0 3.811900E-1 1.912670E-2 2.518570E-4
 6.538560E+1 1.288970E+1 7.041600E+0 7.842280E-1 5.869150E-2 1.182570E-3
 7.716570E+1 1.495550E+1 1.004450E+1 1.423570E+0 1.433130E-1 4.363280E-3
 8.949470E+1 1.713540E+1 1.344400E+1 2.281710E+0 3.014640E-1 1.360170E-2
 1.022610E+2 1.937760E+1 1.707030E+1 3.273150E+0 5.671700E-1 3.688650E-2
 1.146600E+2 2.132900E+1 2.077130E+1 4.255560E+0 9.702080E-1 8.750000E-2
 1.294930E+2 2.289430E+1 2.442340E+1 5.113780E+0 1.520780E+0 1.812870E-1
 1.404790E+2 2.395610E+1 2.795260E+1 5.787840E+0 2.203640E+0 3.281300E-1
 1.547270E+2 2.457400E+1 3.151790E+1 6.254380E+0 2.971470E+0 5.195630E-1
 1.658420E+2 2.474290E+1 3.492620E+1 6.530950E+0 3.782950E+0 7.327650E-1
 1.766610E+2 2.451260E+1 3.808020E+1 6.632920E+0 4.588980E+0 9.339730E-1
 1.871950E+2 2.406140E+1 4.113120E+1 6.622610E+0 5.375320E+0 1.102070E+0
 1.942440E+2 2.342550E+1 4.394860E+1 6.524140E+0 6.127370E+0 1.224940E+0
 7.581170E+0 8.650890E-1 0.000000E+6 0.000000E+6 0.000000E+6 0.000000E+6
 1.054450E+1 1.505010E+0 1.957970E-5 1.045170E-7 0.000000E+6 0.000000E+6
 1.381430E+1 2.404120E+0 1.946350E-3 1.496200E-5 0.000000E+6 0.000000E+6
 1.772320E+1 3.521380E+0 3.099970E-2 3.665850E-4 0.000000E+6 0.000000E+6
 2.226840E+1 4.795700E+0 1.511210E-1 2.735080E-3 0.000000E+6 0.000000E+6
 2.762960E+1 6.135600E+0 4.515620E-1 1.238430E-2 0.000000E+6 0.000000E+6
 3.407600E+1 7.514650E+0 1.038700E+0 4.245930E-2 -1.472510E-6 -7.230330E-9
 4.106540E+1 8.700030E+0 2.020440E+0 1.200740E-1 3.657790E-4 3.178000E-6
 4.906710E+1 9.934440E+0 3.487310E+0 2.908600E-1 4.796100E-3 6.398250E-5
 5.792610E+1 1.120860E+1 5.470240E+0 6.120650E-1 2.380550E-2 4.847780E-4
 6.778800E+1 1.270270E+1 7.905570E+0 1.122840E+0 7.493330E-2 2.302070E-3
 7.742520E+1 1.423290E+1 1.064750E+1 1.805560E+0 1.818010E-1 8.266500E-3
 8.849810E+1 1.573520E+1 1.352090E+1 2.574780E+0 3.716000E-1 2.431750E-2
 9.677180E+1 1.702700E+1 1.643180E+1 3.328850E+0 6.693000E-1 6.070120E-2
 1.075640E+2 1.798340E+1 1.925150E+1 3.963230E+0 1.079580E+0 1.291420E-1
 1.179380E+2 1.848730E+1 2.190140E+1 4.418730E+0 1.584750E+0 2.360700E-1
 1.267490E+2 1.863280E+1 2.447580E+1 4.709540E+0 2.154020E+0 3.755890E-1
 1.350710E+2 1.850550E+1 2.697590E+1 4.859990E+0 2.751090E+0 5.295680E-1
 1.419120E+2 1.809540E+1 2.924170E+1 4.879000E+0 3.339410E+0 6.728050E-1
 1.482260E+2 1.754420E+1 3.138270E+1 4.816820E+0 3.906340E+0 7.895970E-1
 1.552640E+2 1.688740E+1 3.333430E+1 4.694410E+0 4.443420E+0 8.717870E-1
 7.365820E+0 8.692720E-1 0.000000E+6 0.000000E+6 0.000000E+6 0.000000E+6
 1.002740E+1 1.523840E+0 0.000000E+6 0.000000E+6 0.000000E+6 0.000000E+6
 1.305950E+1 2.412170E+0 0.000000E+6 0.000000E+6 0.000000E+6 0.000000E+6
 1.712420E+1 3.538930E+0 4.359280E-4 5.265170E-6 0.000000E+6 0.000000E+6
 2.110650E+1 4.667470E+0 2.088040E-2 3.844480E-4 0.000000E+6 0.000000E+6
 2.568460E+1 5.804910E+0 1.395620E-1 3.883160E-3 0.000000E+6 0.000000E+6
 3.063960E+1 6.799930E+0 4.722540E-1 1.952580E-2 0.000000E+6 0.000000E+6
 3.637990E+1 7.660530E+0 1.135510E+0 6.815450E-2 -2.314860E-6 -1.787720E-8
 4.265120E+1 8.465170E+0 2.203910E+0 1.853340E-1 9.354600E-5 1.284690E-6
 4.951320E+1 9.227710E+0 3.690960E+0 4.151930E-1 3.245540E-3 6.716870E-5
 5.672920E+1 1.007880E+1 5.525940E+0 7.858120E-1 2.105480E-2 6.550820E-4
 6.404770E+1 1.096970E+1 7.578700E+0 1.280350E+0 7.382090E-2 3.391550E-3
 7.185720E+1 1.180070E+1 9.702100E+0 1.829840E+0 1.847720E-1 1.218950E-2
 7.787300E+1 1.243670E+1 1.177550E+1 2.345370E+0 3.727420E-1 3.398780E-2
 8.482210E+1 1.286050E+1 1.379620E+1 2.767940E+0 6.451890E-1 7.741090E-2
 9.020000E+1 1.295810E+1 1.563440E+1 3.049540E+0 9.858780E-1 1.468100E-1
 9.699510E+1 1.281740E+1 1.737820E+1 3.203470E+0 1.368980E+0 2.378100E-1
 1.024100E+2 1.246280E+1 1.897210E+1 3.246830E+0 1.765800E+0 3.367900E-1
 1.071930E+2 1.197280E+1 2.043190E+1 3.209370E+0 2.152770E+0 4.274640E-1
 1.103300E+2 1.141120E+1 2.177770E+1 3.119870E+0 2.518520E+0 4.989130E-1
 1.140200E+2 1.081660E+1 2.302740E+1 2.997750E+0 2.860270E+0 5.468370E-1
 6.587730E+0 7.941200E-1 0.000000E+6 0.000000E+6 0.000000E+6 0.000000E+6
 8.990360E+0 1.396830E+0 0.000000E+6 0.000000E+6 0.000000E+6 0.000000E+6
 1.170460E+1 2.200900E+0 0.000000E+6 0.000000E+6 0.000000E+6 0.000000E+6
 1.464010E+1 3.139430E+0 0.000000E+6 0.000000E+6 0.000000E+6 0.000000E+6
 1.850020E+1 4.118430E+0 7.107910E-5 1.430940E-6 0.000000E+6 0.000000E+6
 2.205860E+1 4.990050E+0 9.056760E-3 2.563120E-4 0.000000E+6 0.000000E+6
 2.583330E+1 5.686740E+0 1.009200E-1 4.233110E-3 0.000000E+6 0.000000E+6
 2.983880E+1 6.210610E+0 4.087020E-1 2.480920E-2 0.000000E+6 0.000000E+6
 3.435320E+1 6.616600E+0 1.043550E+0 8.846150E-2 0.000000E+6 0.000000E+6
 3.911040E+1 6.982690E+0 2.034940E+0 2.299170E-1 -5.622270E-6 -1.056640E-7
 4.416710E+1 7.367860E+0 3.312790E+0 4.709820E-1 1.468740E-3 4.649100E-5
 4.908820E+1 7.765300E+0 4.756870E+0 7.989660E-1 1.454880E-2 6.766430E-4
 5.372950E+1 8.121400E+0 6.236080E+0 1.161400E+0 5.933120E-2 3.950430E-3
 5.811130E+1 8.363680E+0 7.666880E+0 1.495210E+0 1.557170E-1 1.429330E-2
 6.271370E+1 8.435830E+0 9.006520E+0 1.751380E+0 3.116370E-1 3.749580E-2
 6.645320E+1 8.311560E+0 1.020680E+1 1.908030E+0 5.184980E-1 7.711190E-2
 6.956440E+1 8.030620E+0 1.127280E+1 1.974040E+0 7.559830E-1 1.305190E-1
 7.238540E+1 7.636210E+0 1.220290E+1 1.966390E+0 9.999540E-1 1.885330E-1
 7.488710E+1 7.196390E+0 1.309510E+1 1.913130E+0 1.238560E+0 2.415440E-1
 7.764020E+1 6.735020E+0 1.388470E+1 1.830110E+0 1.459050E+0 2.818570E-1
 7.902650E+1 6.271200E+0 1.454680E+1 1.730490E+0 1.662000E+0 3.073220E-1
 5.437090E+0 6.607970E-1 0.000000E+6 0.000000E+6 0.000000E+6 0.000000E+6
 7.379580E+0 1.158240E+0 0.000000E+6 0.000000E+6 0.000000E+6 0.000000E+6
 9.632860E+0 1.827260E+0 0.000000E+6 0.000000E+6 0.000000E+6 0.000000E+6
 1.203260E+1 2.578840E+0 0.000000E+6 0.000000E+6 0.000000E+6 0.000000E+6
 1.443210E+1 3.305170E+0 0.000000E+6 0.000000E+6 0.000000E+6 0.000000E+6
 1.758330E+1 3.935160E+0 1.048560E-4 3.210640E-6 0.000000E+6 0.000000E+6
 2.027030E+1 4.389720E+0 4.846200E-3 2.065590E-4 0.000000E+6 0.000000E+6
 2.302200E+1 4.688840E+0 8.047520E-2 4.932280E-3 0.000000E+6 0.000000E+6
 2.593190E+1 4.843800E+0 3.552400E-1 3.032030E-2 0.000000E+6 0.000000E+6
 2.900350E+1 4.952480E+0 9.111640E-1 1.032500E-1 0.000000E+6 0.000000E+6
 3.235820E+1 5.074950E+0 1.728290E+0 2.454160E-1 -8.631150E-6 -2.492580E-7
 3.591660E+1 5.222990E+0 2.698030E+0 4.501020E-1 8.253080E-4 3.893710E-5
 3.858450E+1 5.310370E+0 3.704320E+0 6.803150E-1 1.104540E-2 7.420250E-4
 4.132690E+1 5.346080E+0 4.670990E+0 8.909790E-1 4.794910E-2 4.425640E-3
 4.401080E+1 5.284080E+0 5.557090E+0 1.047430E+0 1.247460E-1 1.503590E-2
 4.619350E+1 5.098790E+0 6.324390E+0 1.134930E+0 2.401480E-1 3.563560E-2
 4.791750E+1 4.830950E+0 6.986170E+0 1.162700E+0 3.807910E-1 6.528240E-2
 4.953200E+1 4.500220E+0 7.526210E+0 1.141970E+0 5.290180E-1 9.840940E-2
 5.071680E+1 4.162670E+0 8.065470E+0 1.095060E+0 6.724500E-1 1.284570E-1
 5.159840E+1 3.822020E+0 8.504680E+0 1.030930E+0 8.038700E-1 1.510340E-1
 5.248500E+1 3.500330E+0 8.888960E+0 9.606640E-1 9.196470E-1 1.648530E-1
---