PdfType: central
Format: lhagrid1
---
 1.000000E-6 1.700000E-6 3.200000E-6 6.000000E-6 1.000000E-5 1.700000E-5 3.200000E-5 6.000000E-5 1.000000E-4 1.700000E-4 3.200000E-4 6.000000E-4 1.000000E-3 1.700000E-3 3.200000E-3 6.000000E-3 1.000000E-2 1.700000E-2 3.200000E-2 6.000000E-2 1.000000E-1
 3.162278E-1 3.981068E-1 5.011876E-1 6.309572E-1 7.943280E-1 1.000000E+0 1.258924E+0 1.584894E+0 1.995262E+0 2.511886E+0 3.162278E+0 3.981068E+0 5.011876E+0 6.309572E+0 7.943280E+0 1.000000E+1 1.258924E+1 1.584894E+1 1.995262E+1 2.511886E+1 3.162278E+1
900 901 917 918 920 921
 1.358860E+1 1.210860E+0 4.160370E-1 1.141220E-3 8.766310E-3 2.821840E-6
 2.084470E+1 2.417060E+0 7.872830E-1 3.397960E-3 1.601170E-2 8.159620E-6
 3.199900E+1 4.515130E+0 1.516580E+0 1.027490E-2 3.030280E-2 2.443060E-5
 4.867390E+1 8.026570E+0 2.931630E+0 3.096910E-2 5.891460E-2 7.507030E-5
 7.231100E+1 1.299830E+1 5.653830E+0 9.192310E-2 1.166750E-1 2.344020E-4
 1.066250E+2 2.049470E+1 1.077630E+1 2.685920E-1 2.345140E-1 7.425660E-4
 1.571810E+2 3.171110E+1 2.023080E+1 7.544080E-1 4.769290E-1 2.376060E-3
 2.324550E+2 4.932100E+1 3.685390E+1 2.019540E+0 9.748270E-1 7.610570E-3
 3.327940E+2 7.228190E+1 6.436910E+1 4.982080E+0 1.987960E+0 2.417460E-2
 4.769740E+2 1.073550E+2 1.082990E+2 1.141880E+1 4.029590E+0 7.565960E-2
 6.719660E+2 1.576080E+2 1.748760E+2 2.399350E+1 8.032750E+0 2.293310E-1
 9.347080E+2 2.250740E+2 2.680640E+2 4.551030E+1 1.555350E+1 6.643450E-1
 1.279750E+3 3.183290E+2 3.996800E+2 7.888240E+1 2.915700E+1 1.805570E+0
 1.743190E+3 4.427560E+2 5.747150E+2 1.273100E+2 5.227000E+1 4.535870E+0
 2.332900E+3 5.993120E+2 8.032960E+2 1.917240E+2 8.925200E+1 1.038200E+1
 3.191970E+3 7.972070E+2 1.118490E+3 2.733990E+2 1.442760E+2 2.133020E+1
 4.075720E+3 1.029940E+3 1.481010E+3 3.719100E+2 2.215340E+2 3.949980E+1
 5.442840E+3 1.357490E+3 2.007010E+3 5.065870E+2 3.305460E+2 6.786370E+1
 7.718460E+3 1.717970E+3 2.826550E+3 6.537650E+2 4.754560E+2 1.037860E+2
 9.390590E+3 2.090930E+3 3.519300E+3 8.099090E+2 6.476680E+2 1.482960E+2
 1.373530E+4 2.760870E+3 5.173000E+3 1.079060E+3 9.585810E+2 2.147800E+2
 1.251770E+1 1.169260E+0 3.780230E-1 1.039920E-3 8.238630E-3 2.652280E-6
 1.969390E+1 2.348370E+0 7.065560E-1 3.056010E-3 1.467290E-2 7.479370E-6
 2.947420E+1 4.258110E+0 1.341530E+0 9.107250E-3 2.723010E-2 2.196410E-5
 4.474170E+1 7.408050E+0 2.580280E+0 2.733090E-2 5.215120E-2 6.651190E-5
 6.693450E+1 1.238510E+1 4.958880E+0 8.120990E-2 1.021750E-1 2.055900E-4
 9.840620E+1 1.937830E+1 9.473920E+0 2.367310E-1 2.034280E-1 6.444780E-4
 1.436510E+2 2.969100E+1 1.769060E+1 6.614280E-1 4.104000E-1 2.045530E-3
 2.105060E+2 4.540410E+1 3.221230E+1 1.772780E+0 8.334670E-1 6.510970E-3
 3.035420E+2 6.705550E+1 5.672760E+1 4.437410E+0 1.694360E+0 2.062890E-2
 4.312270E+2 9.768070E+1 9.535540E+1 1.012330E+1 3.424750E+0 6.440620E-2
 6.044470E+2 1.426280E+2 1.531530E+2 2.123770E+1 6.818540E+0 1.952130E-1
 8.428510E+2 2.034750E+2 2.378100E+2 4.048430E+1 1.325720E+1 5.675790E-1
 1.142500E+3 2.857580E+2 3.509710E+2 7.011970E+1 2.487800E+1 1.545450E+0
 1.544070E+3 3.887630E+2 5.029770E+2 1.113590E+2 4.457880E+1 3.879000E+0
 2.113380E+3 5.297320E+2 7.141300E+2 1.680560E+2 7.631190E+1 8.875700E+0
 2.782900E+3 6.941670E+2 9.695200E+2 2.374270E+2 1.229730E+2 1.820770E+1
 3.647290E+3 8.930630E+2 1.306500E+3 3.213350E+2 1.892830E+2 3.355690E+1
 4.742120E+3 1.155010E+3 1.736240E+3 4.303740E+2 2.803400E+2 5.712080E+1
 6.108810E+3 1.437030E+3 2.271570E+3 5.479830E+2 3.980730E+2 8.746980E+1
 7.980010E+3 1.773790E+3 2.995880E+3 6.869440E+2 5.511170E+2 1.253520E+2
 1.119090E+4 2.233320E+3 4.187240E+3 8.730310E+2 7.725980E+2 1.743680E+2
 1.156500E+1 1.069920E+0 3.428850E-1 9.490590E-4 7.826510E-3 2.519770E-6
 1.760000E+1 2.086990E+0 6.259180E-1 2.703150E-3 1.346660E-2 6.866110E-6
 2.690430E+1 3.981560E+0 1.172940E+0 7.972410E-3 2.431000E-2 1.961710E-5
 4.107490E+1 7.028950E+0 2.230080E+0 2.364830E-2 4.557570E-2 5.815450E-5
 6.050010E+1 1.150700E+1 4.258830E+0 6.995800E-2 8.791170E-2 1.771640E-4
 8.897410E+1 1.836260E+1 8.102020E+0 2.035850E-1 1.728900E-1 5.484840E-4
 1.293940E+2 2.729930E+1 1.513030E+1 5.710780E-1 3.446910E-1 1.718840E-3
 1.889750E+2 4.149880E+1 2.757480E+1 1.523100E+0 6.945020E-1 5.425300E-3
 2.705470E+2 6.123800E+1 4.862230E+1 3.836530E+0 1.404920E+0 1.712960E-2
 3.785810E+2 8.654820E+1 8.175380E+1 8.758300E+0 2.827000E+0 5.322400E-2
 5.310470E+2 1.247780E+2 1.311690E+2 1.818110E+1 5.610290E+0 1.608320E-1
 7.263400E+2 1.752400E+2 2.021410E+2 3.448470E+1 1.090190E+1 4.668870E-1
 9.905050E+2 2.450540E+2 2.995720E+2 5.955980E+1 2.044990E+1 1.274280E+0
 1.338140E+3 3.345350E+2 4.295900E+2 9.494640E+1 3.674770E+1 3.204500E+0
 1.773110E+3 4.452200E+2 5.979270E+2 1.408140E+2 6.264760E+1 7.287900E+0
 2.358760E+3 5.871570E+2 8.184870E+2 2.002980E+2 1.014550E+2 1.509570E+1
 3.074870E+3 7.497080E+2 1.094760E+3 2.692130E+2 1.561240E+2 2.774600E+1
 4.740600E+3 1.036690E+3 1.678290E+3 3.830610E+2 2.454460E+2 4.897690E+1
 5.652470E+3 1.204240E+3 2.040680E+3 4.574970E+2 3.319040E+2 7.203030E+1
 6.599300E+3 1.469760E+3 2.478190E+3 5.688880E+2 4.548130E+2 1.032370E+2
 9.717920E+3 1.878100E+3 3.628370E+3 7.333970E+2 6.570090E+2 1.453010E+2
 1.068840E+1 9.961470E-1 3.134430E-1 8.738550E-4 7.644760E-3 2.461450E-6
 1.656680E+1 2.061860E+0 5.638070E-1 2.453630E-3 1.264660E-2 6.449900E-6
 2.511210E+1 3.869310E+0 1.034050E+0 7.017600E-3 2.211500E-2 1.785090E-5
 3.712030E+1 6.665210E+0 1.938780E+0 2.057370E-2 4.042340E-2 5.160550E-5
 5.433310E+1 1.047290E+1 3.675480E+0 6.045730E-2 7.646940E-2 1.542120E-4
 8.010600E+1 1.656900E+1 6.931750E+0 1.739320E-1 1.483140E-1 4.715300E-4
 1.156690E+2 2.496130E+1 1.293940E+1 4.893920E-1 2.923810E-1 1.459680E-3
 1.662070E+2 3.702190E+1 2.351800E+1 1.303650E+0 5.830170E-1 4.560060E-3
 2.370130E+2 5.365760E+1 4.134730E+1 3.257900E+0 1.169750E+0 1.426640E-2
 3.320950E+2 7.753070E+1 6.987630E+1 7.509900E+0 2.342600E+0 4.412700E-2
 4.586990E+2 1.067660E+2 1.115340E+2 1.536910E+1 4.632020E+0 1.328690E-1
 6.379130E+2 1.534890E+2 1.726010E+2 2.953560E+1 8.979040E+0 3.856410E-1
 8.583430E+2 2.111690E+2 2.544270E+2 5.078630E+1 1.682780E+1 1.050900E+0
 1.145410E+3 2.841320E+2 3.632910E+2 8.003730E+1 3.018680E+1 2.635990E+0
 1.516750E+3 3.789900E+2 5.063950E+2 1.191610E+2 5.153920E+1 6.017230E+0
 2.073110E+3 4.970610E+2 7.023930E+2 1.684980E+2 8.369530E+1 1.246360E+1
 2.627480E+3 6.282480E+2 9.288560E+2 2.250080E+2 1.289020E+2 2.286580E+1
 3.355270E+3 7.913010E+2 1.220710E+3 2.938280E+2 1.898910E+2 3.831150E+1
 4.331350E+3 9.824860E+2 1.604300E+3 3.737590E+2 2.700400E+2 5.880650E+1
 5.696460E+3 1.201450E+3 2.109100E+3 4.644170E+2 3.734100E+2 8.384110E+1
 8.066930E+3 1.519970E+3 2.987600E+3 5.933200E+2 5.335480E+2 1.173480E+2
 9.970050E+0 9.899990E-1 2.939120E-1 8.213960E-4 7.670650E-3 2.470180E-6
 1.549770E+1 1.948870E+0 5.220820E-1 2.283680E-3 1.225130E-2 6.247480E-6
 2.320060E+1 3.641470E+0 9.450530E-1 6.427810E-3 2.079570E-2 1.678860E-5
 3.471860E+1 6.242610E+0 1.745200E+0 1.849750E-2 3.711610E-2 4.739450E-5
 5.103200E+1 1.020370E+1 3.271150E+0 5.381450E-2 6.891140E-2 1.390290E-4
 7.372750E+1 1.568700E+1 6.153620E+0 1.555380E-1 1.317960E-1 4.194160E-4
 1.060170E+2 2.336290E+1 1.139310E+1 4.330850E-1 2.571280E-1 1.285840E-3
 1.512450E+2 3.376550E+1 2.069260E+1 1.152650E+0 5.079410E-1 3.975530E-3
 2.139100E+2 4.839710E+1 3.631240E+1 2.867300E+0 1.011660E+0 1.233830E-2
 2.995480E+2 6.938900E+1 6.118930E+1 6.597010E+0 2.014170E+0 3.797610E-2
 4.155100E+2 9.815050E+1 9.866130E+1 1.372690E+1 3.974190E+0 1.142220E-1
 5.653030E+2 1.361860E+2 1.512530E+2 2.585240E+1 7.678180E+0 3.300500E-1
 7.578460E+2 1.862720E+2 2.233020E+2 4.440870E+1 1.439920E+1 9.011810E-1
 1.020490E+3 2.527600E+2 3.193180E+2 7.050560E+1 2.578770E+1 2.256310E+0
 1.392170E+3 3.336330E+2 4.497870E+2 1.040910E+2 4.416060E+1 5.162190E+0
 1.777070E+3 4.281310E+2 6.046700E+2 1.448570E+2 7.138290E+1 1.058300E+1
 2.365450E+3 5.431250E+2 8.173190E+2 1.937250E+2 1.097500E+2 1.948070E+1
 3.082050E+3 6.763570E+2 1.088260E+3 2.502320E+2 1.618680E+2 3.228540E+1
 3.726990E+3 8.418110E+2 1.371110E+3 3.199800E+2 2.301190E+2 4.999730E+1
 4.803350E+3 1.021460E+3 1.785240E+3 3.948600E+2 3.175810E+2 7.108270E+1
 6.911760E+3 1.277990E+3 2.545990E+3 4.986580E+2 4.502090E+2 9.842590E+1
 9.407570E+0 9.140950E-1 2.784480E-1 7.785810E-4 7.875950E-3 2.536180E-6
 1.444560E+1 1.851280E+0 4.855270E-1 2.135780E-3 1.209370E-2 6.167270E-6
 2.178300E+1 3.437250E+0 8.670530E-1 5.933190E-3 1.983590E-2 1.601570E-5
 3.194020E+1 5.937610E+0 1.574300E+0 1.671530E-2 3.442210E-2 4.396400E-5
 4.712280E+1 9.703390E+0 2.924620E+0 4.828580E-2 6.249100E-2 1.261290E-4
 6.760590E+1 1.468150E+1 5.437770E+0 1.376110E-1 1.174540E-1 3.738970E-4
 9.665700E+1 2.138980E+1 1.002620E+1 3.817320E-1 2.263300E-1 1.133480E-3
 1.362070E+2 3.076550E+1 1.813230E+1 1.010990E+0 4.427360E-1 3.469120E-3
 1.924890E+2 4.406270E+1 3.174020E+1 2.516590E+0 8.736810E-1 1.066000E-2
 2.671390E+2 6.155010E+1 5.326210E+1 5.745760E+0 1.727730E+0 3.259110E-2
 3.697260E+2 8.728260E+1 8.574090E+1 1.199200E+1 3.387900E+0 9.738950E-2
 5.019210E+2 1.190800E+2 1.310990E+2 2.239780E+1 6.528790E+0 2.805600E-1
 6.743030E+2 1.623960E+2 1.941650E+2 3.833660E+1 1.221710E+1 7.637910E-1
 8.931750E+2 2.175550E+2 2.759290E+2 6.041150E+1 2.184810E+1 1.911500E+0
 1.175910E+3 2.856340E+2 3.832990E+2 8.910050E+1 3.736120E+1 4.378450E+0
 1.526430E+3 3.648900E+2 5.184830E+2 1.232570E+2 6.033510E+1 8.938270E+0
 1.995640E+3 4.640730E+2 6.964340E+2 1.654070E+2 9.303910E+1 1.648280E+1
 2.595670E+3 5.746970E+2 9.216450E+2 2.126260E+2 1.368620E+2 2.733900E+1
 3.356540E+3 7.085750E+2 1.209480E+3 2.688570E+2 1.944860E+2 4.188420E+1
 4.227750E+3 8.584400E+2 1.552140E+3 3.314340E+2 2.681320E+2 5.944760E+1
 5.891870E+3 1.068340E+3 2.157530E+3 4.167100E+2 3.777000E+2 8.213010E+1
 8.899670E+0 9.085830E-1 2.670600E-1 7.476880E-4 8.394440E-3 2.703690E-6
 1.322870E+1 1.743540E+0 4.507360E-1 1.987320E-3 1.226220E-2 6.254210E-6
 1.992100E+1 3.189170E+0 7.906070E-1 5.450750E-3 1.922620E-2 1.552280E-5
 2.937410E+1 5.527380E+0 1.413350E+0 1.507040E-2 3.211270E-2 4.101990E-5
 4.225810E+1 8.737530E+0 2.567220E+0 4.231170E-2 5.652520E-2 1.141180E-4
 6.075910E+1 1.339230E+1 4.714760E+0 1.191050E-1 1.036980E-1 3.302870E-4
 8.634780E+1 1.955820E+1 8.616050E+0 3.278960E-1 1.961580E-1 9.830800E-4
 1.214490E+2 2.787500E+1 1.551750E+1 8.697510E-1 3.785950E-1 2.972220E-3
 1.698010E+2 3.926250E+1 2.702280E+1 2.148280E+0 7.384930E-1 9.019410E-3
 2.359420E+2 5.489200E+1 4.544310E+1 4.924280E+0 1.446250E+0 2.728980E-2
 3.200800E+2 7.501600E+1 7.248100E+1 1.013280E+1 2.816100E+0 8.100570E-2
 4.358020E+2 1.031800E+2 1.112520E+2 1.899690E+1 5.384450E+0 2.313730E-1
 5.785850E+2 1.390290E+2 1.636740E+2 3.240620E+1 1.004490E+1 6.282430E-1
 7.648810E+2 1.841700E+2 2.327740E+2 5.080450E+1 1.798890E+1 1.575280E+0
 9.999140E+2 2.385980E+2 3.209770E+2 7.400600E+1 3.056650E+1 3.578330E+0
 1.297570E+3 3.023870E+2 4.354130E+2 1.018210E+2 4.942320E+1 7.309450E+0
 1.669050E+3 3.814980E+2 5.776040E+2 1.357320E+2 7.595490E+1 1.342390E+1
 2.167520E+3 4.712230E+2 7.606600E+2 1.741130E+2 1.116040E+2 2.222510E+1
 2.755690E+3 5.750800E+2 9.919380E+2 2.180330E+2 1.583720E+2 3.381640E+1
 3.594010E+3 7.002990E+2 1.298770E+3 2.700840E+2 2.193690E+2 4.822240E+1
 4.868180E+3 8.634740E+2 1.769300E+3 3.366650E+2 3.056870E+2 6.625780E+1
 8.294310E+0 8.538450E-1 2.630930E-1 7.371170E-4 9.271090E-3 2.985760E-6
 1.231470E+1 1.601720E+0 4.272570E-1 1.884670E-3 1.286550E-2 6.562040E-6
 1.864960E+1 3.120020E+0 7.287480E-1 5.039550E-3 1.920980E-2 1.551010E-5
 2.681510E+1 5.028960E+0 1.283230E+0 1.379190E-2 3.073750E-2 3.926840E-5
 3.849860E+1 7.985380E+0 2.286990E+0 3.767780E-2 5.220910E-2 1.054260E-4
 5.460150E+1 1.208390E+1 4.124360E+0 1.040750E-1 9.306890E-2 2.965790E-4
 7.715270E+1 1.756530E+1 7.465980E+0 2.843380E-1 1.722100E-1 8.636250E-4
 1.078420E+2 2.486850E+1 1.333160E+1 7.483900E-1 3.269290E-1 2.569940E-3
 1.495110E+2 3.448000E+1 2.314060E+1 1.840940E+0 6.300420E-1 7.711060E-3
 2.052370E+2 4.727140E+1 3.853540E+1 4.170700E+0 1.219830E+0 2.302610E-2
 2.778760E+2 6.474960E+1 6.143610E+1 8.601900E+0 2.353780E+0 6.773380E-2
 3.763830E+2 8.863240E+1 9.418440E+1 1.610070E+1 4.482540E+0 1.927880E-1
 4.984410E+2 1.181930E+2 1.379710E+2 2.732010E+1 8.315990E+0 5.205260E-1
 6.563900E+2 1.544630E+2 1.954240E+2 4.235630E+1 1.479630E+1 1.296550E+0
 8.614350E+2 1.986440E+2 2.704890E+2 6.140060E+1 2.514240E+1 2.943440E+0
 1.103270E+3 2.517220E+2 3.646320E+2 8.445180E+1 4.053880E+1 5.992100E+0
 1.442780E+3 3.155030E+2 4.883880E+2 1.119210E+2 6.237190E+1 1.099160E+1
 1.857220E+3 3.885080E+2 6.427330E+2 1.432460E+2 9.159740E+1 1.818370E+1
 2.546440E+3 4.850800E+2 8.834040E+2 1.832140E+2 1.327710E+2 2.800750E+1
 3.028180E+3 5.717840E+2 1.081690E+3 2.203230E+2 1.789750E+2 3.922050E+1
 4.023550E+3 6.978170E+2 1.451880E+3 2.719750E+2 2.479930E+2 5.344600E+1
 7.832240E+0 8.111720E-1 2.655660E-1 7.440260E-4 1.033370E-2 3.327890E-6
 1.167450E+1 1.586510E+0 4.167090E-1 1.838880E-3 1.374000E-2 7.008340E-6
 1.735740E+1 2.842880E+0 6.914800E-1 4.789200E-3 1.967410E-2 1.588650E-5
 2.533680E+1 4.912620E+0 1.194560E+0 1.290030E-2 3.029420E-2 3.870350E-5
 3.559660E+1 7.548400E+0 2.104970E+0 3.495500E-2 4.979440E-2 1.005590E-4
 5.034320E+1 1.128840E+1 3.741850E+0 9.456940E-2 8.644130E-2 2.754630E-4
 7.025450E+1 1.647180E+1 6.673510E+0 2.543110E-1 1.565510E-1 7.852710E-4
 9.768720E+1 2.279980E+1 1.182510E+1 6.640150E-1 2.924390E-1 2.299840E-3
 1.354040E+2 3.099730E+1 2.036960E+1 1.624700E+0 5.568610E-1 6.823050E-3
 1.850050E+2 4.273400E+1 3.388890E+1 3.684670E+0 1.068520E+0 2.020170E-2
 2.487290E+2 5.768420E+1 5.387680E+1 7.540530E+0 2.046140E+0 5.892220E-2
 3.309570E+2 7.751630E+1 8.190250E+1 1.399730E+1 3.866190E+0 1.663400E-1
 4.406440E+2 1.033570E+2 1.202900E+2 2.371290E+1 7.134610E+0 4.469760E-1
 5.775290E+2 1.337800E+2 1.695370E+2 3.654880E+1 1.265330E+1 1.108120E+0
 7.523180E+2 1.726840E+2 2.342020E+2 5.311280E+1 2.143950E+1 2.512240E+0
 9.725770E+2 2.168950E+2 3.162720E+2 7.254740E+1 3.450720E+1 5.096020E+0
 1.320100E+3 2.762680E+2 4.340540E+2 9.751530E+1 5.346850E+1 9.433430E+0
 1.614620E+3 3.306500E+2 5.541900E+2 1.217300E+2 7.773260E+1 1.537860E+1
 1.980920E+3 4.011640E+2 7.067020E+2 1.518500E+2 1.098030E+2 2.337100E+1
 2.595940E+3 4.832350E+2 9.263200E+2 1.861430E+2 1.518190E+2 3.305700E+1
 3.443960E+3 5.876770E+2 1.233640E+3 2.289910E+2 2.091030E+2 4.496040E+1
 7.457010E+0 7.950810E-1 2.743470E-1 7.687740E-4 1.190650E-2 3.833890E-6
 1.092160E+1 1.490290E+0 4.145030E-1 1.830390E-3 1.511770E-2 7.711280E-6
 1.616600E+1 2.713860E+0 6.649350E-1 4.606430E-3 2.068380E-2 1.670220E-5
 2.336010E+1 4.524490E+0 1.119630E+0 1.210830E-2 3.051270E-2 3.898200E-5
 3.312190E+1 7.169750E+0 1.945010E+0 3.248810E-2 4.829290E-2 9.753020E-5
 4.623320E+1 1.045170E+1 3.408890E+0 8.649490E-2 8.124320E-2 2.589480E-4
 6.473760E+1 1.501060E+1 5.994990E+0 2.282340E-1 1.434940E-1 7.199730E-4
 8.882510E+1 2.040120E+1 1.046180E+1 5.851870E-1 2.628130E-1 2.067740E-3
 1.218830E+2 2.835390E+1 1.794730E+1 1.433000E+0 4.930780E-1 6.046990E-3
 1.648130E+2 3.809740E+1 2.966730E+1 3.216380E+0 9.360430E-1 1.772000E-2
 2.214000E+2 5.112490E+1 4.701010E+1 6.586370E+0 1.775920E+0 5.118230E-2
 2.933400E+2 6.802880E+1 7.120030E+1 1.214970E+1 3.330560E+0 1.433970E-1
 3.869950E+2 8.941300E+1 1.038120E+2 2.035930E+1 6.100630E+0 3.818250E-1
 5.093520E+2 1.164220E+2 1.469530E+2 3.158310E+1 1.080050E+1 9.477500E-1
 6.520360E+2 1.480530E+2 2.015140E+2 4.542360E+1 1.822160E+1 2.133160E+0
 8.449030E+2 1.855770E+2 2.716180E+2 6.191310E+1 2.926320E+1 4.318290E+0
 1.150040E+3 2.298880E+2 3.683330E+2 8.105140E+1 4.478930E+1 7.853590E+0
 1.384740E+3 2.791920E+2 4.712040E+2 1.027110E+2 6.547880E+1 1.294200E+1
 1.808050E+3 3.396470E+2 6.213660E+2 1.282730E+2 9.290680E+1 1.965120E+1
 2.221360E+3 4.062410E+2 7.848310E+2 1.564060E+2 1.276350E+2 2.774110E+1
 2.936020E+3 4.911730E+2 1.043680E+3 1.913120E+2 1.751480E+2 3.751950E+1
 7.158430E+0 7.682890E-1 2.944890E-1 8.251030E-4 1.478740E-2 4.760170E-6
 1.060530E+1 1.464360E+0 4.236670E-1 1.871450E-3 1.764600E-2 8.999620E-6
 1.541260E+1 2.657970E+0 6.509630E-1 4.516340E-3 2.278020E-2 1.839810E-5
 2.163300E+1 4.243720E+0 1.056310E+0 1.144000E-2 3.180310E-2 4.063400E-5
 3.046670E+1 6.628510E+0 1.787780E+0 2.998230E-2 4.789370E-2 9.672250E-5
 4.231570E+1 9.505330E+0 3.085610E+0 7.885490E-2 7.720820E-2 2.460950E-4
 5.783810E+1 1.329590E+1 5.333440E+0 2.036900E-1 1.317260E-1 6.611130E-4
 7.943900E+1 1.864010E+1 9.171770E+0 5.135470E-1 2.347040E-1 1.847290E-3
 1.074860E+2 2.456190E+1 1.550580E+1 1.232220E+0 4.311110E-1 5.289070E-3
 1.451610E+2 3.301350E+1 2.541180E+1 2.748130E+0 8.055620E-1 1.526940E-2
 1.939320E+2 4.396470E+1 4.000570E+1 5.586660E+0 1.510580E+0 4.360050E-2
 2.539610E+2 5.796860E+1 6.034530E+1 1.025510E+1 2.803860E+0 1.207730E-1
 3.340220E+2 7.562470E+1 8.772450E+1 1.711720E+1 5.096770E+0 3.192500E-1
 4.322620E+2 9.756520E+1 1.229350E+2 2.632590E+1 8.944680E+0 7.839620E-1
 5.717650E+2 1.236570E+2 1.693210E+2 3.767560E+1 1.502530E+1 1.756080E+0
 7.090430E+2 1.528000E+2 2.259500E+2 5.087960E+1 2.402290E+1 3.537210E+0
 9.078060E+2 1.883380E+2 2.981010E+2 6.650530E+1 3.666270E+1 6.433810E+0
 1.149040E+3 2.292720E+2 3.888560E+2 8.427940E+1 5.356740E+1 1.058770E+1
 1.450830E+3 2.741710E+2 5.014400E+2 1.035610E+2 7.541670E+1 1.585930E+1
 1.949820E+3 3.350060E+2 6.732130E+2 1.287620E+2 1.055220E+2 2.269950E+1
 2.423620E+3 3.974360E+2 8.537910E+2 1.547660E+2 1.419380E+2 3.033030E+1
 6.795350E+0 6.988310E-1 3.270000E-1 9.158930E-4 2.002440E-2 6.444760E-6
 9.921920E+0 1.379230E+0 4.476450E-1 1.975800E-3 2.181810E-2 1.112710E-5
 1.443680E+1 2.521870E+0 6.558150E-1 4.550140E-3 2.627960E-2 2.122190E-5
 2.033300E+1 4.007620E+0 1.021950E+0 1.108360E-2 3.451090E-2 4.409310E-5
 2.813530E+1 6.013420E+0 1.670600E+0 2.805450E-2 4.916220E-2 9.929070E-5
 3.920320E+1 8.956040E+0 2.819440E+0 7.244910E-2 7.551820E-2 2.407260E-4
 5.307310E+1 1.232850E+1 4.806810E+0 1.847850E-1 1.237750E-1 6.212530E-4
 7.115570E+1 1.645470E+1 8.127860E+0 4.556430E-1 2.135660E-1 1.681460E-3
 9.554020E+1 2.180950E+1 1.352270E+1 1.072640E+0 3.825370E-1 4.695540E-3
 1.277440E+2 2.895220E+1 2.193310E+1 2.374430E+0 7.012090E-1 1.329890E-2
 1.674960E+2 3.812090E+1 3.424410E+1 4.776270E+0 1.296400E+0 3.746700E-2
 2.213900E+2 4.967520E+1 5.139750E+1 8.708410E+0 2.380890E+0 1.027320E-1
 2.867260E+2 6.444180E+1 7.413230E+1 1.447150E+1 4.283890E+0 2.682270E-1
 3.704940E+2 8.217850E+1 1.037790E+2 2.207040E+1 7.467770E+0 6.543960E-1
 4.815410E+2 1.031280E+2 1.413030E+2 3.137610E+1 1.246960E+1 1.458360E+0
 6.147620E+2 1.276960E+2 1.896510E+2 4.237100E+1 1.983620E+1 2.927560E+0
 7.723950E+2 1.559220E+2 2.489180E+2 5.496360E+1 3.016240E+1 5.299290E+0
 9.769020E+2 1.882710E+2 3.252810E+2 6.908680E+1 4.392260E+1 8.646400E+0
 1.230900E+3 2.263100E+2 4.190820E+2 8.540210E+1 6.191200E+1 1.303300E+1
 1.614600E+3 2.722190E+2 5.524910E+2 1.045850E+2 8.584990E+1 1.841890E+1
 1.999200E+3 3.220970E+2 6.996330E+2 1.253950E+2 1.152810E+2 2.455800E+1
 6.665820E+0 7.092840E-1 3.657460E-1 1.023530E-3 3.095980E-2 9.959100E-6
 9.784450E+0 1.367660E+0 4.810010E-1 2.123300E-3 2.796200E-2 1.426110E-5
 1.384280E+1 2.391310E+0 6.762750E-1 4.691480E-3 3.094720E-2 2.498610E-5
 1.935950E+1 3.814140E+0 1.014480E+0 1.099460E-2 3.823330E-2 4.884890E-5
 2.661740E+1 5.790130E+0 1.608510E+0 2.702840E-2 5.173510E-2 1.044950E-4
 3.638040E+1 8.288100E+0 2.649990E+0 6.817730E-2 7.600830E-2 2.423130E-4
 4.883920E+1 1.135210E+1 4.446430E+0 1.718890E-1 1.199950E-1 6.023260E-4
 6.552840E+1 1.501350E+1 7.433450E+0 4.184930E-1 2.008750E-1 1.581740E-3
 8.775520E+1 2.007390E+1 1.222520E+1 9.741430E-1 3.513030E-1 4.313410E-3
 1.158660E+2 2.595500E+1 1.956780E+1 2.108130E+0 6.322300E-1 1.199490E-2
 1.517210E+2 3.410120E+1 3.034330E+1 4.229370E+0 1.152590E+0 3.333440E-2
 1.973290E+2 4.383210E+1 4.520390E+1 7.639320E+0 2.095100E+0 9.051040E-2
 2.554320E+2 5.640160E+1 6.494090E+1 1.260440E+1 3.739450E+0 2.342650E-1
 3.274590E+2 7.135610E+1 9.042970E+1 1.910260E+1 6.468350E+0 5.667590E-1
 4.133980E+2 8.938220E+1 1.228870E+2 2.715240E+1 1.074300E+1 1.256900E+0
 5.258980E+2 1.096930E+2 1.633580E+2 3.638200E+1 1.701460E+1 2.508350E+0
 6.866480E+2 1.335840E+2 2.163880E+2 4.697680E+1 2.577240E+1 4.511940E+0
 8.586360E+2 1.601540E+2 2.801410E+2 5.870860E+1 3.741310E+1 7.332350E+0
 1.065170E+3 1.919770E+2 3.584290E+2 7.241490E+1 5.257840E+1 1.104500E+1
 1.352580E+3 2.282470E+2 4.611310E+2 8.772190E+1 7.194360E+1 1.548250E+1
 1.728650E+3 2.719290E+2 5.971830E+2 1.058320E+2 9.745880E+1 2.071040E+1
 6.752460E+0 7.121930E-1 4.221200E-1 1.181340E-3 0.000000E+6 0.000000E+6
 9.624860E+0 1.339830E+0 5.322600E-1 2.349970E-3 4.552950E-2 2.320310E-5
 1.340370E+1 2.270570E+0 7.162080E-1 4.969490E-3 3.979690E-2 3.213210E-5
 1.864790E+1 3.728850E+0 1.030500E+0 1.117820E-2 4.461260E-2 5.699180E-5
 2.521990E+1 5.453620E+0 1.574320E+0 2.646760E-2 5.648670E-2 1.140940E-4
 3.452700E+1 7.771200E+0 2.518440E+0 6.485490E-2 7.863920E-2 2.507110E-4
 4.589940E+1 1.056950E+1 4.132990E+0 1.600190E-1 1.187350E-1 5.960650E-4
 6.033460E+1 1.378900E+1 6.824740E+0 3.867590E-1 1.917600E-1 1.510010E-3
 7.918330E+1 1.777200E+1 1.107660E+1 8.840470E-1 3.259610E-1 4.003120E-3
 1.044530E+2 2.332830E+1 1.750470E+1 1.889150E+0 5.736420E-1 1.088730E-2
 1.361820E+2 3.002170E+1 2.687560E+1 3.739220E+0 1.028120E+0 2.975410E-2
 1.779290E+2 3.871520E+1 3.976900E+1 6.717520E+0 1.845600E+0 7.980150E-2
 2.268810E+2 4.926880E+1 5.676280E+1 1.097130E+1 3.263950E+0 2.048240E-1
 2.888910E+2 6.194320E+1 7.853190E+1 1.653690E+1 5.601090E+0 4.911180E-1
 3.671670E+2 7.675640E+1 1.063270E+2 2.325400E+1 9.228480E+0 1.077400E+0
 4.629860E+2 9.412340E+1 1.408200E+2 3.117620E+1 1.458440E+1 2.151630E+0
 5.903250E+2 1.139830E+2 1.852490E+2 4.006410E+1 2.196410E+1 3.847900E+0
 7.354600E+2 1.362050E+2 2.390970E+2 4.991090E+1 3.175370E+1 6.232030E+0
 9.309710E+2 1.624070E+2 3.075680E+2 6.121150E+1 4.448850E+1 9.324810E+0
 1.155280E+3 1.924400E+2 3.891610E+2 7.395050E+1 6.066690E+1 1.304660E+1
 1.479080E+3 2.284860E+2 5.062610E+2 8.890380E+1 8.201920E+1 1.738840E+1
 6.970990E+0 7.245310E-1 5.277500E-1 1.475810E-3 0.000000E+6 0.000000E+6
 9.729550E+0 1.324480E+0 6.241590E-1 2.752370E-3 0.000000E+6 0.000000E+6
 1.330240E+1 2.255100E+0 7.951440E-1 5.514190E-3 9.157120E-2 7.389900E-5
 1.794190E+1 3.517210E+0 1.085040E+0 1.176770E-2 6.111590E-2 7.808400E-5
 2.443090E+1 5.327520E+0 1.579420E+0 2.657400E-2 6.721730E-2 1.357700E-4
 3.224540E+1 7.322740E+0 2.422620E+0 6.237750E-2 8.585580E-2 2.737120E-4
 4.237340E+1 9.788800E+0 3.851360E+0 1.492300E-1 1.214690E-1 6.097930E-4
 5.574010E+1 1.270560E+1 6.215450E+0 3.535710E-1 1.863550E-1 1.467670E-3
 7.247650E+1 1.607610E+1 9.939940E+0 7.974020E-1 3.042940E-1 3.737600E-3
 9.453560E+1 2.069120E+1 1.553950E+1 1.682430E+0 5.190990E-1 9.856350E-3
 1.222530E+2 2.639050E+1 2.347920E+1 3.260620E+0 9.084990E-1 2.629800E-2
 1.555720E+2 3.347430E+1 3.436450E+1 5.776550E+0 1.601420E+0 6.928830E-2
 1.975680E+2 4.189350E+1 4.855920E+1 9.326320E+0 2.799860E+0 1.760200E-1
 2.490270E+2 5.252850E+1 6.698510E+1 1.400500E+1 4.761430E+0 4.183510E-1
 3.143350E+2 6.453600E+1 8.979820E+1 1.953830E+1 7.762850E+0 9.078550E-1
 4.095340E+2 7.846880E+1 1.190240E+2 2.592570E+1 1.216310E+1 1.790520E+0
 5.253100E+2 9.582330E+1 1.582620E+2 3.356040E+1 1.831200E+1 3.202760E+0
 6.209140E+2 1.127870E+2 1.995780E+2 4.129640E+1 2.624260E+1 5.148220E+0
 7.751410E+2 1.334620E+2 2.541140E+2 5.028190E+1 3.656380E+1 7.655690E+0
 9.773100E+2 1.571080E+2 3.243200E+2 6.035060E+1 4.965600E+1 1.063890E+1
 1.221860E+3 1.860910E+2 4.155420E+2 7.239580E+1 6.690540E+1 1.415560E+1
 7.681410E+0 8.116440E-1 7.263690E-1 2.027740E-3 0.000000E+6 0.000000E+6
 1.025720E+1 1.378210E+0 7.783230E-1 3.429110E-3 0.000000E+6 0.000000E+6
 1.369710E+1 2.282560E+0 9.246300E-1 6.410100E-3 0.000000E+6 0.000000E+6
 1.824020E+1 3.547580E+0 1.187170E+0 1.287490E-2 0.000000E+6 0.000000E+6
 2.382510E+1 5.125950E+0 1.640440E+0 2.760690E-2 9.647250E-2 1.948080E-4
 3.119890E+1 7.026410E+0 2.402430E+0 6.193210E-2 1.019390E-1 3.250230E-4
 4.006260E+1 9.157050E+0 3.674740E+0 1.425720E-1 1.309470E-1 6.573920E-4
 5.196860E+1 1.171120E+1 5.752600E+0 3.273400E-1 1.879340E-1 1.480060E-3
 6.721380E+1 1.476080E+1 9.017670E+0 7.263370E-1 2.920140E-1 3.586950E-3
 8.551300E+1 1.850050E+1 1.389040E+1 1.513370E+0 4.797930E-1 9.110210E-3
 1.095580E+2 2.320600E+1 2.072560E+1 2.883820E+0 8.157840E-1 2.363230E-2
 1.378710E+2 2.913320E+1 2.995150E+1 5.031840E+0 1.407720E+0 6.092390E-2
 1.757460E+2 3.618580E+1 4.197740E+1 8.038490E+0 2.416110E+0 1.518290E-1
 2.194270E+2 4.470710E+1 5.724950E+1 1.189100E+1 4.054760E+0 3.562760E-1
 2.727490E+2 5.451520E+1 7.639020E+1 1.648140E+1 6.569490E+0 7.688710E-1
 3.447240E+2 6.588730E+1 1.005200E+2 2.175250E+1 1.020650E+1 1.504750E+0
 4.459670E+2 7.970320E+1 1.324260E+2 2.789840E+1 1.524840E+1 2.666330E+0
 5.297270E+2 9.344480E+1 1.673170E+2 3.419480E+1 2.179120E+1 4.264800E+0
 6.490800E+2 1.101720E+2 2.125580E+2 4.149510E+1 3.025680E+1 6.312940E+0
 8.280600E+2 1.294130E+2 2.721390E+2 4.966430E+1 4.111980E+1 8.739140E+0
 1.015660E+3 1.521670E+2 3.422290E+2 5.919080E+1 5.475010E+1 1.157560E+1
 8.589800E+0 9.018030E-1 1.211800E+0 3.375010E-3 0.000000E+6 0.000000E+6
 1.121130E+1 1.532690E+0 1.017290E+0 4.474700E-3 0.000000E+6 0.000000E+6
 1.456000E+1 2.441010E+0 1.101380E+0 7.633940E-3 0.000000E+6 0.000000E+6
 1.877870E+1 3.651240E+0 1.328390E+0 1.440190E-2 0.000000E+6 0.000000E+6
 2.417780E+1 5.123240E+0 1.741170E+0 2.928040E-2 0.000000E+6 0.000000E+6
 3.078290E+1 6.812840E+0 2.442400E+0 6.289460E-2 1.397860E-1 4.456970E-4
 3.973600E+1 8.988800E+0 3.608710E+0 1.400460E-1 1.489570E-1 7.479110E-4
 5.014380E+1 1.097590E+1 5.485600E+0 3.119840E-1 1.966990E-1 1.549230E-3
 6.374990E+1 1.374890E+1 8.409280E+0 6.773720E-1 2.897560E-1 3.559010E-3
 8.091500E+1 1.705030E+1 1.275490E+1 1.391480E+0 4.584070E-1 8.704980E-3
 1.020110E+2 2.116150E+1 1.885940E+1 2.633440E+0 7.582500E-1 2.196010E-2
 1.275690E+2 2.626430E+1 2.699100E+1 4.546910E+0 1.281040E+0 5.545710E-2
 1.592020E+2 3.243890E+1 3.753090E+1 7.199530E+0 2.164400E+0 1.360860E-1
 2.000320E+2 3.965150E+1 5.080910E+1 1.053140E+1 3.590410E+0 3.156180E-1
 2.450080E+2 4.793190E+1 6.740660E+1 1.447390E+1 5.764350E+0 6.750630E-1
 3.021610E+2 5.738030E+1 8.789680E+1 1.894140E+1 8.896700E+0 1.311480E+0
 3.767440E+2 6.824880E+1 1.135250E+2 2.393980E+1 1.316700E+1 2.301760E+0
 4.646940E+2 8.043090E+1 1.447250E+2 2.942670E+1 1.876080E+1 3.674100E+0
 5.779870E+2 9.462490E+1 1.840510E+2 3.561640E+1 2.597830E+1 5.418270E+0
 7.187610E+2 1.110810E+2 2.342110E+2 4.262060E+1 3.517490E+1 7.494490E+0
 8.840570E+2 1.295220E+2 2.936230E+2 5.037260E+1 4.664520E+1 9.850380E+0
 9.662570E+0 1.078950E+0 0.000000E+6 0.000000E+6 0.000000E+6 0.000000E+6
 1.265410E+1 1.766280E+0 1.903230E+0 8.344610E-3 0.000000E+6 0.000000E+6
 1.610180E+1 2.751670E+0 1.454760E+0 1.004640E-2 0.000000E+6 0.000000E+6
 2.030810E+1 4.007880E+0 1.574980E+0 1.706860E-2 0.000000E+6 0.000000E+6
 2.532270E+1 5.411400E+0 1.927570E+0 3.243050E-2 0.000000E+6 0.000000E+6
 3.175200E+1 7.005790E+0 2.559040E+0 6.596230E-2 0.000000E+6 0.000000E+6
 3.959960E+1 8.820530E+0 3.621040E+0 1.405330E-1 2.102280E-1 1.055480E-3
 4.937150E+1 1.088060E+1 5.321790E+0 3.030090E-1 2.208570E-1 1.739580E-3
 6.215310E+1 1.328250E+1 7.945180E+0 6.407850E-1 2.979050E-1 3.659770E-3
 7.714030E+1 1.606400E+1 1.179760E+1 1.287160E+0 4.471170E-1 8.490830E-3
 9.605330E+1 1.957870E+1 1.717630E+1 2.402400E+0 7.134760E-1 2.066490E-2
 1.190650E+2 2.388450E+1 2.432700E+1 4.103620E+0 1.174850E+0 5.086370E-2
 1.468920E+2 2.907140E+1 3.352380E+1 6.427600E+0 1.947660E+0 1.224810E-1
 1.819890E+2 3.517560E+1 4.505260E+1 9.321300E+0 3.185130E+0 2.799960E-1
 2.250440E+2 4.218320E+1 5.940500E+1 1.270260E+1 5.057480E+0 5.923980E-1
 2.738950E+2 5.010670E+1 7.697710E+1 1.651500E+1 7.744180E+0 1.142130E+0
 3.464360E+2 5.951080E+1 9.964670E+1 2.081140E+1 1.139540E+1 1.993170E+0
 4.217470E+2 6.962930E+1 1.266090E+2 2.541980E+1 1.615690E+1 3.163780E+0
 5.141380E+2 8.128480E+1 1.600220E+2 3.056050E+1 2.227090E+1 4.638910E+0
 6.262860E+2 9.455800E+1 2.006050E+2 3.627060E+1 2.995810E+1 6.377460E+0
 7.594690E+2 1.098680E+2 2.504770E+2 4.272260E+1 3.959710E+1 8.352310E+0
 1.192050E+1 1.356250E+0 0.000000E+6 0.000000E+6 0.000000E+6 0.000000E+6
 1.464370E+1 2.164600E+0 0.000000E+6 0.000000E+6 0.000000E+6 0.000000E+6
 1.797960E+1 3.238360E+0 0.000000E+6 0.000000E+6 0.000000E+6 0.000000E+6
 2.295350E+1 4.586200E+0 2.294010E+0 2.485160E-2 0.000000E+6 0.000000E+6
 2.778120E+1 5.962990E+0 2.361650E+0 3.971050E-2 0.000000E+6 0.000000E+6
 3.372390E+1 7.529040E+0 2.859720E+0 7.378160E-2 0.000000E+6 0.000000E+6
 4.103930E+1 9.109030E+0 3.778880E+0 1.468350E-1 0.000000E+6 0.000000E+6
 5.003060E+1 1.086650E+1 5.283510E+0 3.010630E-1 4.387110E-1 3.456880E-3
 6.095590E+1 1.279080E+1 7.586200E+0 6.119610E-1 3.417250E-1 4.198680E-3
 7.453230E+1 1.509850E+1 1.093420E+1 1.193280E+0 4.550670E-1 8.641700E-3
 9.077700E+1 1.795880E+1 1.555040E+1 2.174960E+0 6.822530E-1 1.975990E-2
 1.103710E+2 2.151320E+1 2.168600E+1 3.660840E+0 1.079450E+0 4.674020E-2
 1.350930E+2 2.580010E+1 2.949030E+1 5.661980E+0 1.740430E+0 1.095070E-1
 1.658430E+2 3.074380E+1 3.920900E+1 8.108590E+0 2.789220E+0 2.452990E-1
 2.002340E+2 3.640940E+1 5.117520E+1 1.093420E+1 4.362340E+0 5.110800E-1
 2.443600E+2 4.287350E+1 6.594190E+1 1.408750E+1 6.601020E+0 9.735300E-1
 2.965350E+2 5.008370E+1 8.395980E+1 1.751570E+1 9.613850E+0 1.681530E+0
 3.625430E+2 5.848090E+1 1.067090E+2 2.133400E+1 1.354920E+1 2.652200E+0
 4.381000E+2 6.771410E+1 1.337570E+2 2.544580E+1 1.853590E+1 3.861720E+0
 5.303290E+2 7.830870E+1 1.670020E+2 3.002540E+1 2.479740E+1 5.276920E+0
 6.397100E+2 9.042150E+1 2.076220E+2 3.515180E+1 3.261590E+1 6.871480E+0
 1.460800E+1 1.702570E+0 0.000000E+6 0.000000E+6 0.000000E+6 0.000000E+6
 1.780300E+1 2.670600E+0 0.000000E+6 0.000000E+6 0.000000E+6 0.000000E+6
 2.127200E+1 3.877690E+0 0.000000E+6 0.000000E+6 0.000000E+6 0.000000E+6
 2.513100E+1 5.216470E+0 0.000000E+6 0.000000E+6 0.000000E+6 0.000000E+6
 3.087920E+1 6.626180E+0 3.912290E+0 6.560030E-2 0.000000E+6 0.000000E+6
 3.626970E+1 7.993150E+0 3.561560E+0 9.186100E-2 0.000000E+6 0.000000E+6
 4.278540E+1 9.375670E+0 4.205390E+0 1.631810E-1 0.000000E+6 0.000000E+6
 5.070770E+1 1.076600E+1 5.474760E+0 3.122040E-1 0.000000E+6 0.000000E+6
 6.026670E+1 1.236840E+1 7.476140E+0 6.034250E-1 0.000000E+6 0.000000E+6
 7.211250E+1 1.427030E+1 1.039290E+1 1.134690E+0 5.394720E-1 1.024510E-2
 8.650720E+1 1.663320E+1 1.439010E+1 2.011620E+0 6.887460E-1 1.995180E-2
 1.032030E+2 1.949560E+1 1.962290E+1 3.310480E+0 1.020340E+0 4.418200E-2
 1.239330E+2 2.297440E+1 2.621520E+1 5.031100E+0 1.583960E+0 9.965970E-2
 1.488490E+2 2.703090E+1 3.440510E+1 7.110550E+0 2.474780E+0 2.176680E-1
 1.789640E+2 3.158560E+1 4.437580E+1 9.463040E+0 3.799940E+0 4.453570E-1
 2.170110E+2 3.689300E+1 5.678290E+1 1.209380E+1 5.662060E+0 8.371820E-1
 2.591860E+2 4.259510E+1 7.147340E+1 1.488360E+1 8.174320E+0 1.429950E+0
 3.121230E+2 4.925040E+1 9.007630E+1 1.795730E+1 1.141260E+1 2.233660E+0
 3.744020E+2 5.661500E+1 1.122690E+2 2.126540E+1 1.550100E+1 3.227290E+0
 4.558180E+2 6.525130E+1 1.401130E+2 2.500450E+1 2.064520E+1 4.390700E+0
 5.468050E+2 7.484720E+1 1.729340E+2 2.908460E+1 2.696980E+1 5.681530E+0
 1.747950E+1 2.073420E+0 0.000000E+6 0.000000E+6 0.000000E+6 0.000000E+6
 2.098150E+1 3.180880E+0 0.000000E+6 0.000000E+6 0.000000E+6 0.000000E+6
 2.446360E+1 4.484470E+0 0.000000E+6 0.000000E+6 0.000000E+6 0.000000E+6
 2.821650E+1 5.869350E+0 0.000000E+6 0.000000E+6 0.000000E+6 0.000000E+6
 3.220630E+1 7.233770E+0 0.000000E+6 0.000000E+6 0.000000E+6 0.000000E+6
 3.879370E+1 8.513770E+0 6.310580E+0 1.622560E-1 0.000000E+6 0.000000E+6
 4.463960E+1 9.649200E+0 5.096390E+0 1.977270E-1 0.000000E+6 0.000000E+6
 5.160740E+1 1.082800E+1 5.952070E+0 3.393170E-1 0.000000E+6 0.000000E+6
 6.019210E+1 1.214490E+1 7.650940E+0 6.178910E-1 0.000000E+6 0.000000E+6
 7.045650E+1 1.368710E+1 1.020730E+1 1.115150E+0 0.000000E+6 0.000000E+6
 8.304510E+1 1.564490E+1 1.373370E+1 1.919040E+0 8.145060E-1 2.359260E-2
 9.841440E+1 1.811590E+1 1.832280E+1 3.090190E+0 1.017110E+0 4.404160E-2
 1.159240E+2 2.103600E+1 2.406840E+1 4.611300E+0 1.494850E+0 9.404780E-2
 1.381480E+2 2.445300E+1 3.117790E+1 6.431960E+0 2.268700E+0 1.995910E-1
 1.634010E+2 2.829020E+1 3.978620E+1 8.472200E+0 3.420440E+0 4.009790E-1
 1.932050E+2 3.260520E+1 5.024390E+1 1.069580E+1 5.039150E+0 7.434210E-1
 2.321070E+2 3.747730E+1 6.307450E+1 1.308220E+1 7.188890E+0 1.257160E+0
 2.769980E+2 4.294610E+1 7.870810E+1 1.565340E+1 9.950650E+0 1.946800E+0
 3.295810E+2 4.904520E+1 9.746400E+1 1.841760E+1 1.342090E+1 2.794010E+0
 3.938420E+2 5.604080E+1 1.203290E+2 2.147620E+1 1.774440E+1 3.772650E+0
 4.733740E+2 6.417390E+1 1.487410E+2 2.493360E+1 2.313270E+1 4.867590E+0
---