PdfType: central
Format: lhagrid1
---
 1.000000E-6 1.700000E-6 3.200000E-6 6.000000E-6 1.000000E-5 1.700000E-5 3.200000E-5 6.000000E-5 1.000000E-4 1.700000E-4 3.200000E-4 6.000000E-4 1.000000E-3 1.700000E-3 3.200000E-3 6.000000E-3 1.000000E-2 1.700000E-2 3.200000E-2 6.000000E-2 1.000000E-1
 3.162278E-1 3.981068E-1 5.011876E-1 6.309572E-1 7.943280E-1 1.000000E+0 1.258924E+0 1.584894E+0 1.995262E+0 2.511886E+0 3.162278E+0 3.981068E+0 5.011876E+0 6.309572E+0 7.943280E+0 1.000000E+1 1.258924E+1 1.584894E+1 1.995262E+1 2.511886E+1 3.162278E+1
900 901 917 918 920 921
 1.092410E+1 7.888240E-1 7.448350E-1 1.902410E-3 1.828020E-2 5.830430E-6
 1.647650E+1 1.534840E+0 1.262130E+0 5.069020E-3 3.352060E-2 1.683920E-5
 2.427470E+1 2.727580E+0 2.131470E+0 1.337490E-2 6.101060E-2 4.824310E-5
 3.547560E+1 4.633360E+0 3.594680E+0 3.516810E-2 1.101440E-1 1.369630E-4
 5.132820E+1 7.360020E+0 5.996600E+0 9.045840E-2 1.969210E-1 3.843210E-4
 7.386770E+1 1.130720E+1 9.913600E+0 2.287800E-1 3.504120E-1 1.073990E-3
 1.050380E+2 1.694210E+1 1.607540E+1 5.575560E-1 6.199340E-1 2.981670E-3
 1.546040E+2 2.607590E+1 2.645130E+1 1.349440E+0 1.115740E+0 8.388590E-3
 2.344790E+2 4.150890E+1 4.416860E+1 3.213720E+0 2.051600E+0 2.397640E-2
 3.398110E+2 6.380030E+1 6.976020E+1 6.963820E+0 3.693000E+0 6.646100E-2
 4.763150E+2 9.566940E+1 1.051730E+2 1.372430E+1 6.514830E+0 1.786340E-1
 6.504220E+2 1.400540E+2 1.517200E+2 2.470600E+1 1.115410E+1 4.571960E-1
 8.582820E+2 1.966330E+2 2.096390E+2 4.029250E+1 1.844880E+1 1.100830E+0
 1.106860E+3 2.657580E+2 2.798950E+2 6.051610E+1 2.933830E+1 2.465000E+0
 1.402310E+3 3.460130E+2 3.626540E+2 8.471410E+1 4.445060E+1 5.029370E+0
 1.735830E+3 4.355810E+2 4.577340E+2 1.120740E+2 6.405880E+1 9.294170E+0
 2.107630E+3 5.235370E+2 5.629940E+2 1.393310E+2 8.766240E+1 1.532360E+1
 2.529700E+3 6.155620E+2 6.828990E+2 1.676170E+2 1.153990E+2 2.309240E+1
 2.978620E+3 7.073810E+2 8.107900E+2 1.956690E+2 1.463090E+2 3.198660E+1
 3.477730E+3 7.960120E+2 9.520350E+2 2.225170E+2 1.804040E+2 4.125970E+1
 4.079150E+3 8.880660E+2 1.121900E+3 2.499860E+2 2.194570E+2 5.068730E+1
 1.068110E+1 7.821900E-1 6.809070E-1 1.758680E-3 1.526030E-2 4.896390E-6
 1.599570E+1 1.521760E+0 1.150800E+0 4.651680E-3 2.827830E-2 1.429450E-5
 2.354650E+1 2.737920E+0 1.949960E+0 1.233370E-2 5.188700E-2 4.129130E-5
 3.431410E+1 4.589120E+0 3.283890E+0 3.231300E-2 9.441160E-2 1.181960E-4
 4.940410E+1 7.294510E+0 5.498620E+0 8.360960E-2 1.700940E-1 3.342680E-4
 7.055780E+1 1.106260E+1 9.097020E+0 2.115410E-1 3.036020E-1 9.358750E-4
 9.986480E+1 1.634920E+1 1.478370E+1 5.161640E-1 5.396280E-1 2.607670E-3
 1.457680E+2 2.485420E+1 2.426080E+1 1.246630E+0 9.700720E-1 7.329550E-3
 2.178370E+2 3.919860E+1 4.021250E+1 2.945910E+0 1.779560E+0 2.089790E-2
 3.130090E+2 5.942330E+1 6.328600E+1 6.361540E+0 3.204760E+0 5.801240E-2
 4.359080E+2 8.862260E+1 9.516630E+1 1.253350E+1 5.653980E+0 1.558980E-1
 5.900270E+2 1.274900E+2 1.362850E+2 2.228430E+1 9.664260E+0 3.979840E-1
 7.757830E+2 1.772170E+2 1.873580E+2 3.611270E+1 1.599720E+1 9.605550E-1
 9.940370E+2 2.378060E+2 2.493290E+2 5.393630E+1 2.539860E+1 2.142640E+0
 1.247740E+3 3.064680E+2 3.210510E+2 7.482110E+1 3.838310E+1 4.354020E+0
 1.537290E+3 3.811320E+2 4.029520E+2 9.786220E+1 5.523700E+1 8.009780E+0
 1.859280E+3 4.573620E+2 4.941410E+2 1.215580E+2 7.562550E+1 1.323870E+1
 2.228280E+3 5.350730E+2 5.978170E+2 1.455520E+2 9.927940E+1 1.988050E+1
 2.603750E+3 6.106140E+2 7.058520E+2 1.687970E+2 1.257270E+2 2.745260E+1
 3.016780E+3 6.804940E+2 8.233830E+2 1.901410E+2 1.541220E+2 3.512410E+1
 3.522370E+3 7.545420E+2 9.655490E+2 2.123380E+2 1.868860E+2 4.294590E+1
 1.039500E+1 7.907640E-1 6.096150E-1 1.600940E-3 1.209390E-2 3.908850E-6
 1.542300E+1 1.508670E+0 1.030510E+0 4.204980E-3 2.274590E-2 1.158260E-5
 2.261000E+1 2.729770E+0 1.744240E+0 1.113250E-2 4.225630E-2 3.387690E-5
 3.276020E+1 4.485310E+0 2.946810E+0 2.931290E-2 7.764300E-2 9.793690E-5
 4.697650E+1 7.137730E+0 4.940290E+0 7.591490E-2 1.412820E-1 2.800270E-4
 6.648720E+1 1.070690E+1 8.179370E+0 1.919210E-1 2.543370E-1 7.903050E-4
 9.392680E+1 1.579580E+1 1.333190E+1 4.714770E-1 4.541180E-1 2.209530E-3
 1.355140E+2 2.354920E+1 2.176220E+1 1.128190E+0 8.172570E-1 6.213980E-3
 1.997720E+2 3.636520E+1 3.579750E+1 2.651900E+0 1.491210E+0 1.762950E-2
 2.823730E+2 5.413620E+1 5.596660E+1 5.667430E+0 2.685130E+0 4.891650E-2
 3.905910E+2 7.971740E+1 8.370310E+1 1.109230E+1 4.729350E+0 1.311190E-1
 5.240530E+2 1.136470E+2 1.195060E+2 1.965550E+1 8.108590E+0 3.358680E-1
 6.832590E+2 1.563070E+2 1.635950E+2 3.158550E+1 1.342680E+1 8.100530E-1
 8.707090E+2 2.075280E+2 2.161580E+2 4.679920E+1 2.129790E+1 1.804680E+0
 1.087390E+3 2.656270E+2 2.770380E+2 6.459110E+1 3.217830E+1 3.668000E+0
 1.329550E+3 3.264510E+2 3.458030E+2 8.361650E+1 4.626390E+1 6.731080E+0
 1.593690E+3 3.877440E+2 4.213380E+2 1.028810E+2 6.313790E+1 1.107540E+1
 1.885360E+3 4.486180E+2 5.037930E+2 1.219150E+2 8.243650E+1 1.651080E+1
 2.197290E+3 5.083260E+2 5.938970E+2 1.404120E+2 1.042060E+2 2.267730E+1
 2.532200E+3 5.626110E+2 6.887970E+2 1.571270E+2 1.273540E+2 2.889010E+1
 2.940130E+3 6.183650E+2 8.025170E+2 1.739540E+2 1.533900E+2 3.506140E+1
 1.000710E+1 7.815370E-1 5.408360E-1 1.444540E-3 9.342380E-3 3.042560E-6
 1.490220E+1 1.513720E+0 9.215750E-1 3.816330E-3 1.791690E-2 9.191330E-6
 2.183340E+1 2.694330E+0 1.558310E+0 1.003030E-2 3.385570E-2 2.734510E-5
 3.140000E+1 4.461510E+0 2.627220E+0 2.634480E-2 6.304080E-2 8.011320E-5
 4.467530E+1 6.977380E+0 4.416620E+0 6.859730E-2 1.160640E-1 2.318500E-4
 6.288510E+1 1.037250E+1 7.330220E+0 1.738960E-1 2.111030E-1 6.615250E-4
 8.806600E+1 1.511980E+1 1.195130E+1 4.259490E-1 3.794110E-1 1.859690E-3
 1.256650E+2 2.234380E+1 1.950170E+1 1.023000E+0 6.832610E-1 5.227260E-3
 1.821200E+2 3.363750E+1 3.173580E+1 2.368090E+0 1.242970E+0 1.478170E-2
 2.562560E+2 4.969050E+1 4.939370E+1 5.050290E+0 2.234840E+0 4.097540E-2
 3.487020E+2 7.169740E+1 7.342430E+1 9.800790E+0 3.945090E+0 1.101080E-1
 4.636450E+2 1.010480E+2 1.043810E+2 1.727110E+1 6.770730E+0 2.823410E-1
 6.010900E+2 1.378250E+2 1.421450E+2 2.763410E+1 1.121680E+1 6.809160E-1
 7.607940E+2 1.810250E+2 1.866820E+2 4.060130E+1 1.778610E+1 1.517050E+0
 9.408970E+2 2.287900E+2 2.376540E+2 5.543490E+1 2.683430E+1 3.074360E+0
 1.141430E+3 2.777080E+2 2.945450E+2 7.095420E+1 3.847700E+1 5.611370E+0
 1.371840E+3 3.271380E+2 3.586230E+2 8.662640E+1 5.243710E+1 9.194480E+0
 1.623580E+3 3.763230E+2 4.294460E+2 1.020990E+2 6.845560E+1 1.367720E+1
 1.852590E+3 4.208580E+2 4.980270E+2 1.161550E+2 8.588530E+1 1.862870E+1
 2.129040E+3 4.625080E+2 5.746290E+2 1.290880E+2 1.044570E+2 2.361660E+1
 2.450470E+3 5.048990E+2 6.655100E+2 1.419810E+2 1.255080E+2 2.852360E+1
 9.687730E+0 7.628280E-1 4.863520E-1 1.313650E-3 7.420600E-3 2.432630E-6
 1.447450E+1 1.508740E+0 8.378930E-1 3.523670E-3 1.446890E-2 7.468540E-6
 2.099070E+1 2.667200E+0 1.417810E+0 9.215630E-3 2.778830E-2 2.258260E-5
 3.014600E+1 4.381390E+0 2.393540E+0 2.417360E-2 5.251950E-2 6.715480E-5
 4.280930E+1 6.877610E+0 4.018020E+0 6.286310E-2 9.774060E-2 1.964200E-4
 5.973300E+1 1.008450E+1 6.678550E+0 1.595590E-1 1.797000E-1 5.667820E-4
 8.327430E+1 1.461240E+1 1.092020E+1 3.926240E-1 3.257480E-1 1.607540E-3
 1.175840E+2 2.125360E+1 1.775610E+1 9.385690E-1 5.873950E-1 4.520180E-3
 1.687600E+2 3.154020E+1 2.871510E+1 2.158930E+0 1.066450E+0 1.274460E-2
 2.347460E+2 4.604200E+1 4.446810E+1 4.580320E+0 1.916710E+0 3.533190E-2
 3.175480E+2 6.555700E+1 6.573700E+1 8.825590E+0 3.387410E+0 9.498480E-2
 4.185090E+2 9.124530E+1 9.300720E+1 1.542970E+1 5.811330E+0 2.432590E-1
 5.395950E+2 1.236560E+2 1.263590E+2 2.460410E+1 9.644790E+0 5.877450E-1
 6.778310E+2 1.607730E+2 1.652860E+2 3.589530E+1 1.529860E+1 1.309330E+0
 8.366690E+2 2.016580E+2 2.096140E+2 4.869580E+1 2.307140E+1 2.651180E+0
 1.006060E+3 2.422880E+2 2.579520E+2 6.176460E+1 3.299110E+1 4.812510E+0
 1.201830E+3 2.850630E+2 3.122190E+2 7.537670E+1 4.486520E+1 7.905780E+0
 1.438950E+3 3.283120E+2 3.779220E+2 8.895320E+1 5.901640E+1 1.178620E+1
 1.620670E+3 3.596130E+2 4.313310E+2 9.916500E+1 7.304270E+1 1.581070E+1
 1.848730E+3 3.935690E+2 4.967660E+2 1.097870E+2 8.892630E+1 1.999360E+1
 2.104870E+3 4.259110E+2 5.693710E+2 1.197290E+2 1.061330E+2 2.398450E+1
 9.432150E+0 7.784960E-1 4.301470E-1 1.173190E-3 5.727380E-3 1.890550E-6
 1.389830E+1 1.463520E+0 7.505470E-1 3.194740E-3 1.136620E-2 5.905930E-6
 2.023240E+1 2.588920E+0 1.282900E+0 8.453930E-3 2.219810E-2 1.815700E-5
 2.888680E+1 4.289440E+0 2.163490E+0 2.202200E-2 4.270560E-2 5.495980E-5
 4.068860E+1 6.704080E+0 3.627250E+0 5.707900E-2 8.076870E-2 1.633590E-4
 5.672650E+1 9.736750E+0 6.042780E+0 1.453650E-1 1.501000E-1 4.764790E-4
 7.839860E+1 1.404690E+1 9.878130E+0 3.577380E-1 2.753360E-1 1.368140E-3
 1.098950E+2 2.021160E+1 1.604150E+1 8.549440E-1 4.990180E-1 3.864390E-3
 1.560770E+2 2.953050E+1 2.579570E+1 1.955940E+0 9.040720E-1 1.086710E-2
 2.145480E+2 4.220760E+1 3.970860E+1 4.109620E+0 1.624640E+0 3.008750E-2
 2.878220E+2 5.954880E+1 5.860100E+1 7.898240E+0 2.871470E+0 8.091680E-2
 3.770350E+2 8.233600E+1 8.250320E+1 1.376500E+1 4.953950E+0 2.086060E-1
 4.809450E+2 1.102060E+2 1.114140E+2 2.177570E+1 8.220560E+0 5.037200E-1
 6.004080E+2 1.416710E+2 1.448310E+2 3.147070E+1 1.302560E+1 1.118890E+0
 7.359560E+2 1.761770E+2 1.827060E+2 4.239830E+1 1.959020E+1 2.258520E+0
 8.828970E+2 2.105300E+2 2.244320E+2 5.354860E+1 2.802220E+1 4.105590E+0
 1.065740E+3 2.432210E+2 2.736290E+2 6.413360E+1 3.813180E+1 6.622410E+0
 1.242720E+3 2.792680E+2 3.241220E+2 7.558540E+1 4.978290E+1 9.936170E+0
 1.387260E+3 3.051010E+2 3.686830E+2 8.407930E+1 6.169140E+1 1.332990E+1
 1.572830E+3 3.306640E+2 4.217880E+2 9.219610E+1 7.466790E+1 1.672520E+1
 1.792060E+3 3.554570E+2 4.823750E+2 9.988740E+1 8.877040E+1 1.994940E+1
 9.072940E+0 7.663030E-1 3.667250E-1 1.012670E-3 4.057760E-3 1.351840E-6
 1.331660E+1 1.456300E+0 6.485660E-1 2.797030E-3 8.292990E-3 4.346380E-6
 1.936480E+1 2.586850E+0 1.126750E+0 7.556320E-3 1.655800E-2 1.365330E-5
 2.749320E+1 4.236940E+0 1.915280E+0 1.977520E-2 3.247930E-2 4.212210E-5
 3.839450E+1 6.439810E+0 3.214330E+0 5.106390E-2 6.270200E-2 1.278220E-4
 5.309690E+1 9.542840E+0 5.336840E+0 1.296510E-1 1.189450E-1 3.804670E-4
 7.296780E+1 1.342380E+1 8.753180E+0 3.204010E-1 2.216450E-1 1.109990E-3
 1.009980E+2 1.889620E+1 1.412620E+1 7.586800E-1 4.058830E-1 3.169680E-3
 1.410650E+2 2.702740E+1 2.255860E+1 1.725230E+0 7.364120E-1 8.915070E-3
 1.922140E+2 3.813410E+1 3.456740E+1 3.605090E+0 1.323880E+0 2.467040E-2
 2.554320E+2 5.308850E+1 5.070980E+1 6.889890E+0 2.342560E+0 6.640120E-2
 3.307290E+2 7.194200E+1 7.099960E+1 1.187320E+1 4.041740E+0 1.710030E-1
 4.191980E+2 9.538690E+1 9.540860E+1 1.866520E+1 6.719300E+0 4.137370E-1
 5.195170E+2 1.214810E+2 1.235090E+2 2.679840E+1 1.067270E+1 9.213000E-1
 6.305560E+2 1.486860E+2 1.545330E+2 3.562460E+1 1.602600E+1 1.852640E+0
 7.483360E+2 1.762980E+2 1.884000E+2 4.470300E+1 2.288780E+1 3.361130E+0
 8.806630E+2 2.027980E+2 2.262120E+2 5.341430E+1 3.102030E+1 5.456790E+0
 1.019520E+3 2.267500E+2 2.647720E+2 6.132180E+1 4.016020E+1 8.011130E+0
 1.179970E+3 2.502600E+2 3.094920E+2 6.886820E+1 5.030620E+1 1.080830E+1
 1.303390E+3 2.670300E+2 3.463630E+2 7.440420E+1 6.022800E+1 1.342560E+1
 1.471080E+3 2.845560E+2 3.935320E+2 7.992620E+1 7.127260E+1 1.590030E+1
 8.681070E+0 7.455190E-1 3.063740E-1 8.556940E-4 2.701540E-3 9.089200E-7
 1.282860E+1 1.445310E+0 5.504130E-1 2.403260E-3 5.806720E-3 3.071630E-6
 1.830760E+1 2.524240E+0 9.720390E-1 6.608710E-3 1.198600E-2 9.969640E-6
 2.601600E+1 4.139160E+0 1.675500E+0 1.756920E-2 2.408130E-2 3.149180E-5
 3.629290E+1 6.280940E+0 2.832150E+0 4.545810E-2 4.743300E-2 9.744790E-5
 4.984070E+1 9.077120E+0 4.711010E+0 1.154590E-1 9.182950E-2 2.960260E-4
 6.791410E+1 1.272250E+1 7.702200E+0 2.839650E-1 1.744960E-1 8.807050E-4
 9.284230E+1 1.767990E+1 1.239580E+1 6.721480E-1 3.247170E-1 2.556420E-3
 1.272080E+2 2.480160E+1 1.965170E+1 1.515510E+0 5.931610E-1 7.239500E-3
 1.709300E+2 3.423490E+1 2.992520E+1 3.146340E+0 1.069930E+0 2.007910E-2
 2.251530E+2 4.689400E+1 4.369840E+1 5.974300E+0 1.898050E+0 5.415230E-2
 2.895830E+2 6.308590E+1 6.091550E+1 1.024730E+1 3.273950E+0 1.393840E-1
 3.638110E+2 8.244670E+1 8.133680E+1 1.595930E+1 5.447280E+0 3.370840E-1
 4.479310E+2 1.036620E+2 1.046140E+2 2.270400E+1 8.653420E+0 7.503790E-1
 5.373440E+2 1.253870E+2 1.301920E+2 2.990120E+1 1.302910E+1 1.511990E+0
 6.382950E+2 1.469080E+2 1.578890E+2 3.711890E+1 1.855350E+1 2.732220E+0
 7.389530E+2 1.670470E+2 1.873150E+2 4.391470E+1 2.510380E+1 4.422920E+0
 8.435800E+2 1.849280E+2 2.176160E+2 4.994230E+1 3.232590E+1 6.451660E+0
 9.647160E+2 2.010370E+2 2.513720E+2 5.527810E+1 4.021860E+1 8.623580E+0
 1.073720E+3 2.142630E+2 2.826730E+2 5.965660E+1 4.825340E+1 1.069770E+1
 1.208150E+3 2.264430E+2 3.200940E+2 6.356980E+1 5.688980E+1 1.259500E+1
 8.427140E+0 7.483840E-1 2.609490E-1 7.360570E-4 1.779670E-3 6.041420E-7
 1.237500E+1 1.410590E+0 4.740560E-1 2.089550E-3 4.120770E-3 2.197830E-6
 1.786510E+1 2.532160E+0 8.483100E-1 5.823400E-3 8.901920E-3 7.461510E-6
 2.498380E+1 4.036440E+0 1.487200E+0 1.581450E-2 1.841840E-2 2.426000E-5
 3.453540E+1 6.148920E+0 2.536480E+0 4.123880E-2 3.703680E-2 7.661260E-5
 4.707980E+1 8.825680E+0 4.231100E+0 1.043690E-1 7.289380E-2 2.365420E-4
 6.402770E+1 1.229020E+1 6.932470E+0 2.575700E-1 1.407830E-1 7.150530E-4
 8.659340E+1 1.671320E+1 1.111580E+1 6.059850E-1 2.663380E-1 2.110010E-3
 1.173400E+2 2.310570E+1 1.751910E+1 1.360520E+0 4.919970E-1 6.044960E-3
 1.564020E+2 3.144350E+1 2.657360E+1 2.812860E+0 8.916890E-1 1.683720E-2
 2.033680E+2 4.243560E+1 3.859720E+1 5.297460E+0 1.586040E+0 4.547940E-2
 2.597090E+2 5.648300E+1 5.359140E+1 9.051190E+0 2.742680E+0 1.173440E-1
 3.224930E+2 7.248860E+1 7.098970E+1 1.392200E+1 4.567810E+0 2.839630E-1
 3.937450E+2 9.043620E+1 9.089490E+1 1.968690E+1 7.261150E+0 6.319450E-1
 4.714670E+2 1.084190E+2 1.126080E+2 2.574900E+1 1.093570E+1 1.272250E+0
 5.522580E+2 1.258360E+2 1.357950E+2 3.170790E+1 1.555090E+1 2.292140E+0
 6.401310E+2 1.418200E+2 1.604880E+2 3.720830E+1 2.100600E+1 3.700920E+0
 7.362680E+2 1.560770E+2 1.868630E+2 4.207200E+1 2.700540E+1 5.375810E+0
 8.175660E+2 1.677180E+2 2.117510E+2 4.607960E+1 3.337340E+1 7.140620E+0
 9.122070E+2 1.780250E+2 2.390990E+2 4.953330E+1 4.008720E+1 8.835820E+0
 1.020930E+3 1.867690E+2 2.686830E+2 5.240850E+1 4.704540E+1 1.034690E+1
 8.130050E+0 7.309040E-1 2.176530E-1 6.202260E-4 9.894710E-4 3.392990E-7
 1.179580E+1 1.378330E+0 4.004400E-1 1.782740E-3 2.634680E-3 1.418400E-6
 1.699320E+1 2.453120E+0 7.250280E-1 5.027810E-3 6.181170E-3 5.225750E-6
 2.372410E+1 3.914890E+0 1.289710E+0 1.386370E-2 1.345270E-2 1.786130E-5
 3.285490E+1 5.964440E+0 2.237370E+0 3.693560E-2 2.793330E-2 5.821860E-5
 4.461370E+1 8.493820E+0 3.765450E+0 9.389200E-2 5.621340E-2 1.837170E-4
 5.978920E+1 1.160260E+1 6.188850E+0 2.319850E-1 1.104810E-1 5.650350E-4
 8.029560E+1 1.580600E+1 9.905770E+0 5.449180E-1 2.125230E-1 1.694920E-3
 1.071110E+2 2.129590E+1 1.549040E+1 1.210160E+0 3.990270E-1 4.935820E-3
 1.409920E+2 2.860510E+1 2.336650E+1 2.486710E+0 7.304700E-1 1.388860E-2
 1.824540E+2 3.808640E+1 3.375130E+1 4.655900E+0 1.304050E+0 3.761590E-2
 2.305230E+2 4.979930E+1 4.651530E+1 7.867080E+0 2.263100E+0 9.727710E-2
 2.839620E+2 6.339680E+1 6.147550E+1 1.205620E+1 3.777410E+0 2.356790E-1
 3.452210E+2 7.809010E+1 7.826670E+1 1.689270E+1 6.011130E+0 5.248370E-1
 4.079290E+2 9.278730E+1 9.636840E+1 2.193780E+1 9.047050E+0 1.055400E+0
 4.784500E+2 1.067250E+2 1.158940E+2 2.680840E+1 1.288540E+1 1.901960E+0
 5.473830E+2 1.191000E+2 1.357880E+2 3.118000E+1 1.733680E+1 3.055350E+0
 6.247420E+2 1.297690E+2 1.569940E+2 3.493590E+1 2.224440E+1 4.420240E+0
 7.012100E+2 1.389640E+2 1.792550E+2 3.812980E+1 2.751080E+1 5.855950E+0
 7.676820E+2 1.458120E+2 1.992130E+2 4.054310E+1 3.281710E+1 7.194870E+0
 8.579760E+2 1.518520E+2 2.233550E+2 4.258760E+1 3.840720E+1 8.373350E+0
 7.813050E+0 7.254880E-1 1.703250E-1 4.913450E-4 3.250020E-4 1.130420E-7
 1.135810E+1 1.372580E+0 3.210450E-1 1.447380E-3 1.226080E-3 6.683120E-7
 1.607900E+1 2.357620E+0 5.908820E-1 4.147420E-3 3.492580E-3 2.986500E-6
 2.260130E+1 3.873220E+0 1.065240E+0 1.159470E-2 8.511950E-3 1.142040E-5
 3.070580E+1 5.667160E+0 1.880030E+0 3.145510E-2 1.893080E-2 3.984380E-5
 4.155210E+1 8.088260E+0 3.221340E+0 8.176060E-2 3.977470E-2 1.311820E-4
 5.521490E+1 1.091540E+1 5.327480E+0 2.012750E-1 8.046530E-2 4.150820E-4
 7.307780E+1 1.458020E+1 8.535170E+0 4.715710E-1 1.582080E-1 1.272200E-3
 9.654130E+1 1.932430E+1 1.327700E+1 1.043730E+0 3.031180E-1 3.778790E-3
 1.253390E+2 2.550670E+1 1.993400E+1 2.137670E+0 5.644500E-1 1.082010E-2
 1.597660E+2 3.341450E+1 2.863840E+1 3.975540E+0 1.018490E+0 2.961390E-2
 1.996800E+2 4.294930E+1 3.924090E+1 6.659250E+0 1.777070E+0 7.689960E-2
 2.439570E+2 5.382800E+1 5.152450E+1 1.010650E+1 2.977800E+0 1.868390E-1
 2.920100E+2 6.536620E+1 6.507740E+1 1.401830E+1 4.748830E+0 4.166420E-1
 3.438220E+2 7.661320E+1 7.965030E+1 1.800440E+1 7.155110E+0 8.377470E-1
 3.970480E+2 8.683150E+1 9.480310E+1 2.172170E+1 1.015970E+1 1.502410E+0
 4.641880E+2 9.662660E+1 1.121170E+2 2.520090E+1 1.372540E+1 2.416860E+0
 5.088680E+2 1.032980E+2 1.267400E+2 2.775760E+1 1.748680E+1 3.466900E+0
 5.732790E+2 1.094760E+2 1.441230E+2 2.999580E+1 2.155450E+1 4.562310E+0
 6.318340E+2 1.142930E+2 1.610180E+2 3.174010E+1 2.571400E+1 5.587280E+0
 6.889960E+2 1.176480E+2 1.773760E+2 3.297310E+1 2.983960E+1 6.451850E+0
 7.530960E+0 7.164980E-1 1.258340E-1 3.676280E-4 3.567540E-5 1.264700E-8
 1.085980E+1 1.351000E+0 2.483260E-1 1.132630E-3 3.329400E-4 1.842190E-7
 1.546780E+1 2.344200E+0 4.700370E-1 3.338830E-3 1.469670E-3 1.273000E-6
 2.131820E+1 3.713940E+0 8.637390E-1 9.506930E-3 4.544760E-3 6.168450E-6
 2.894780E+1 5.538140E+0 1.545890E+0 2.618570E-2 1.158820E-2 2.464990E-5
 3.870440E+1 7.767910E+0 2.691350E+0 6.931510E-2 2.641840E-2 8.800040E-5
 5.112870E+1 1.034370E+1 4.524650E+0 1.736820E-1 5.621360E-2 2.926820E-4
 6.669980E+1 1.357050E+1 7.295430E+0 4.075710E-1 1.142130E-1 9.264960E-4
 8.686280E+1 1.765600E+1 1.133810E+1 8.986210E-1 2.240230E-1 2.816140E-3
 1.105060E+2 2.259840E+1 1.686610E+1 1.815320E+0 4.253870E-1 8.217290E-3
 1.394560E+2 2.901710E+1 2.409420E+1 3.351910E+0 7.801030E-1 2.285980E-2
 1.718460E+2 3.675750E+1 3.282760E+1 5.583810E+0 1.374330E+0 5.989700E-2
 2.089510E+2 4.534680E+1 4.281470E+1 8.393970E+0 2.315490E+0 1.461240E-1
 2.473300E+2 5.418840E+1 5.370420E+1 1.150910E+1 3.703100E+0 3.264360E-1
 2.886050E+2 6.267540E+1 6.526750E+1 1.463090E+1 5.588200E+0 6.563340E-1
 3.290500E+2 7.012620E+1 7.714750E+1 1.746550E+1 7.945270E+0 1.176810E+0
 3.735600E+2 7.640800E+1 8.948450E+1 1.988110E+1 1.065680E+1 1.875820E+0
 4.157000E+2 8.141470E+1 1.017390E+2 2.182870E+1 1.359350E+1 2.687930E+0
 4.670840E+2 8.568570E+1 1.153160E+2 2.344020E+1 1.673260E+1 3.527100E+0
 5.044320E+2 8.808130E+1 1.269050E+2 2.443800E+1 1.980060E+1 4.272520E+0
 5.506090E+2 9.016700E+1 1.398950E+2 2.525230E+1 2.298060E+1 4.914090E+0
 7.362690E+0 7.011550E-1 9.054810E-2 2.673600E-4 -8.964590E-8 -2.810270E-11
 1.057920E+1 1.347710E+0 1.918440E-1 8.842060E-4 4.221380E-5 2.376260E-8
 1.471160E+1 2.263850E+0 3.786920E-1 2.716580E-3 4.533250E-4 3.977280E-7
 2.041770E+1 3.636930E+0 7.134630E-1 7.932460E-3 2.114180E-3 2.900830E-6
 2.723540E+1 5.317710E+0 1.297870E+0 2.218970E-2 6.716200E-3 1.442370E-5
 3.649330E+1 7.386710E+0 2.286720E+0 5.947090E-2 1.735350E-2 5.831360E-5
 4.783220E+1 9.899050E+0 3.889180E+0 1.511750E-1 3.976490E-2 2.087250E-4
 6.183560E+1 1.269450E+1 6.335320E+0 3.575220E-1 8.455180E-2 6.910790E-4
 7.938800E+1 1.624670E+1 9.870470E+0 7.872100E-1 1.707000E-1 2.161100E-3
 1.005120E+2 2.050360E+1 1.468390E+1 1.587850E+0 3.306890E-1 6.430270E-3
 1.247950E+2 2.590570E+1 2.084790E+1 2.912700E+0 6.158480E-1 1.816120E-2
 1.526430E+2 3.215200E+1 2.821640E+1 4.796040E+0 1.098020E+0 4.814510E-2
 1.840030E+2 3.903000E+1 3.656650E+1 7.138600E+0 1.863180E+0 1.181480E-1
 2.144060E+2 4.620560E+1 4.562940E+1 9.731610E+0 2.991830E+0 2.646880E-1
 2.492610E+2 5.274250E+1 5.512220E+1 1.223970E+1 4.523130E+0 5.324230E-1
 2.831590E+2 5.848540E+1 6.478060E+1 1.450510E+1 6.431960E+0 9.541570E-1
 3.242940E+2 6.348090E+1 7.544940E+1 1.645790E+1 8.646090E+0 1.521640E+0
 3.541470E+2 6.658180E+1 8.461810E+1 1.781380E+1 1.097810E+1 2.165580E+0
 3.924780E+2 6.941360E+1 9.532080E+1 1.896110E+1 1.347280E+1 2.826700E+0
 4.197410E+2 7.082350E+1 1.043480E+2 1.963030E+1 1.590690E+1 3.409050E+0
 4.585530E+2 7.192730E+1 1.146220E+2 2.012940E+1 1.840280E+1 3.897740E+0
 7.145480E+0 6.977440E-1 5.476690E-2 1.636040E-4 0.000000E+6 0.000000E+6
 1.017110E+1 1.274230E+0 1.341640E-1 6.250040E-4 -1.419870E-7 -7.051520E-11
 1.423640E+1 2.252440E+0 2.866850E-1 2.078710E-3 4.346670E-5 3.884010E-8
 1.941970E+1 3.588470E+0 5.658860E-1 6.350350E-3 5.716930E-4 7.951390E-7
 2.584250E+1 5.079050E+0 1.059140E+0 1.829300E-2 2.899220E-3 6.297080E-6
 3.418340E+1 7.151370E+0 1.899490E+0 4.989090E-2 9.594640E-3 3.256520E-5
 4.420570E+1 9.250860E+0 3.272830E+0 1.285680E-1 2.529460E-2 1.339850E-4
 5.682510E+1 1.189340E+1 5.393400E+0 3.085520E-1 5.839460E-2 4.813290E-4
 7.209860E+1 1.484340E+1 8.446500E+0 6.789850E-1 1.239570E-1 1.581660E-3
 9.008190E+1 1.844100E+1 1.256500E+1 1.365760E+0 2.478200E-1 4.853520E-3
 1.107750E+2 2.274650E+1 1.779040E+1 2.485240E+0 4.713130E-1 1.398830E-2
 1.337790E+2 2.795550E+1 2.398470E+1 4.081610E+0 8.533330E-1 3.765680E-2
 1.593160E+2 3.345880E+1 3.090810E+1 6.023680E+0 1.463910E+0 9.339380E-2
 1.842000E+2 3.889050E+1 3.828820E+1 8.108770E+0 2.365580E+0 2.101550E-1
 2.130770E+2 4.382960E+1 4.592370E+1 1.010030E+1 3.587380E+0 4.235530E-1
 2.377000E+2 4.795500E+1 5.359500E+1 1.184040E+1 5.107780E+0 7.579550E-1
 2.727280E+2 5.132270E+1 6.191120E+1 1.326290E+1 6.846720E+0 1.204010E+0
 2.988960E+2 5.372060E+1 6.982420E+1 1.433450E+1 8.725690E+0 1.713930E+0
 3.209330E+2 5.504970E+1 7.703130E+1 1.501710E+1 1.062460E+1 2.217580E+0
 3.509260E+2 5.598300E+1 8.498080E+1 1.549650E+1 1.256070E+1 2.668990E+0
 3.777450E+2 5.614640E+1 9.258600E+1 1.569910E+1 1.445340E+1 3.021720E+0
 7.046530E+0 7.043020E-1 1.938420E-2 5.882080E-5 0.000000E+6 0.000000E+6
 9.860090E+0 1.292460E+0 6.850700E-2 3.237480E-4 0.000000E+6 0.000000E+6
 1.365610E+1 2.184950E+0 1.793680E-1 1.317450E-3 -2.248420E-7 -1.768540E-10
 1.826780E+1 3.419840E+0 3.958410E-1 4.501570E-3 1.577340E-5 2.256250E-8
 2.419180E+1 4.929500E+0 7.900810E-1 1.380920E-2 4.720780E-4 1.043590E-6
 3.155440E+1 6.700510E+0 1.472050E+0 3.909020E-2 3.107920E-3 1.069820E-5
 4.059460E+1 8.758470E+0 2.595770E+0 1.030180E-1 1.162670E-2 6.234580E-5
 5.146520E+1 1.078150E+1 4.342350E+0 2.513090E-1 3.261990E-2 2.718590E-4
 6.395710E+1 1.320150E+1 6.883160E+0 5.607790E-1 7.755230E-2 9.995720E-4
 7.876800E+1 1.605040E+1 1.028310E+1 1.127540E+0 1.659910E-1 3.281530E-3
 9.600440E+1 1.939390E+1 1.452630E+1 2.037810E+0 3.292110E-1 9.853950E-3
 1.149610E+2 2.325080E+1 1.947070E+1 3.303490E+0 6.122610E-1 2.722310E-2
 1.339740E+2 2.736120E+1 2.493790E+1 4.834290E+0 1.069640E+0 6.870230E-2
 1.551450E+2 3.128050E+1 3.069130E+1 6.433580E+0 1.748660E+0 1.561970E-1
 1.776820E+2 3.464710E+1 3.653540E+1 7.907920E+0 2.668820E+0 3.160910E-1
 1.958930E+2 3.737520E+1 4.238400E+1 9.168110E+0 3.812820E+0 5.664530E-1
 2.189610E+2 3.937480E+1 4.832070E+1 1.013240E+1 5.105180E+0 8.966290E-1
 2.402140E+2 4.077290E+1 5.437940E+1 1.084430E+1 6.501080E+0 1.271830E+0
 2.584040E+2 4.136610E+1 5.992650E+1 1.125540E+1 7.907470E+0 1.637330E+0
 2.766090E+2 4.150940E+1 6.536010E+1 1.147140E+1 9.305340E+0 1.955360E+0
 2.947520E+2 4.129350E+1 7.068230E+1 1.153330E+1 1.067540E+1 2.204050E+0
 7.067450E+0 7.229440E-1 1.970220E-3 6.091590E-6 0.000000E+6 0.000000E+6
 9.716220E+0 1.305020E+0 1.951400E-2 9.372060E-5 0.000000E+6 0.000000E+6
 1.315760E+1 2.166110E+0 8.158300E-2 6.079920E-4 0.000000E+6 0.000000E+6
 1.748500E+1 3.332130E+0 2.309450E-1 2.660800E-3 0.000000E+6 0.000000E+6
 2.279890E+1 4.722180E+0 5.298930E-1 9.374410E-3 2.207400E-6 5.093170E-9
 2.924740E+1 6.242020E+0 1.068320E+0 2.870350E-2 3.273500E-4 1.148570E-6
 3.689580E+1 7.982580E+0 1.972210E+0 7.914910E-2 3.070810E-3 1.671410E-5
 4.607140E+1 9.753210E+0 3.387790E+0 1.979030E-1 1.340600E-2 1.131320E-4
 5.682780E+1 1.165580E+1 5.453610E+0 4.484310E-1 4.051440E-2 5.280080E-4
 6.895680E+1 1.385550E+1 8.229080E+0 9.104110E-1 9.946940E-2 1.986350E-3
 8.316140E+1 1.646460E+1 1.166630E+1 1.645540E+0 2.140090E-1 6.464070E-3
 9.730490E+1 1.929090E+1 1.560690E+1 2.650740E+0 4.181040E-1 1.873570E-2
 1.125370E+2 2.211980E+1 1.984850E+1 3.821070E+0 7.525150E-1 4.866710E-2
 1.284760E+2 2.480940E+1 2.424210E+1 5.026190E+0 1.254080E+0 1.126340E-1
 1.436440E+2 2.705370E+1 2.871470E+1 6.110680E+0 1.935390E+0 2.301070E-1
 1.589410E+2 2.871800E+1 3.306880E+1 6.989640E+0 2.780550E+0 4.136830E-1
 1.771470E+2 2.983330E+1 3.749830E+1 7.633860E+0 3.733880E+0 6.541960E-1
 1.902820E+2 3.032940E+1 4.158370E+1 8.038020E+0 4.739890E+0 9.226230E-1
 2.049360E+2 3.040020E+1 4.559340E+1 8.249610E+0 5.753730E+0 1.181110E+0
 2.168560E+2 3.018810E+1 4.954820E+1 8.326330E+0 6.757400E+0 1.402360E+0
 2.304180E+2 2.966220E+1 5.330790E+1 8.272410E+0 7.724480E+0 1.566330E+0
 7.269270E+0 7.701850E-1 1.190170E-5 4.035160E-8 0.000000E+6 0.000000E+6
 9.787870E+0 1.343660E+0 2.215430E-3 1.079670E-5 0.000000E+6 0.000000E+6
 1.302810E+1 2.187650E+0 2.537310E-2 1.916170E-4 0.000000E+6 0.000000E+6
 1.695820E+1 3.268060E+0 1.126210E-1 1.312870E-3 0.000000E+6 0.000000E+6
 2.184050E+1 4.585880E+0 3.257420E-1 5.826140E-3 0.000000E+6 0.000000E+6
 2.743970E+1 6.005230E+0 7.482590E-1 2.030570E-2 -8.888770E-7 -2.766870E-9
 3.427710E+1 7.487050E+0 1.483510E+0 6.006390E-2 3.654400E-4 2.023310E-6
 4.219610E+1 8.894250E+0 2.657400E+0 1.565000E-1 3.966190E-3 3.389960E-5
 5.149420E+1 1.055310E+1 4.381660E+0 3.630410E-1 1.820300E-2 2.396980E-4
 6.202580E+1 1.226900E+1 6.698460E+0 7.462740E-1 5.585760E-2 1.125490E-3
 7.311570E+1 1.421200E+1 9.551560E+0 1.353520E+0 1.363950E-1 4.152750E-3
 8.508380E+1 1.634070E+1 1.279610E+1 2.173330E+0 2.869150E-1 1.294500E-2
 9.702150E+1 1.841160E+1 1.623470E+1 3.111830E+0 5.397650E-1 3.510650E-2
 1.090420E+2 2.027250E+1 1.974970E+1 4.046010E+0 9.233460E-1 8.327910E-2
 1.218810E+2 2.177730E+1 2.324780E+1 4.867060E+0 1.447350E+0 1.725370E-1
 1.332230E+2 2.279260E+1 2.661270E+1 5.507150E+0 2.097120E+0 3.122360E-1
 1.470850E+2 2.335770E+1 2.997970E+1 5.944750E+0 2.827150E+0 4.941270E-1
 1.574760E+2 2.348630E+1 3.308460E+1 6.199690E+0 3.591730E+0 6.960820E-1
 1.675090E+2 2.332360E+1 3.623040E+1 6.311540E+0 4.367410E+0 8.887590E-1
 1.764400E+2 2.289520E+1 3.909130E+1 6.302220E+0 5.114920E+0 1.048850E+0
 1.854830E+2 2.229160E+1 4.182630E+1 6.208300E+0 5.830570E+0 1.165650E+0
 7.182750E+0 8.203230E-1 0.000000E+6 0.000000E+6 0.000000E+6 0.000000E+6
 9.945430E+0 1.415060E+0 1.863390E-5 9.945830E-8 0.000000E+6 0.000000E+6
 1.303920E+1 2.259110E+0 1.845070E-3 1.420000E-5 0.000000E+6 0.000000E+6
 1.677430E+1 3.355770E+0 2.950510E-2 3.489250E-4 0.000000E+6 0.000000E+6
 2.108260E+1 4.547350E+0 1.438160E-1 2.602940E-3 0.000000E+6 0.000000E+6
 2.617640E+1 5.822640E+0 4.295930E-1 1.178000E-2 0.000000E+6 0.000000E+6
 3.202390E+1 6.981330E+0 9.884930E-1 4.041480E-2 -1.401310E-6 -6.881070E-9
 3.881260E+1 8.218060E+0 1.922540E+0 1.142690E-1 3.481170E-4 3.024600E-6
 4.654180E+1 9.429130E+0 3.318520E+0 2.767810E-1 4.564550E-3 6.089490E-5
 5.507860E+1 1.065910E+1 5.202400E+0 5.820020E-1 2.265580E-2 4.613780E-4
 6.406340E+1 1.204140E+1 7.517280E+0 1.067280E+0 7.131500E-2 2.190980E-3
 7.354320E+1 1.353380E+1 1.013060E+1 1.717590E+0 1.730200E-1 7.867280E-3
 8.331620E+1 1.495160E+1 1.286610E+1 2.448890E+0 3.536370E-1 2.314050E-2
 9.185590E+1 1.619310E+1 1.561470E+1 3.166140E+0 6.362580E-1 5.770640E-2
 1.016440E+2 1.708840E+1 1.831340E+1 3.768780E+0 1.027400E+0 1.228950E-1
 1.123530E+2 1.757240E+1 2.082590E+1 4.200690E+0 1.507810E+0 2.245730E-1
 1.204380E+2 1.772780E+1 2.328530E+1 4.481200E+0 2.049500E+0 3.574050E-1
 1.279110E+2 1.758910E+1 2.561510E+1 4.619710E+0 2.614140E+0 5.031710E-1
 1.348540E+2 1.718990E+1 2.775590E+1 4.635120E+0 3.171840E+0 6.392090E-1
 1.415620E+2 1.669370E+1 2.985860E+1 4.583220E+0 3.716700E+0 7.513190E-1
 1.475690E+2 1.606850E+1 3.178220E+1 4.466710E+0 4.225820E+0 8.294730E-1
 7.013580E+0 8.246770E-1 0.000000E+6 0.000000E+6 0.000000E+6 0.000000E+6
 9.559630E+0 1.445940E+0 0.000000E+6 0.000000E+6 0.000000E+6 0.000000E+6
 1.235700E+1 2.287820E+0 0.000000E+6 0.000000E+6 0.000000E+6 0.000000E+6
 1.621040E+1 3.317180E+0 4.133710E-4 4.998090E-6 0.000000E+6 0.000000E+6
 2.001950E+1 4.421670E+0 1.987260E-2 3.659160E-4 0.000000E+6 0.000000E+6
 2.425100E+1 5.471800E+0 1.328340E-1 3.696350E-3 0.000000E+6 0.000000E+6
 2.908440E+1 6.438360E+0 4.497070E-1 1.860430E-2 0.000000E+6 0.000000E+6
 3.450110E+1 7.281460E+0 1.080820E+0 6.488140E-2 -2.202930E-6 -1.701380E-8
 4.038220E+1 8.013510E+0 2.097850E+0 1.764460E-1 8.902900E-5 1.222670E-6
 4.693100E+1 8.760080E+0 3.511960E+0 3.950430E-1 3.088800E-3 6.392570E-5
 5.386700E+1 9.595080E+0 5.257530E+0 7.476320E-1 2.003770E-2 6.234610E-4
 6.076170E+1 1.043440E+1 7.212340E+0 1.218980E+0 7.025730E-2 3.227880E-3
 6.779590E+1 1.121730E+1 9.230630E+0 1.739420E+0 1.758530E-1 1.160180E-2
 7.466210E+1 1.184210E+1 1.120690E+1 2.232250E+0 3.547470E-1 3.234840E-2
 8.118220E+1 1.220150E+1 1.309520E+1 2.623980E+0 6.120790E-1 7.338170E-2
 8.675810E+1 1.231080E+1 1.484110E+1 2.896290E+0 9.371890E-1 1.395400E-1
 9.269210E+1 1.217010E+1 1.647220E+1 3.041240E+0 1.300590E+0 2.259500E-1
 9.712250E+1 1.182650E+1 1.795370E+1 3.081540E+0 1.677430E+0 3.200110E-1
 1.015120E+2 1.139260E+1 1.943730E+1 3.054070E+0 2.048680E+0 4.067730E-1
 1.053880E+2 1.083240E+1 2.066070E+1 2.961680E+0 2.390440E+0 4.736450E-1
 1.081930E+2 1.027570E+1 2.190740E+1 2.847830E+0 2.713410E+0 5.194400E-1
 6.296750E+0 7.563370E-1 0.000000E+6 0.000000E+6 0.000000E+6 0.000000E+6
 8.497900E+0 1.318860E+0 0.000000E+6 0.000000E+6 0.000000E+6 0.000000E+6
 1.112470E+1 2.091200E+0 0.000000E+6 0.000000E+6 0.000000E+6 0.000000E+6
 1.395250E+1 2.992960E+0 0.000000E+6 0.000000E+6 0.000000E+6 0.000000E+6
 1.760490E+1 3.919680E+0 6.764600E-5 1.361860E-6 0.000000E+6 0.000000E+6
 2.097300E+1 4.749860E+0 8.619640E-3 2.439500E-4 0.000000E+6 0.000000E+6
 2.452940E+1 5.391500E+0 9.604690E-2 4.028960E-3 0.000000E+6 0.000000E+6
 2.836170E+1 5.895530E+0 3.889660E-1 2.361070E-2 0.000000E+6 0.000000E+6
 3.258420E+1 6.274860E+0 9.929190E-1 8.412650E-2 0.000000E+6 0.000000E+6
 3.718400E+1 6.643720E+0 1.936940E+0 2.188740E-1 -5.350340E-6 -1.005580E-7
 4.201230E+1 7.009970E+0 3.152690E+0 4.482910E-1 1.397820E-3 4.424710E-5
 4.657410E+1 7.381120E+0 4.525700E+0 7.601520E-1 1.384610E-2 6.439800E-4
 5.109960E+1 7.724410E+0 5.933020E+0 1.105010E+0 5.646570E-2 3.759760E-3
 5.538590E+1 7.946260E+0 7.288660E+0 1.420500E+0 1.478830E-1 1.356670E-2
 5.910960E+1 8.020080E+0 8.564840E+0 1.665880E+0 2.965910E-1 3.568280E-2
 6.320500E+1 7.909240E+0 9.712840E+0 1.815710E+0 4.934250E-1 7.338530E-2
 6.606440E+1 7.623730E+0 1.067570E+1 1.874190E+0 7.186140E-1 1.240260E-1
 6.891510E+1 7.265770E+0 1.160930E+1 1.871020E+0 9.515140E-1 1.794110E-1
 7.108130E+1 6.840750E+0 1.242410E+1 1.818660E+0 1.176390E+0 2.295030E-1
 7.387500E+1 6.408030E+0 1.321140E+1 1.741250E+0 1.388310E+0 2.681700E-1
 7.539040E+1 5.956490E+0 1.383930E+1 1.643640E+0 1.577420E+0 2.919360E-1
 5.159820E+0 6.291160E-1 0.000000E+6 0.000000E+6 0.000000E+6 0.000000E+6
 7.043240E+0 1.106220E+0 0.000000E+6 0.000000E+6 0.000000E+6 0.000000E+6
 9.155560E+0 1.733830E+0 0.000000E+6 0.000000E+6 0.000000E+6 0.000000E+6
 1.141260E+1 2.450290E+0 0.000000E+6 0.000000E+6 0.000000E+6 0.000000E+6
 1.374130E+1 3.145810E+0 0.000000E+6 0.000000E+6 0.000000E+6 0.000000E+6
 1.671520E+1 3.735760E+0 9.979270E-5 3.055650E-6 0.000000E+6 0.000000E+6
 1.924300E+1 4.164890E+0 4.612260E-3 1.965890E-4 0.000000E+6 0.000000E+6
 2.188580E+1 4.465420E+0 7.658810E-2 4.693730E-3 0.000000E+6 0.000000E+6
 2.464510E+1 4.602860E+0 3.380210E-1 2.884290E-2 0.000000E+6 0.000000E+6
 2.756630E+1 4.712340E+0 8.672360E-1 9.828710E-2 0.000000E+6 0.000000E+6
 3.083100E+1 4.828680E+0 1.644170E+0 2.335620E-1 -8.213740E-6 -2.372140E-7
 3.385900E+1 4.950390E+0 2.565450E+0 4.279190E-1 7.854640E-4 3.705850E-5
 3.674830E+1 5.054000E+0 3.525340E+0 6.475310E-1 1.051190E-2 7.062110E-4
 3.948080E+1 5.082080E+0 4.440530E+0 8.464910E-1 4.554980E-2 4.200300E-3
 4.185170E+1 5.017290E+0 5.266530E+0 9.946750E-1 1.186400E-1 1.428930E-2
 4.388520E+1 4.840720E+0 5.991890E+0 1.077610E+0 2.283900E-1 3.387510E-2
 4.564140E+1 4.598460E+0 6.652890E+0 1.106620E+0 3.624160E-1 6.212940E-2
 4.713540E+1 4.282170E+0 7.162780E+0 1.086680E+0 5.033850E-1 9.360640E-2
 4.826550E+1 3.965070E+0 7.674410E+0 1.043120E+0 6.400340E-1 1.224500E-1
 4.915620E+1 3.637420E+0 8.093480E+0 9.811390E-1 7.648980E-1 1.437360E-1
 4.989640E+1 3.324910E+0 8.460490E+0 9.125020E-1 8.753020E-1 1.565480E-1
---