PdfType: central
Format: lhagrid1
---
 1.000000E-6 1.700000E-6 3.200000E-6 6.000000E-6 1.000000E-5 1.700000E-5 3.200000E-5 6.000000E-5 1.000000E-4 1.700000E-4 3.200000E-4 6.000000E-4 1.000000E-3 1.700000E-3 3.200000E-3 6.000000E-3 1.000000E-2 1.700000E-2 3.200000E-2 6.000000E-2 1.000000E-1
 3.162278E-1 3.981068E-1 5.011876E-1 6.309572E-1 7.943280E-1 1.000000E+0 1.258924E+0 1.584894E+0 1.995262E+0 2.511886E+0 3.162278E+0 3.981068E+0 5.011876E+0 6.309572E+0 7.943280E+0 1.000000E+1 1.258924E+1 1.584894E+1 1.995262E+1 2.511886E+1 3.162278E+1
900 901 917 918 920 921
 2.618290E-1 1.975180E-2 1.155550E-2 3.177630E-5 2.085380E-4 6.700120E-8
 3.831680E-1 3.793020E-2 2.008600E-2 8.683290E-5 3.750140E-4 1.907500E-7
 5.643420E-1 6.980310E-2 3.493160E-2 2.365110E-4 6.733590E-4 5.418800E-7
 8.403250E-1 1.232880E-1 6.096860E-2 6.441850E-4 1.208780E-3 1.538990E-6
 1.178640E+0 1.943060E-1 1.030050E-1 1.682720E-3 2.161150E-3 4.347040E-6
 1.656060E+0 2.956730E-1 1.724800E-1 4.306610E-3 3.856980E-3 1.224140E-5
 2.327880E+0 4.424330E-1 2.846400E-1 1.072520E-2 6.859810E-3 3.427760E-5
 3.210380E+0 6.355170E-1 4.557530E-1 2.525830E-2 1.214270E-2 9.509230E-5
 4.451710E+0 9.090420E-1 7.168100E-1 5.657250E-2 2.146750E-2 2.621900E-4
 6.020780E+0 1.279060E+0 1.081560E+0 1.166020E-1 3.746500E-2 7.074790E-4
 7.663380E+0 1.688220E+0 1.518980E+0 2.125000E-1 6.384740E-2 1.838080E-3
 9.889680E+0 2.250700E+0 2.097430E+0 3.593490E-1 1.070200E-1 4.610860E-3
 1.242710E+1 2.881950E+0 2.770180E+0 5.479880E-1 1.726010E-1 1.081510E-2
 1.488900E+1 3.471740E+0 3.463540E+0 7.495500E-1 2.655980E-1 2.330180E-2
 1.743300E+1 4.016340E+0 4.192850E+0 9.474210E-1 3.885920E-1 4.551800E-2
 2.008010E+1 4.489000E+0 4.948550E+0 1.125320E+0 5.384610E-1 7.960650E-2
 2.276410E+1 4.873870E+0 5.718100E+0 1.273700E+0 7.081710E-1 1.244210E-1
 2.547880E+1 5.176970E+0 6.497860E+0 1.391940E+0 8.911270E-1 1.756620E-1
 2.817050E+1 5.398760E+0 7.268940E+0 1.479990E+0 1.079460E+0 2.268580E-1
 3.088030E+1 5.568180E+0 8.054660E+0 1.546870E+0 1.273800E+0 2.737790E-1
 3.358510E+1 5.683750E+0 8.835880E+0 1.593330E+0 1.468820E+0 3.128940E-1
 2.425050E-1 1.868010E-2 1.006300E-2 2.770400E-5 1.798310E-4 5.779770E-8
 3.728040E-1 3.791990E-2 1.783620E-2 7.726380E-5 3.237720E-4 1.647540E-7
 5.513970E-1 7.047860E-2 3.120350E-2 2.122100E-4 5.820890E-4 4.688160E-7
 7.815920E-1 1.177200E-1 5.359540E-2 5.684630E-4 1.044000E-3 1.329730E-6
 1.128050E+0 1.922900E-1 9.206060E-2 1.512190E-3 1.870550E-3 3.764940E-6
 1.575250E+0 2.919240E-1 1.545960E-1 3.888720E-3 3.339530E-3 1.060970E-5
 2.158760E+0 4.187080E-1 2.534460E-1 9.583350E-3 5.940220E-3 2.969920E-5
 2.982390E+0 5.984360E-1 4.076200E-1 2.263850E-2 1.053290E-2 8.256220E-5
 4.073110E+0 8.419540E-1 6.380080E-1 5.046440E-2 1.859500E-2 2.273560E-4
 5.499780E+0 1.174800E+0 9.639650E-1 1.042350E-1 3.246600E-2 6.135500E-4
 6.952950E+0 1.533390E+0 1.351880E+0 1.896020E-1 5.535330E-2 1.595590E-3
 8.905920E+0 2.018060E+0 1.859040E+0 3.183680E-1 9.270480E-2 3.996690E-3
 1.113080E+1 2.557580E+0 2.446520E+0 4.827160E-1 1.494110E-1 9.366880E-3
 1.327060E+1 3.056220E+0 3.049670E+0 6.569020E-1 2.298260E-1 2.017100E-2
 1.546450E+1 3.514310E+0 3.680990E+0 8.267070E-1 3.361020E-1 3.937230E-2
 1.773670E+1 3.908310E+0 4.331920E+0 9.780650E-1 4.654130E-1 6.879070E-2
 2.004770E+1 4.228030E+0 4.994730E+0 1.103730E+0 6.116950E-1 1.074070E-1
 2.237460E+1 4.477690E+0 5.664550E+0 1.203100E+0 7.691780E-1 1.514680E-1
 2.468090E+1 4.662050E+0 6.329450E+0 1.277490E+0 9.317860E-1 1.954720E-1
 2.700660E+1 4.798300E+0 7.000770E+0 1.332620E+0 1.097960E+0 2.356320E-1
 2.933620E+1 4.896060E+0 7.683310E+0 1.372270E+0 1.266790E+0 2.693140E-1
 2.386390E-1 1.917170E-2 8.707940E-3 2.407330E-5 1.506980E-4 4.844630E-8
 3.475570E-1 3.682870E-2 1.522860E-2 6.618320E-5 2.714050E-4 1.381600E-7
 5.028080E-1 6.652470E-2 2.662230E-2 1.811780E-4 4.882690E-4 3.934260E-7
 7.470480E-1 1.169060E-1 4.663210E-2 4.965400E-4 8.773220E-4 1.118110E-6
 1.059390E+0 1.865900E-1 8.003610E-2 1.319560E-3 1.572690E-3 3.167080E-6
 1.436740E+0 2.709430E-1 1.333670E-1 3.357420E-3 2.807180E-3 8.913520E-6
 1.987730E+0 3.950680E-1 2.203720E-1 8.362250E-3 5.001220E-3 2.501540E-5
 2.710250E+0 5.552310E-1 3.547240E-1 1.978000E-2 8.867420E-3 6.952330E-5
 3.653760E+0 7.665130E-1 5.533590E-1 4.400760E-2 1.564990E-2 1.914230E-4
 4.919370E+0 1.054030E+0 8.362910E-1 9.058040E-2 2.732500E-2 5.167200E-4
 6.169590E+0 1.358250E+0 1.170790E+0 1.644500E-1 4.659580E-2 1.343670E-3
 7.859860E+0 1.764650E+0 1.605020E+0 2.746820E-1 7.787790E-2 3.358740E-3
 9.705680E+0 2.207650E+0 2.100560E+0 4.132680E-1 1.257610E-1 7.889520E-3
 1.153330E+1 2.617580E+0 2.611210E+0 5.596700E-1 1.931790E-1 1.696130E-2
 1.337080E+1 2.988910E+0 3.142030E+0 7.008570E-1 2.823630E-1 3.308040E-2
 1.526930E+1 3.306660E+0 3.687860E+0 8.258640E-1 3.907570E-1 5.773640E-2
 1.720020E+1 3.563670E+0 4.242540E+0 9.291370E-1 5.132360E-1 9.005970E-2
 1.913370E+1 3.761720E+0 4.800220E+0 1.009930E+0 6.447500E-1 1.268270E-1
 2.107490E+1 3.910300E+0 5.361420E+0 1.070980E+0 7.814560E-1 1.637120E-1
 2.301470E+1 4.017480E+0 5.922730E+0 1.115410E+0 9.204540E-1 1.970850E-1
 2.493820E+1 4.094620E+0 6.483090E+0 1.147410E+0 1.060550E+0 2.250770E-1
 2.185890E-1 1.803060E-2 7.395940E-3 2.046050E-5 1.262660E-4 4.060120E-8
 3.230550E-1 3.510150E-2 1.301840E-2 5.668610E-5 2.275840E-4 1.158870E-7
 4.763870E-1 6.486520E-2 2.287960E-2 1.563420E-4 4.097650E-4 3.302720E-7
 6.820940E-1 1.097450E-1 3.977430E-2 4.252610E-4 7.366000E-4 9.391440E-7
 9.716380E-1 1.766080E-1 6.862400E-2 1.139100E-3 1.321370E-3 2.661700E-6
 1.322980E+0 2.579130E-1 1.153810E-1 2.930120E-3 2.362570E-3 7.511050E-6
 1.827520E+0 3.712940E-1 1.916180E-1 7.301550E-3 4.209810E-3 2.106480E-5
 2.459130E+0 5.120330E-1 3.077730E-1 1.723750E-2 7.466330E-3 5.860740E-5
 3.284390E+0 6.931510E-1 4.791680E-1 3.815700E-2 1.317170E-2 1.612790E-4
 4.380260E+0 9.417620E-1 7.228420E-1 7.844500E-2 2.299130E-2 4.350420E-4
 5.460970E+0 1.196490E+0 1.011320E+0 1.419130E-1 3.922800E-2 1.131980E-3
 6.894610E+0 1.535870E+0 1.380460E+0 2.360220E-1 6.551410E-2 2.827040E-3
 8.454810E+0 1.900130E+0 1.799470E+0 3.529330E-1 1.058190E-1 6.643350E-3
 9.995760E+0 2.236390E+0 2.229720E+0 4.758910E-1 1.623390E-1 1.425810E-2
 1.155950E+1 2.539030E+0 2.676820E+0 5.935130E-1 2.369100E-1 2.774640E-2
 1.313320E+1 2.795290E+0 3.135310E+0 6.968900E-1 3.280990E-1 4.846460E-2
 1.474750E+1 3.002270E+0 3.599490E+0 7.818770E-1 4.306610E-1 7.552710E-2
 1.636520E+1 3.161210E+0 4.066200E+0 8.480910E-1 5.407440E-1 1.062660E-1
 1.798150E+1 3.279650E+0 4.534330E+0 8.978430E-1 6.549890E-1 1.370530E-1
 1.959960E+1 3.364880E+0 5.002800E+0 9.339450E-1 7.710550E-1 1.648750E-1
 2.116200E+1 3.419690E+0 5.455090E+0 9.581160E-1 8.858190E-1 1.878630E-1
 2.086330E-1 1.764060E-2 6.503470E-3 1.802930E-5 1.092360E-4 3.512950E-8
 3.076140E-1 3.437780E-2 1.146690E-2 5.001600E-5 1.971000E-4 1.003810E-7
 4.621990E-1 6.500250E-2 2.028890E-2 1.391470E-4 3.551260E-4 2.863030E-7
 6.478600E-1 1.067280E-1 3.520180E-2 3.766790E-4 6.387620E-4 8.146640E-7
 9.038340E-1 1.670260E-1 6.057380E-2 1.004590E-3 1.146470E-3 2.310820E-6
 1.237390E+0 2.451720E-1 1.022920E-1 2.594320E-3 2.050750E-3 6.518840E-6
 1.669630E+0 3.460770E-1 1.665220E-1 6.286730E-3 3.551000E-3 1.711770E-5
 2.319140E+0 4.898930E-1 2.764910E-1 1.553890E-2 6.497200E-3 5.102450E-5
 3.017070E+0 6.442130E-1 4.272200E-1 3.416860E-2 1.145020E-2 1.402610E-4
 3.974980E+0 8.554540E-1 6.402720E-1 6.959710E-2 1.995980E-2 3.778700E-4
 4.958230E+0 1.082440E+0 8.985010E-1 1.261380E-1 3.410150E-2 9.846060E-4
 6.186590E+0 1.368070E+0 1.218460E+0 2.081260E-1 5.688410E-2 2.455770E-3
 7.544990E+0 1.678140E+0 1.583420E+0 3.097820E-1 9.184020E-2 5.767590E-3
 8.877570E+0 1.963480E+0 1.956960E+0 4.162750E-1 1.408370E-1 1.237230E-2
 1.023310E+1 2.219450E+0 2.345060E+0 5.176490E-1 2.054810E-1 2.406630E-2
 1.159670E+1 2.435540E+0 2.742840E+0 6.063570E-1 2.844550E-1 4.201130E-2
 1.297520E+1 2.609860E+0 3.137020E+0 6.791420E-1 3.725990E-1 6.541130E-2
 1.438740E+1 2.742230E+0 3.547610E+0 7.352810E-1 4.684490E-1 9.197980E-2
 1.578520E+1 2.841750E+0 3.952280E+0 7.776930E-1 5.672130E-1 1.185890E-1
 1.717550E+1 2.913040E+0 4.356380E+0 8.083580E-1 6.675250E-1 1.426080E-1
 1.856010E+1 2.963620E+0 4.760310E+0 8.302040E-1 7.685740E-1 1.626880E-1
 1.973700E-1 1.724720E-2 5.678570E-3 1.578340E-5 9.389750E-5 3.020140E-8
 2.930570E-1 3.375780E-2 1.004900E-2 4.396330E-5 1.695540E-4 8.636920E-8
 4.281530E-1 6.060890E-2 1.764300E-2 1.208200E-4 3.058060E-4 2.465870E-7
 6.077890E-1 1.027280E-1 3.079000E-2 3.300390E-4 5.504560E-4 7.022090E-7
 8.386920E-1 1.572800E-1 5.300610E-2 8.786820E-4 9.887950E-4 1.993470E-6
 1.157060E+0 2.348540E-1 8.996890E-2 2.289870E-3 1.769700E-3 5.628450E-6
 1.556890E+0 3.265230E-1 1.494960E-1 5.726160E-3 3.157410E-3 1.580930E-5
 2.066740E+0 4.386770E-1 2.407760E-1 1.355510E-2 5.603430E-3 4.400760E-5
 2.724710E+0 5.822990E-1 3.747240E-1 2.997780E-2 9.876810E-3 1.209900E-4
 3.583670E+0 7.708050E-1 5.628780E-1 6.124630E-2 1.722750E-2 3.262710E-4
 4.414800E+0 9.576620E-1 7.856740E-1 1.101680E-1 2.937450E-2 8.475260E-4
 5.513950E+0 1.209920E+0 1.067740E+0 1.822650E-1 4.908370E-2 2.119950E-3
 6.698310E+0 1.473210E+0 1.383690E+0 2.703890E-1 7.919420E-2 4.974760E-3
 7.838720E+0 1.712110E+0 1.706890E+0 3.617210E-1 1.214500E-1 1.067080E-2
 9.008590E+0 1.927320E+0 2.041720E+0 4.485520E-1 1.771290E-1 2.074670E-2
 1.017810E+1 2.108460E+0 2.383870E+0 5.242390E-1 2.451330E-1 3.619810E-2
 1.136540E+1 2.254090E+0 2.722810E+0 5.860840E-1 3.209760E-1 5.632590E-2
 1.257230E+1 2.364510E+0 3.075380E+0 6.336730E-1 4.034060E-1 7.915950E-2
 1.377090E+1 2.447610E+0 3.423300E+0 6.696090E-1 4.883200E-1 1.020180E-1
 1.496420E+1 2.506720E+0 3.770910E+0 6.954560E-1 5.745180E-1 1.226180E-1
 1.614760E+1 2.548550E+0 4.116520E+0 7.138370E-1 6.611830E-1 1.398320E-1
 1.895250E-1 1.712010E-2 4.824350E-3 1.345790E-5 7.838050E-5 2.521340E-8
 2.772470E-1 3.287910E-2 8.546290E-3 3.748630E-5 1.415550E-4 7.211560E-8
 3.930800E-1 5.825330E-2 1.500280E-2 1.030910E-4 2.554650E-4 2.060410E-7
 5.550120E-1 9.596260E-2 2.622440E-2 2.816340E-4 4.604070E-4 5.874830E-7
 7.747840E-1 1.492190E-1 4.536910E-2 7.544770E-4 8.279220E-4 1.669670E-6
 1.052370E+0 2.174360E-1 7.706780E-2 1.964190E-3 1.483840E-3 4.722010E-6
 1.439230E+0 3.079520E-1 1.290510E-1 4.959290E-3 2.649510E-3 1.327390E-5
 1.856230E+0 3.994080E-1 2.061620E-1 1.163430E-2 4.696820E-3 3.691280E-5
 2.423560E+0 5.196700E-1 3.206120E-1 2.564830E-2 8.281410E-3 1.014420E-4
 3.157290E+0 6.780570E-1 4.812350E-1 5.243150E-2 1.444250E-2 2.736190E-4
 3.869790E+0 8.377410E-1 6.727050E-1 9.463090E-2 2.466560E-2 7.128360E-4
 4.794660E+0 1.040480E+0 9.096920E-1 1.550110E-1 4.113360E-2 1.777250E-3
 5.789270E+0 1.256080E+0 1.175060E+0 2.290410E-1 6.634110E-2 4.168590E-3
 6.748510E+0 1.451260E+0 1.447040E+0 3.053810E-1 1.017240E-1 8.938780E-3
 7.724910E+0 1.626300E+0 1.727510E+0 3.775700E-1 1.483100E-1 1.737150E-2
 8.700350E+0 1.773610E+0 2.013520E+0 4.403350E-1 2.051930E-1 3.029680E-2
 9.690280E+0 1.891130E+0 2.296030E+0 4.912700E-1 2.685550E-1 4.710990E-2
 1.070600E+1 1.978240E+0 2.586960E+0 5.298690E-1 3.369590E-1 6.607410E-2
 1.169240E+1 2.047490E+0 2.881050E+0 5.599410E-1 4.082610E-1 8.522870E-2
 1.268790E+1 2.093040E+0 3.165410E+0 5.805640E-1 4.796870E-1 1.022980E-1
 1.369800E+1 2.125020E+0 3.455120E+0 5.951200E-1 5.515670E-1 1.165340E-1
 1.787580E-1 1.661090E-2 4.080550E-3 1.140630E-5 6.548770E-5 2.106810E-8
 2.535800E-1 3.084000E-2 7.241660E-3 3.183660E-5 1.182730E-4 6.026060E-8
 3.658230E-1 5.527790E-2 1.276150E-2 8.791400E-5 2.134790E-4 1.722010E-7
 5.116460E-1 9.085700E-2 2.230970E-2 2.398130E-4 3.849590E-4 4.913040E-7
 7.233240E-1 1.435860E-1 3.886180E-2 6.488200E-4 6.930030E-4 1.397920E-6
 9.548680E-1 2.005910E-1 6.578790E-2 1.681630E-3 1.243530E-3 3.958570E-6
 1.298010E+0 2.817890E-1 1.102330E-1 4.247070E-3 2.222180E-3 1.113690E-5
 1.683750E+0 3.656870E-1 1.771990E-1 1.002940E-2 3.945610E-3 3.101160E-5
 2.151960E+0 4.625190E-1 2.741720E-1 2.198320E-2 6.948930E-3 8.516290E-5
 2.775250E+0 5.944040E-1 4.105060E-1 4.478630E-2 1.211200E-2 2.295310E-4
 3.390530E+0 7.263490E-1 5.740970E-1 8.059610E-2 2.068980E-2 5.980640E-4
 4.157470E+0 8.931470E-1 7.737730E-1 1.318130E-1 3.455260E-2 1.493880E-3
 4.996540E+0 1.068320E+0 9.957430E-1 1.936200E-1 5.558280E-2 3.492500E-3
 5.793310E+0 1.228110E+0 1.225150E+0 2.575700E-1 8.535560E-2 7.504000E-3
 6.610500E+0 1.371440E+0 1.460370E+0 3.177810E-1 1.243950E-1 1.457710E-2
 7.434630E+0 1.491640E+0 1.699390E+0 3.698450E-1 1.718430E-1 2.536970E-2
 8.260730E+0 1.586970E+0 1.935620E+0 4.119200E-1 2.248220E-1 3.942530E-2
 9.097930E+0 1.659930E+0 2.181570E+0 4.443690E-1 2.823720E-1 5.536450E-2
 9.930290E+0 1.712020E+0 2.418480E+0 4.680820E-1 3.408210E-1 7.119020E-2
 1.077810E+1 1.749380E+0 2.662540E+0 4.851340E-1 4.009780E-1 8.543860E-2
 1.160020E+1 1.776320E+0 2.903180E+0 4.973990E-1 4.612170E-1 9.736850E-2
 1.653670E-1 1.565550E-2 3.549790E-3 9.930510E-6 5.657790E-5 1.820280E-8
 2.387680E-1 2.971690E-2 6.320070E-3 2.783800E-5 1.021950E-4 5.207370E-8
 3.419500E-1 5.285110E-2 1.116630E-2 7.708700E-5 1.844750E-4 1.488200E-7
 4.792090E-1 8.676360E-2 1.955130E-2 2.106190E-4 3.327010E-4 4.246500E-7
 6.555960E-1 1.324060E-1 3.386240E-2 5.656850E-4 5.990840E-4 1.208620E-6
 8.781900E-1 1.874720E-1 5.768590E-2 1.477320E-3 1.075980E-3 3.425900E-6
 1.175120E+0 2.568610E-1 9.637210E-2 3.716280E-3 1.924350E-3 9.646660E-6
 1.515140E+0 3.306240E-1 1.552300E-1 8.794330E-3 3.418640E-3 2.687290E-5
 1.944050E+0 4.184110E-1 2.409410E-1 1.937380E-2 6.022040E-3 7.383490E-5
 2.460880E+0 5.253640E-1 3.576360E-1 3.904460E-2 1.048440E-2 1.987020E-4
 3.035680E+0 6.457520E-1 5.035750E-1 7.073490E-2 1.792720E-2 5.183410E-4
 3.697930E+0 7.860560E-1 6.770990E-1 1.150730E-1 2.994210E-2 1.294850E-3
 4.427220E+0 9.354800E-1 8.695280E-1 1.687700E-1 4.813310E-2 3.024950E-3
 5.125690E+0 1.071800E+0 1.068250E+0 2.240970E-1 7.379160E-2 6.485870E-3
 5.823470E+0 1.192770E+0 1.271920E+0 2.759310E-1 1.076810E-1 1.261860E-2
 6.542110E+0 1.294990E+0 1.479360E+0 3.207580E-1 1.487300E-1 2.195580E-2
 7.258300E+0 1.375530E+0 1.687080E+0 3.567780E-1 1.948610E-1 3.411220E-2
 7.974830E+0 1.437270E+0 1.895820E+0 3.846110E-1 2.442600E-1 4.787680E-2
 8.671650E+0 1.480300E+0 2.101100E+0 4.046080E-1 2.952020E-1 6.148470E-2
 9.386470E+0 1.512630E+0 2.310190E+0 4.194200E-1 3.471330E-1 7.383120E-2
 1.009500E+1 1.535560E+0 2.518760E+0 4.299430E-1 3.993100E-1 8.413270E-2
 1.530670E-1 1.476420E-2 3.067360E-3 8.590070E-6 4.860470E-5 1.563850E-8
 2.253050E-1 2.874070E-2 5.470430E-3 2.412190E-5 8.780160E-5 4.474270E-8
 3.192000E-1 5.041400E-2 9.696590E-3 6.708990E-5 1.585070E-4 1.278830E-7
 4.559540E-1 8.455970E-2 1.705560E-2 1.842250E-4 2.858910E-4 3.649370E-7
 6.200460E-1 1.271250E-1 2.960920E-2 4.957200E-4 5.148380E-4 1.038800E-6
 8.142360E-1 1.770410E-1 5.041490E-2 1.294290E-3 9.249330E-4 2.945480E-6
 1.083210E+0 2.388860E-1 8.432050E-2 3.256810E-3 1.655600E-3 8.301100E-6
 1.399700E+0 3.070540E-1 1.363080E-1 7.736500E-3 2.944930E-3 2.316080E-5
 1.755340E+0 3.795220E-1 2.107330E-1 1.698500E-2 5.189110E-3 6.364360E-5
 2.227950E+0 4.722000E-1 3.135020E-1 3.423670E-2 9.036550E-3 1.713130E-4
 2.731520E+0 5.747270E-1 4.408280E-1 6.188980E-2 1.544640E-2 4.466940E-4
 3.273040E+0 6.877540E-1 5.886270E-1 9.991880E-2 2.578610E-2 1.115340E-3
 3.900900E+0 8.142540E-1 7.550540E-1 1.462850E-1 4.145150E-2 2.605760E-3
 4.502630E+0 9.287400E-1 9.257740E-1 1.937020E-1 6.351280E-2 5.582780E-3
 5.109900E+0 1.031080E+0 1.100940E+0 2.381050E-1 9.253570E-2 1.083940E-2
 5.720610E+0 1.117390E+0 1.279790E+0 2.764930E-1 1.279670E-1 1.888880E-2
 6.319110E+0 1.185480E+0 1.455060E+0 3.073190E-1 1.673350E-1 2.934030E-2
 6.951010E+0 1.237390E+0 1.637820E+0 3.309950E-1 2.100970E-1 4.117040E-2
 7.565280E+0 1.275050E+0 1.817070E+0 3.484110E-1 2.539520E-1 5.293580E-2
 8.179490E+0 1.301080E+0 1.993080E+0 3.607190E-1 2.980170E-1 6.348880E-2
 8.796650E+0 1.319540E+0 2.172310E+0 3.694210E-1 3.427360E-1 7.228630E-2
 1.422080E-1 1.406650E-2 2.574880E-3 7.217380E-6 4.055260E-5 1.304910E-8
 2.067660E-1 2.696030E-2 4.599060E-3 2.030430E-5 7.326000E-5 3.733460E-8
 2.920720E-1 4.719950E-2 8.165440E-3 5.658370E-5 1.322620E-4 1.067150E-7
 4.057020E-1 7.642500E-2 1.437050E-2 1.554340E-4 2.385600E-4 3.045460E-7
 5.504800E-1 1.141740E-1 2.496450E-2 4.180400E-4 4.296480E-4 8.670090E-7
 7.438010E-1 1.629710E-1 4.278590E-2 1.098830E-3 7.720330E-4 2.458870E-6
 9.541720E-1 2.118950E-1 7.118690E-2 2.752730E-3 1.382150E-3 6.931330E-6
 1.219800E+0 2.686150E-1 1.150900E-1 6.541300E-3 2.460640E-3 1.935580E-5
 1.542520E+0 3.309320E-1 1.783770E-1 1.436110E-2 4.340230E-3 5.324620E-5
 1.909310E+0 4.031630E-1 2.637250E-1 2.883260E-2 7.553980E-3 1.432070E-4
 2.331790E+0 4.865850E-1 3.704380E-1 5.200790E-2 1.290860E-2 3.732760E-4
 2.794650E+0 5.820140E-1 4.952890E-1 8.407200E-2 2.154950E-2 9.322920E-4
 3.342060E+0 6.887560E-1 6.357660E-1 1.231590E-1 3.461980E-2 2.179850E-3
 3.849430E+0 7.820690E-1 7.792690E-1 1.626490E-1 5.308780E-2 4.666440E-3
 4.346980E+0 8.658620E-1 9.259570E-1 1.996520E-1 7.744630E-2 9.076320E-3
 4.863530E+0 9.363150E-1 1.075120E+0 2.314400E-1 1.069230E-1 1.577960E-2
 5.365130E+0 9.920590E-1 1.221520E+0 2.570090E-1 1.397980E-1 2.450620E-2
 5.888620E+0 1.034450E+0 1.373940E+0 2.765980E-1 1.754990E-1 3.437690E-2
 6.398470E+0 1.065170E+0 1.523580E+0 2.909880E-1 2.120920E-1 4.418760E-2
 6.901820E+0 1.086340E+0 1.670310E+0 3.011230E-1 2.490760E-1 5.297860E-2
 7.405150E+0 1.102090E+0 1.819530E+0 3.085150E-1 2.864750E-1 6.035390E-2
 1.318910E-1 1.337380E-2 2.161810E-3 6.063520E-6 3.387040E-5 1.089920E-8
 1.897480E-1 2.512340E-2 3.863040E-3 1.706910E-5 6.118910E-5 3.118580E-8
 2.674660E-1 4.393280E-2 6.866690E-3 4.764400E-5 1.104790E-4 8.914500E-8
 3.696620E-1 7.134880E-2 1.211090E-2 1.312700E-4 1.992790E-4 2.544260E-7
 4.988850E-1 1.053640E-1 2.109260E-2 3.541270E-4 3.589290E-4 7.243720E-7
 6.659330E-1 1.471680E-1 3.614180E-2 9.291660E-4 6.450090E-4 2.054530E-6
 8.419170E-1 1.877640E-1 6.018170E-2 2.329770E-3 1.154880E-3 5.792240E-6
 1.073720E+0 2.366610E-1 9.739750E-2 5.540610E-3 2.056330E-3 1.617870E-5
 1.323570E+0 2.872720E-1 1.505670E-1 1.213730E-2 3.636830E-3 4.462860E-5
 1.689480E+0 3.521840E-1 2.243910E-1 2.452190E-2 6.325130E-3 1.199630E-4
 2.032370E+0 4.190830E-1 3.144320E-1 4.406930E-2 1.084060E-2 3.136970E-4
 2.430830E+0 4.974270E-1 4.196420E-1 7.118120E-2 1.803780E-2 7.802930E-4
 2.866490E+0 5.809140E-1 5.357540E-1 1.034300E-1 2.897970E-2 1.822160E-3
 3.286760E+0 6.584330E-1 6.555580E-1 1.365840E-1 4.440110E-2 3.903350E-3
 3.709770E+0 7.269860E-1 7.778720E-1 1.673390E-1 6.466990E-2 7.576030E-3
 4.134560E+0 7.851560E-1 9.032690E-1 1.939060E-1 8.941900E-2 1.319740E-2
 4.557810E+0 8.303450E-1 1.025160E+0 2.150150E-1 1.168730E-1 2.047860E-2
 4.987590E+0 8.645260E-1 1.149910E+0 2.311110E-1 1.463890E-1 2.869750E-2
 5.417370E+0 8.897350E-1 1.274920E+0 2.430290E-1 1.768890E-1 3.688570E-2
 5.848670E+0 9.072230E-1 1.400340E+0 2.514350E-1 2.079210E-1 4.422530E-2
 6.268920E+0 9.199880E-1 1.524620E+0 2.575110E-1 2.390490E-1 5.036690E-2
 1.228050E-1 1.261590E-2 1.875280E-3 5.265060E-6 2.925970E-5 9.416060E-9
 1.786700E-1 2.413030E-2 3.351520E-3 1.482050E-5 5.286040E-5 2.694200E-8
 2.503890E-1 4.196840E-2 5.960980E-3 4.138350E-5 9.544270E-5 7.701820E-8
 3.493350E-1 6.820620E-2 1.052600E-2 1.142010E-4 1.721760E-4 2.198320E-7
 4.661880E-1 9.964870E-2 1.836100E-2 3.087400E-4 3.101210E-4 6.259000E-7
 5.972770E-1 1.330000E-1 3.141600E-2 8.082670E-4 5.572750E-4 1.775230E-6
 7.796000E-1 1.744760E-1 5.262110E-2 2.038800E-3 9.979090E-4 5.005400E-6
 9.860230E-1 2.162210E-1 8.525680E-2 4.850800E-3 1.777010E-3 1.398200E-5
 1.213890E+0 2.591980E-1 1.319310E-1 1.064850E-2 3.136640E-3 3.848530E-5
 1.506710E+0 3.116060E-1 1.956040E-1 2.138260E-2 5.468710E-3 1.037380E-4
 1.813250E+0 3.685560E-1 2.737550E-1 3.837150E-2 9.349810E-3 2.705150E-4
 2.126390E+0 4.324770E-1 3.635120E-1 6.169510E-2 1.556410E-2 6.733410E-4
 2.526190E+0 5.058410E-1 4.656140E-1 8.977670E-2 2.506170E-2 1.575930E-3
 2.889860E+0 5.718870E-1 5.692440E-1 1.184020E-1 3.839370E-2 3.375280E-3
 3.249530E+0 6.305330E-1 6.754120E-1 1.450120E-1 5.600040E-2 6.563800E-3
 3.619980E+0 6.799790E-1 7.833770E-1 1.678200E-1 7.730930E-2 1.140800E-2
 3.994910E+0 7.180480E-1 8.900940E-1 1.858340E-1 1.010970E-1 1.768290E-2
 4.365460E+0 7.470320E-1 9.976310E-1 1.996240E-1 1.265590E-1 2.476700E-2
 4.735400E+0 7.685420E-1 1.105570E+0 2.098710E-1 1.529350E-1 3.183670E-2
 5.100630E+0 7.840840E-1 1.212990E+0 2.172840E-1 1.796860E-1 3.820910E-2
 5.460040E+0 7.948750E-1 1.320120E+0 2.224770E-1 2.065640E-1 4.351050E-2
 1.153020E-1 1.203450E-2 1.613370E-3 4.532400E-6 0.000000E+6 0.000000E+6
 1.658120E-1 2.268160E-2 2.890780E-3 1.279110E-5 4.540550E-5 2.314360E-8
 2.310620E-1 3.903160E-2 5.141250E-3 3.571770E-5 8.198360E-5 6.615970E-8
 3.205240E-1 6.296260E-2 9.082480E-3 9.859100E-5 1.479010E-4 1.888460E-7
 4.164350E-1 9.004730E-2 1.584350E-2 2.665820E-4 2.663930E-4 5.376790E-7
 5.508370E-1 1.232860E-1 2.720170E-2 7.010770E-4 4.787620E-4 1.525200E-6
 6.986760E-1 1.568210E-1 4.550100E-2 1.764480E-3 8.573030E-4 4.300430E-6
 8.655420E-1 1.893370E-1 7.352490E-2 4.179760E-3 1.526690E-3 1.201380E-5
 1.075700E+0 2.276080E-1 1.142040E-1 9.213090E-3 2.695710E-3 3.308430E-5
 1.330190E+0 2.734500E-1 1.692590E-1 1.851830E-2 4.699510E-3 8.915940E-5
 1.598880E+0 3.217800E-1 2.369120E-1 3.322470E-2 8.037900E-3 2.325940E-4
 1.890830E+0 3.777640E-1 3.156030E-1 5.344090E-2 1.338620E-2 5.791420E-4
 2.215980E+0 4.380220E-1 4.022190E-1 7.746930E-2 2.150910E-2 1.352410E-3
 2.525820E+0 4.936890E-1 4.912680E-1 1.020350E-1 3.300470E-2 2.901870E-3
 2.839740E+0 5.432660E-1 5.822260E-1 1.247760E-1 4.806000E-2 5.630530E-3
 3.151450E+0 5.854460E-1 6.752550E-1 1.444010E-1 6.644620E-2 9.805490E-3
 3.462390E+0 6.180060E-1 7.649740E-1 1.598970E-1 8.685090E-2 1.520380E-2
 3.792460E+0 6.422550E-1 8.594280E-1 1.715830E-1 1.087550E-1 2.127980E-2
 4.109560E+0 6.604740E-1 9.519880E-1 1.803330E-1 1.313980E-1 2.735000E-2
 4.408550E+0 6.746960E-1 1.045550E+0 1.869540E-1 1.546290E-1 3.287150E-2
 4.726180E+0 6.833830E-1 1.138170E+0 1.912570E-1 1.778380E-1 3.738790E-2
 1.054670E-1 1.119260E-2 1.350190E-3 3.793990E-6 0.000000E+6 0.000000E+6
 1.503840E-1 2.096480E-2 2.415610E-3 1.069610E-5 0.000000E+6 0.000000E+6
 2.100360E-1 3.607090E-2 4.309080E-3 2.995380E-5 6.839050E-5 5.519570E-8
 2.827440E-1 5.606970E-2 7.610230E-3 8.265660E-5 1.233770E-4 1.575440E-7
 3.796360E-1 8.234730E-2 1.329580E-2 2.239180E-4 2.222610E-4 4.486250E-7
 4.786630E-1 1.076620E-1 2.281770E-2 5.887940E-4 3.994200E-4 1.272530E-6
 6.195200E-1 1.388720E-1 3.825710E-2 1.485300E-3 7.153240E-4 3.588470E-6
 7.571660E-1 1.651120E-1 6.185440E-2 3.519140E-3 1.273890E-3 1.002530E-5
 9.407080E-1 1.978660E-1 9.622540E-2 7.770610E-3 2.249590E-3 2.761280E-5
 1.154640E+0 2.340650E-1 1.425060E-1 1.558190E-2 3.922050E-3 7.441750E-5
 1.366840E+0 2.726520E-1 1.990210E-1 2.790030E-2 6.708840E-3 1.941640E-4
 1.607800E+0 3.175640E-1 2.644690E-1 4.473220E-2 1.117120E-2 4.832920E-4
 1.888840E+0 3.680900E-1 3.375390E-1 6.492690E-2 1.799260E-2 1.130570E-3
 2.149630E+0 4.140880E-1 4.119180E-1 8.541380E-2 2.755640E-2 2.422740E-3
 2.410670E+0 4.548160E-1 4.878390E-1 1.043370E-1 4.012070E-2 4.700260E-3
 2.670280E+0 4.895930E-1 5.654280E-1 1.206670E-1 5.546140E-2 8.184190E-3
 2.939800E+0 5.159960E-1 6.419300E-1 1.334330E-1 7.251050E-2 1.268020E-2
 3.191200E+0 5.365580E-1 7.169460E-1 1.433260E-1 9.074350E-2 1.777240E-2
 3.468290E+0 5.512590E-1 7.961560E-1 1.504890E-1 1.096450E-1 2.281900E-2
 3.713500E+0 5.621900E-1 8.735720E-1 1.557660E-1 1.290060E-1 2.737830E-2
 3.976480E+0 5.694550E-1 9.503480E-1 1.593610E-1 1.480160E-1 3.115800E-2
 9.567700E-2 1.028030E-2 1.130550E-3 3.177720E-6 0.000000E+6 0.000000E+6
 1.395180E-1 1.973970E-2 2.024560E-3 8.967250E-6 0.000000E+6 0.000000E+6
 1.896230E-1 3.290080E-2 3.604580E-3 2.508150E-5 0.000000E+6 0.000000E+6
 2.526780E-1 5.050390E-2 6.372330E-3 6.927700E-5 0.000000E+6 0.000000E+6
 3.318450E-1 7.196370E-2 1.114820E-2 1.878580E-4 1.856140E-4 3.746710E-7
 4.323710E-1 9.730740E-2 1.916060E-2 4.947480E-4 3.336180E-4 1.062940E-6
 5.370850E-1 1.201800E-1 3.211730E-2 1.248270E-3 5.974460E-4 2.997350E-6
 6.660560E-1 1.444820E-1 5.206610E-2 2.967400E-3 1.064050E-3 8.374630E-6
 8.215020E-1 1.708110E-1 8.092850E-2 6.535360E-3 1.879150E-3 2.306740E-5
 9.874660E-1 1.985480E-1 1.195590E-1 1.307500E-2 3.276260E-3 6.217120E-5
 1.172200E+0 2.308830E-1 1.672790E-1 2.344080E-2 5.604990E-3 1.622450E-4
 1.386280E+0 2.694450E-1 2.227670E-1 3.768610E-2 9.336280E-3 4.040690E-4
 1.611490E+0 3.096250E-1 2.831590E-1 5.441950E-2 1.500170E-2 9.432540E-4
 1.826380E+0 3.473080E-1 3.453600E-1 7.151770E-2 2.302180E-2 2.024250E-3
 2.043660E+0 3.808900E-1 4.087880E-1 8.729160E-2 3.351900E-2 3.927100E-3
 2.261640E+0 4.096020E-1 4.736350E-1 1.008910E-1 4.633910E-2 6.836720E-3
 2.479000E+0 4.318910E-1 5.368610E-1 1.116460E-1 6.053840E-2 1.060620E-2
 2.696460E+0 4.482900E-1 6.019220E-1 1.197130E-1 7.591210E-2 1.483520E-2
 2.927670E+0 4.606340E-1 6.663400E-1 1.257310E-1 9.159830E-2 1.906130E-2
 3.129780E+0 4.693660E-1 7.295050E-1 1.300390E-1 1.075940E-1 2.286200E-2
 3.342870E+0 4.760540E-1 7.946850E-1 1.332220E-1 1.237470E-1 2.604590E-2
 9.069170E-2 9.916620E-3 9.788630E-4 2.752660E-6 0.000000E+6 0.000000E+6
 1.253010E-1 1.788900E-2 1.751250E-3 7.758560E-6 0.000000E+6 0.000000E+6
 1.722910E-1 2.998290E-2 3.120580E-3 2.171200E-5 0.000000E+6 0.000000E+6
 2.318500E-1 4.651920E-2 5.518510E-3 6.002590E-5 0.000000E+6 0.000000E+6
 3.003380E-1 6.556600E-2 9.648300E-3 1.627090E-4 0.000000E+6 0.000000E+6
 3.847500E-1 8.619350E-2 1.661230E-2 4.291690E-4 2.881680E-4 9.182100E-7
 4.878080E-1 1.088010E-1 2.785770E-2 1.083270E-3 5.161250E-4 2.589420E-6
 6.012150E-1 1.294900E-1 4.519210E-2 2.578190E-3 9.192540E-4 7.235110E-6
 7.258250E-1 1.501210E-1 7.019890E-2 5.671890E-3 1.623360E-3 1.992850E-5
 8.750740E-1 1.739140E-1 1.037510E-1 1.134390E-2 2.830470E-3 5.371460E-5
 1.044750E+0 2.024860E-1 1.454150E-1 2.037070E-2 4.842900E-3 1.401950E-4
 1.219460E+0 2.343360E-1 1.931490E-1 3.265350E-2 8.066960E-3 3.491480E-4
 1.413270E+0 2.686000E-1 2.452980E-1 4.710880E-2 1.296130E-2 8.150080E-4
 1.598370E+0 3.008210E-1 2.990770E-1 6.187070E-2 1.989080E-2 1.748990E-3
 1.786070E+0 3.295940E-1 3.538910E-1 7.548320E-2 2.896020E-2 3.393000E-3
 1.975520E+0 3.543110E-1 4.100260E-1 8.723230E-2 4.003450E-2 5.907200E-3
 2.162890E+0 3.733770E-1 4.646070E-1 9.649370E-2 5.230350E-2 9.163270E-3
 2.350350E+0 3.874250E-1 5.208630E-1 1.034420E-1 6.558560E-2 1.281540E-2
 2.549130E+0 3.979720E-1 5.763620E-1 1.086160E-1 7.912480E-2 1.646320E-2
 2.723020E+0 4.054430E-1 6.310700E-1 1.123220E-1 9.295090E-2 1.974470E-2
 2.922250E+0 4.108260E-1 6.884810E-1 1.149540E-1 1.069000E-1 2.246290E-2
 7.752110E-2 8.898890E-3 0.000000E+6 0.000000E+6 0.000000E+6 0.000000E+6
 1.149720E-1 1.644560E-2 1.507410E-3 6.680600E-6 0.000000E+6 0.000000E+6
 1.569880E-1 2.745210E-2 2.686180E-3 1.869690E-5 0.000000E+6 0.000000E+6
 2.090650E-1 4.210920E-2 4.750510E-3 5.166120E-5 0.000000E+6 0.000000E+6
 2.708630E-1 5.940660E-2 8.308870E-3 1.401620E-4 0.000000E+6 0.000000E+6
 3.454760E-1 7.744690E-2 1.428670E-2 3.692590E-4 0.000000E+6 0.000000E+6
 4.345270E-1 9.642200E-2 2.401860E-2 9.344820E-4 4.433200E-4 2.224250E-6
 5.332400E-1 1.139830E-1 3.896050E-2 2.223990E-3 7.895920E-4 6.214890E-6
 6.372720E-1 1.309950E-1 6.051980E-2 4.893440E-3 1.397610E-3 1.715670E-5
 7.674340E-1 1.510270E-1 8.948590E-2 9.780280E-3 2.437180E-3 4.627520E-5
 9.095450E-1 1.748990E-1 1.253150E-1 1.755530E-2 4.170040E-3 1.207400E-4
 1.058300E+0 2.020320E-1 1.661710E-1 2.812230E-2 6.939290E-3 3.008500E-4
 1.229330E+0 2.316430E-1 2.110480E-1 4.059010E-2 1.114750E-2 7.023190E-4
 1.391410E+0 2.589990E-1 2.574650E-1 5.321180E-2 1.708900E-2 1.502590E-3
 1.549580E+0 2.837820E-1 3.047340E-1 6.496660E-2 2.492330E-2 2.921920E-3
 1.715150E+0 3.046460E-1 3.528040E-1 7.497720E-2 3.439060E-2 5.074600E-3
 1.877920E+0 3.208450E-1 3.997340E-1 8.290900E-2 4.493180E-2 7.868340E-3
 2.040810E+0 3.332720E-1 4.472840E-1 8.897370E-2 5.626550E-2 1.101850E-2
 2.198300E+0 3.419160E-1 4.959970E-1 9.331100E-2 6.806310E-2 1.413840E-2
 2.357660E+0 3.484620E-1 5.438030E-1 9.652660E-2 7.996340E-2 1.695940E-2
 2.524890E+0 3.527650E-1 5.916350E-1 9.870450E-2 9.178490E-2 1.928670E-2
 7.317490E-2 8.559730E-3 0.000000E+6 0.000000E+6 0.000000E+6 0.000000E+6
 9.850120E-2 1.494910E-2 0.000000E+6 0.000000E+6 0.000000E+6 0.000000E+6
 1.334150E-1 2.493340E-2 0.000000E+6 0.000000E+6 0.000000E+6 0.000000E+6
 1.897120E-1 3.851950E-2 3.973840E-3 4.323710E-5 0.000000E+6 0.000000E+6
 2.396440E-1 5.231950E-2 6.948280E-3 1.172690E-4 0.000000E+6 0.000000E+6
 3.021340E-1 6.766200E-2 1.195090E-2 3.090560E-4 0.000000E+6 0.000000E+6
 3.745910E-1 8.256760E-2 2.006260E-2 7.808810E-4 0.000000E+6 0.000000E+6
 4.619510E-1 9.788680E-2 3.261980E-2 1.863190E-3 6.601810E-4 5.196110E-6
 5.557700E-1 1.123750E-1 5.077380E-2 4.105940E-3 1.164980E-3 1.431750E-5
 6.651180E-1 1.288610E-1 7.508320E-2 8.216100E-3 2.033340E-3 3.860940E-5
 7.811690E-1 1.478880E-1 1.050410E-1 1.471370E-2 3.479090E-3 1.007430E-4
 9.039620E-1 1.698890E-1 1.391870E-1 2.354730E-2 5.789610E-3 2.510310E-4
 1.043060E+0 1.939920E-1 1.765090E-1 3.392540E-2 9.300630E-3 5.860100E-4
 1.178730E+0 2.165580E-1 2.152100E-1 4.444100E-2 1.425730E-2 1.253650E-3
 1.311780E+0 2.371320E-1 2.546850E-1 5.424730E-2 2.079240E-2 2.437920E-3
 1.448350E+0 2.544130E-1 2.948310E-1 6.258830E-2 2.869220E-2 4.233930E-3
 1.587310E+0 2.675780E-1 3.343890E-1 6.911220E-2 3.749920E-2 6.556360E-3
 1.721050E+0 2.781740E-1 3.745010E-1 7.424380E-2 4.703630E-2 9.196560E-3
 1.857930E+0 2.852450E-1 4.140620E-1 7.783440E-2 5.669670E-2 1.179460E-2
 1.991020E+0 2.906900E-1 4.539190E-1 8.051650E-2 6.660650E-2 1.414890E-2
 2.120060E+0 2.944750E-1 4.934870E-1 8.239550E-2 7.654390E-2 1.610720E-2
 6.553960E-2 7.712900E-3 0.000000E+6 0.000000E+6 0.000000E+6 0.000000E+6
 9.132290E-2 1.404800E-2 0.000000E+6 0.000000E+6 0.000000E+6 0.000000E+6
 1.227420E-1 2.321890E-2 0.000000E+6 0.000000E+6 0.000000E+6 0.000000E+6
 1.567410E-1 3.412650E-2 0.000000E+6 0.000000E+6 0.000000E+6 0.000000E+6
 2.144660E-1 4.690910E-2 5.816910E-3 9.816920E-5 0.000000E+6 0.000000E+6
 2.661420E-1 5.929470E-2 1.000460E-2 2.587780E-4 0.000000E+6 0.000000E+6
 3.291430E-1 7.208560E-2 1.680300E-2 6.542920E-4 0.000000E+6 0.000000E+6
 3.990810E-1 8.365010E-2 2.728410E-2 1.558600E-3 0.000000E+6 0.000000E+6
 4.749320E-1 9.442780E-2 4.243130E-2 3.432940E-3 0.000000E+6 0.000000E+6
 5.693410E-1 1.088200E-1 6.281700E-2 6.873990E-3 1.693960E-3 3.215200E-5
 6.680280E-1 1.245330E-1 8.787780E-2 1.230980E-2 2.898490E-3 8.391960E-5
 7.723550E-1 1.427660E-1 1.167640E-1 1.970900E-2 4.840550E-3 2.095460E-4
 8.862030E-1 1.622870E-1 1.478370E-1 2.832450E-2 7.772750E-3 4.889310E-4
 9.995920E-1 1.812440E-1 1.800610E-1 3.715370E-2 1.190720E-2 1.047050E-3
 1.109400E+0 1.983020E-1 2.130650E-1 4.533790E-2 1.736590E-2 2.036240E-3
 1.222120E+0 2.126220E-1 2.465450E-1 5.228780E-2 2.395550E-2 3.535190E-3
 1.339380E+0 2.235850E-1 2.796530E-1 5.773590E-2 3.131870E-2 5.475550E-3
 1.452530E+0 2.320210E-1 3.129080E-1 6.191620E-2 3.920310E-2 7.667090E-3
 1.564920E+0 2.382580E-1 3.462090E-1 6.500720E-2 4.735340E-2 9.849630E-3
 1.675440E+0 2.427610E-1 3.794330E-1 6.723710E-2 5.562020E-2 1.181440E-2
 1.782940E+0 2.459040E-1 4.125260E-1 6.880240E-2 6.392540E-2 1.344910E-2
 5.967170E-2 7.052200E-3 0.000000E+6 0.000000E+6 0.000000E+6 0.000000E+6
 8.296400E-2 1.280000E-2 0.000000E+6 0.000000E+6 0.000000E+6 0.000000E+6
 1.111640E-1 2.104390E-2 0.000000E+6 0.000000E+6 0.000000E+6 0.000000E+6
 1.434530E-1 3.128890E-2 0.000000E+6 0.000000E+6 0.000000E+6 0.000000E+6
 1.790250E-1 4.239390E-2 0.000000E+6 0.000000E+6 0.000000E+6 0.000000E+6
 2.417550E-1 5.382060E-2 8.660720E-3 2.240130E-4 0.000000E+6 0.000000E+6
 2.938640E-1 6.395940E-2 1.454070E-2 5.663560E-4 0.000000E+6 0.000000E+6
 3.540040E-1 7.360610E-2 2.361300E-2 1.349300E-3 0.000000E+6 0.000000E+6
 4.259220E-1 8.399780E-2 3.674530E-2 2.973370E-3 0.000000E+6 0.000000E+6
 5.022790E-1 9.497760E-2 5.432130E-2 5.942790E-3 0.000000E+6 0.000000E+6
 5.874940E-1 1.082830E-1 7.606770E-2 1.065410E-2 2.503780E-3 7.249150E-5
 6.782360E-1 1.239080E-1 1.010550E-1 1.705620E-2 4.181360E-3 1.810270E-4
 7.747560E-1 1.406010E-1 1.279880E-1 2.450880E-2 6.725940E-3 4.229890E-4
 8.727010E-1 1.567910E-1 1.557350E-1 3.211750E-2 1.028580E-2 9.044890E-4
 9.669590E-1 1.714540E-1 1.842540E-1 3.918320E-2 1.500180E-2 1.759010E-3
 1.064350E+0 1.837710E-1 2.131620E-1 4.518110E-2 2.069170E-2 3.053570E-3
 1.166040E+0 1.931960E-1 2.417760E-1 4.988020E-2 2.705240E-2 4.729680E-3
 1.263570E+0 2.004460E-1 2.704880E-1 5.348450E-2 3.386100E-2 6.622260E-3
 1.360460E+0 2.058180E-1 2.992610E-1 5.615240E-2 4.090260E-2 8.507530E-3
 1.455540E+0 2.096980E-1 3.279380E-1 5.807730E-2 4.804160E-2 1.020450E-2
 1.547780E+0 2.123890E-1 3.564830E-1 5.942380E-2 5.521340E-2 1.161550E-2
---