PdfType: central
Format: lhagrid1
---
 1.000000E-6 1.700000E-6 3.200000E-6 6.000000E-6 1.000000E-5 1.700000E-5 3.200000E-5 6.000000E-5 1.000000E-4 1.700000E-4 3.200000E-4 6.000000E-4 1.000000E-3 1.700000E-3 3.200000E-3 6.000000E-3 1.000000E-2 1.700000E-2 3.200000E-2 6.000000E-2 1.000000E-1
 3.162278E-1 3.981068E-1 5.011876E-1 6.309572E-1 7.943280E-1 1.000000E+0 1.258924E+0 1.584894E+0 1.995262E+0 2.511886E+0 3.162278E+0 3.981068E+0 5.011876E+0 6.309572E+0 7.943280E+0 1.000000E+1 1.258924E+1 1.584894E+1 1.995262E+1 2.511886E+1 3.162278E+1
900 901 917 918 920 921
 8.932330E+0 8.465360E-1 3.070060E-1 8.471700E-4 7.635590E-3 2.457440E-6
 1.379020E+1 1.710520E+0 5.660570E-1 2.461070E-3 1.336740E-2 6.811750E-6
 2.123950E+1 3.201630E+0 1.055630E+0 7.210380E-3 2.425060E-2 1.955570E-5
 3.180630E+1 5.599650E+0 2.002910E+0 2.132660E-2 4.550700E-2 5.800890E-5
 4.730650E+1 9.176530E+0 3.815180E+0 6.276900E-2 8.716700E-2 1.753030E-4
 6.975020E+1 1.460550E+1 7.156180E+0 1.801870E-1 1.694480E-1 5.373680E-4
 1.024530E+2 2.227250E+1 1.319850E+1 4.990270E-1 3.323600E-1 1.659210E-3
 1.572390E+2 3.503570E+1 2.492730E+1 1.377810E+0 6.865310E-1 5.371520E-3
 2.524570E+2 5.717300E+1 4.793230E+1 3.755890E+0 1.492890E+0 1.820220E-2
 3.790310E+2 8.620490E+1 8.510930E+1 9.011230E+0 3.141440E+0 5.908980E-2
 5.591270E+2 1.316350E+2 1.429960E+2 1.977610E+1 6.509580E+0 1.864440E-1
 7.921610E+2 1.914100E+2 2.259300E+2 3.833530E+1 1.294620E+1 5.527890E-1
 1.118780E+3 2.802800E+2 3.448450E+2 6.900740E+1 2.490050E+1 1.547320E+0
 1.544660E+3 3.924540E+2 5.055700E+2 1.126150E+2 4.544030E+1 3.966770E+0
 2.090080E+3 5.320100E+2 7.159550E+2 1.697570E+2 7.858900E+1 9.147500E+0
 2.816170E+3 7.163770E+2 9.983310E+2 2.459410E+2 1.293210E+2 1.916840E+1
 3.749350E+3 9.415890E+2 1.361970E+3 3.395890E+2 2.013250E+2 3.580220E+1
 5.071910E+3 1.212220E+3 1.863880E+3 4.516540E+2 3.012560E+2 6.033060E+1
 6.667150E+3 1.557140E+3 2.478180E+3 5.940000E+2 4.340360E+2 9.523090E+1
 8.701710E+3 1.958350E+3 3.284990E+3 7.587340E+2 6.094840E+2 1.388810E+2
 1.292190E+4 2.595160E+3 4.864910E+3 1.014340E+3 9.035620E+2 2.019820E+2
 8.616560E+0 8.248030E-1 2.891650E-1 7.988730E-4 7.514070E-3 2.418810E-6
 1.348800E+1 1.687530E+0 5.257860E-1 2.285790E-3 1.286130E-2 6.555270E-6
 2.043130E+1 3.155490E+0 9.747870E-1 6.661120E-3 2.287410E-2 1.845010E-5
 3.068940E+1 5.460610E+0 1.816020E+0 1.939460E-2 4.200820E-2 5.358620E-5
 4.531950E+1 8.948570E+0 3.419400E+0 5.640310E-2 7.949530E-2 1.600560E-4
 6.661400E+1 1.401750E+1 6.465780E+0 1.632800E-1 1.528170E-1 4.847000E-4
 9.676550E+1 2.140740E+1 1.191390E+1 4.526190E-1 2.976370E-1 1.488910E-3
 1.478660E+2 3.320460E+1 2.238340E+1 1.244140E+0 6.100210E-1 4.774680E-3
 2.300030E+2 5.211580E+1 4.281670E+1 3.366670E+0 1.300560E+0 1.586310E-2
 3.463060E+2 8.012660E+1 7.587880E+1 8.140870E+0 2.716320E+0 5.116070E-2
 5.012280E+2 1.185660E+2 1.266220E+2 1.755720E+1 5.603080E+0 1.607060E-1
 7.108990E+2 1.717600E+2 1.995470E+2 3.395200E+1 1.111990E+1 4.760970E-1
 9.996170E+2 2.476000E+2 3.036530E+2 6.052400E+1 2.124490E+1 1.320670E+0
 1.366530E+3 3.443200E+2 4.456460E+2 9.846290E+1 3.889780E+1 3.392750E+0
 1.880480E+3 4.735760E+2 6.339460E+2 1.501550E+2 6.740940E+1 7.869590E+0
 2.513800E+3 6.283380E+2 8.806380E+2 2.150410E+2 1.112320E+2 1.646460E+1
 3.329500E+3 8.173590E+2 1.199790E+3 2.937970E+2 1.725690E+2 3.056900E+1
 4.460760E+3 1.063890E+3 1.632420E+3 3.962050E+2 2.600310E+2 5.255540E+1
 5.902270E+3 1.347470E+3 2.184310E+3 5.131990E+2 3.737720E+2 8.152930E+1
 7.143650E+3 1.679620E+3 2.783350E+3 6.507990E+2 5.232720E+2 1.185980E+2
 9.873270E+3 2.078240E+3 3.729060E+3 8.136450E+2 7.145500E+2 1.639770E+2
 8.269550E+0 8.194500E-1 2.734790E-1 7.594690E-4 7.504520E-3 2.415920E-6
 1.272650E+1 1.622480E+0 4.857370E-1 2.111620E-3 1.247710E-2 6.361930E-6
 1.935660E+1 3.033290E+0 8.884860E-1 6.076160E-3 2.165320E-2 1.747140E-5
 2.873990E+1 5.284600E+0 1.644730E+0 1.755810E-2 3.892150E-2 4.966610E-5
 4.250240E+1 8.545220E+0 3.049360E+0 5.035500E-2 7.200200E-2 1.451310E-4
 6.177830E+1 1.319550E+1 5.662830E+0 1.433980E-1 1.363100E-1 4.328750E-4
 8.932350E+1 1.999290E+1 1.042520E+1 3.960750E-1 2.628560E-1 1.312400E-3
 1.341360E+2 3.046960E+1 1.963070E+1 1.094590E+0 5.284340E-1 4.135130E-3
 2.070990E+2 4.709730E+1 3.697080E+1 2.918480E+0 1.102000E+0 1.345230E-2
 3.073350E+2 7.117180E+1 6.551270E+1 7.035960E+0 2.292830E+0 4.323660E-2
 4.440920E+2 1.045880E+2 1.092630E+2 1.514930E+1 4.681100E+0 1.343830E-1
 6.229520E+2 1.521320E+2 1.725010E+2 2.956370E+1 9.281840E+0 3.980480E-1
 8.681970E+2 2.149020E+2 2.614990E+2 5.207390E+1 1.771050E+1 1.104350E+0
 1.192730E+3 2.954380E+2 3.808390E+2 8.381110E+1 3.254760E+1 2.842590E+0
 1.608580E+3 4.042100E+2 5.389420E+2 1.276660E+2 5.612250E+1 6.561330E+0
 2.229950E+3 5.368270E+2 7.602510E+2 1.825290E+2 9.250580E+1 1.371960E+1
 2.862400E+3 6.902300E+2 1.019020E+3 2.475720E+2 1.439870E+2 2.544640E+1
 3.821530E+3 8.909230E+2 1.386200E+3 3.309640E+2 2.152130E+2 4.342590E+1
 5.677640E+3 1.196090E+3 2.051840E+3 4.536780E+2 3.279570E+2 7.054250E+1
 6.466780E+3 1.398070E+3 2.409080E+3 5.409080E+2 4.329850E+2 9.811930E+1
 9.290980E+3 1.794330E+3 3.465540E+3 7.007290E+2 6.271220E+2 1.388970E+2
 7.906760E+0 7.943030E-1 2.639770E-1 7.370020E-4 7.550820E-3 2.430970E-6
 1.211350E+1 1.566640E+0 4.572490E-1 1.996610E-3 1.224880E-2 6.245450E-6
 1.820520E+1 2.912190E+0 8.159770E-1 5.564330E-3 2.077840E-2 1.677090E-5
 2.688960E+1 4.974020E+0 1.489070E+0 1.587690E-2 3.652620E-2 4.662490E-5
 3.943000E+1 8.044540E+0 2.748560E+0 4.548770E-2 6.635060E-2 1.338080E-4
 5.710550E+1 1.242870E+1 5.080420E+0 1.290180E-1 1.235190E-1 3.927620E-4
 8.240990E+1 1.858140E+1 9.205220E+0 3.507520E-1 2.337290E-1 1.167970E-3
 1.227010E+2 2.811090E+1 1.720360E+1 9.641180E-1 4.602980E-1 3.605170E-3
 1.867900E+2 4.312340E+1 3.215490E+1 2.548130E+0 9.421930E-1 1.149940E-2
 2.756860E+2 6.392730E+1 5.653000E+1 6.086910E+0 1.940370E+0 3.657820E-2
 3.927910E+2 9.329660E+1 9.421050E+1 1.315680E+1 3.924250E+0 1.128510E-1
 5.536990E+2 1.328490E+2 1.487600E+2 2.538200E+1 7.749360E+0 3.327490E-1
 7.583700E+2 1.860370E+2 2.233920E+2 4.443120E+1 1.478240E+1 9.225230E-1
 1.044300E+3 2.560540E+2 3.271490E+2 7.194250E+1 2.699480E+1 2.358420E+0
 1.394220E+3 3.423610E+2 4.622970E+2 1.076510E+2 4.682820E+1 5.466210E+0
 1.905640E+3 4.554970E+2 6.453670E+2 1.544230E+2 7.697470E+1 1.142580E+1
 2.473040E+3 5.859800E+2 8.678080E+2 2.096420E+2 1.197660E+2 2.130470E+1
 3.240330E+3 7.394170E+2 1.168760E+3 2.742420E+2 1.784970E+2 3.565530E+1
 4.062440E+3 9.289870E+2 1.487410E+3 3.532330E+2 2.546230E+2 5.556850E+1
 5.374570E+3 1.146220E+3 1.995870E+3 4.432090E+2 3.572260E+2 8.004800E+1
 7.765110E+3 1.452550E+3 2.872950E+3 5.669940E+2 5.122300E+2 1.121590E+2
 7.552200E+0 7.624150E-1 2.591520E-1 7.247550E-4 7.649870E-3 2.463300E-6
 1.161310E+1 1.538180E+0 4.424110E-1 1.940760E-3 1.211620E-2 6.178190E-6
 1.739270E+1 2.801230E+0 7.717090E-1 5.268820E-3 2.020620E-2 1.631090E-5
 2.564190E+1 4.818420E+0 1.386800E+0 1.478670E-2 3.501720E-2 4.471360E-5
 3.743220E+1 7.700910E+0 2.532980E+0 4.202280E-2 6.253210E-2 1.261610E-4
 5.412930E+1 1.198130E+1 4.641020E+0 1.176580E-1 1.149490E-1 3.658100E-4
 7.707450E+1 1.751790E+1 8.435960E+0 3.223460E-1 2.152310E-1 1.076690E-3
 1.130270E+2 2.592340E+1 1.548390E+1 8.691030E-1 4.155280E-1 3.255590E-3
 1.715880E+2 3.934740E+1 2.873880E+1 2.282110E+0 8.369800E-1 1.021890E-2
 2.491710E+2 5.788520E+1 5.000540E+1 5.393990E+0 1.695480E+0 3.198990E-2
 3.533200E+2 8.324460E+1 8.359430E+1 1.168900E+1 3.415730E+0 9.832580E-2
 4.958620E+2 1.190620E+2 1.313040E+2 2.252170E+1 6.712290E+0 2.888400E-1
 6.754880E+2 1.648140E+2 1.972530E+2 3.918470E+1 1.275080E+1 7.969660E-1
 9.267080E+2 2.272160E+2 2.879300E+2 6.327100E+1 2.321760E+1 2.034250E+0
 1.237110E+3 3.035220E+2 4.058300E+2 9.495610E+1 4.024050E+1 4.721930E+0
 1.643860E+3 3.924060E+2 5.597750E+2 1.328770E+2 6.603000E+1 9.766790E+0
 2.180280E+3 5.036530E+2 7.601610E+2 1.798090E+2 1.024860E+2 1.808150E+1
 2.996400E+3 6.447480E+2 1.052810E+3 2.383470E+2 1.540910E+2 3.074470E+1
 3.806630E+3 8.184200E+2 1.357820E+3 3.101720E+2 2.208110E+2 4.805870E+1
 4.785660E+3 9.801880E+2 1.764650E+3 3.785820E+2 3.070980E+2 6.803340E+1
 6.685360E+3 1.235470E+3 2.463020E+3 4.820740E+2 4.354050E+2 9.517530E+1
 7.206580E+0 7.524020E-1 2.568930E-1 7.187740E-4 7.876250E-3 2.536240E-6
 1.096970E+1 1.448510E+0 4.309780E-1 1.897420E-3 1.206970E-2 6.154760E-6
 1.651450E+1 2.709380E+0 7.411120E-1 5.085420E-3 1.965180E-2 1.586490E-5
 2.415350E+1 4.633270E+0 1.301280E+0 1.389150E-2 3.359540E-2 4.290730E-5
 3.506250E+1 7.355650E+0 2.336090E+0 3.866790E-2 5.933310E-2 1.197370E-4
 5.028120E+1 1.118160E+1 4.236190E+0 1.076120E-1 1.072580E-1 3.414560E-4
 7.142010E+1 1.635470E+1 7.677720E+0 2.936510E-1 1.988570E-1 9.958760E-4
 1.043750E+2 2.406140E+1 1.396330E+1 7.836950E-1 3.775810E-1 2.960610E-3
 1.556780E+2 3.588870E+1 2.553680E+1 2.032540E+0 7.431010E-1 9.072820E-3
 2.243860E+2 5.259440E+1 4.439490E+1 4.814750E+0 1.483780E+0 2.798760E-2
 3.182290E+2 7.474380E+1 7.322650E+1 1.024400E+1 2.964950E+0 8.533100E-2
 4.413500E+2 1.049200E+2 1.149830E+2 1.967570E+1 5.787700E+0 2.491640E-1
 6.031800E+2 1.453680E+2 1.731740E+2 3.423640E+1 1.097620E+1 6.859210E-1
 8.199910E+2 1.967010E+2 2.510030E+2 5.462650E+1 1.988130E+1 1.739490E+0
 1.084820E+3 2.635190E+2 3.531780E+2 8.219650E+1 3.446410E+1 4.050180E+0
 1.444840E+3 3.400650E+2 4.852710E+2 1.147720E+2 5.618990E+1 8.327040E+0
 1.875690E+3 4.327530E+2 6.561510E+2 1.543500E+2 8.742040E+1 1.542170E+1
 2.558300E+3 5.474150E+2 8.986870E+2 2.021950E+2 1.305720E+2 2.593640E+1
 3.185490E+3 6.757430E+2 1.151200E+3 2.564750E+2 1.859970E+2 3.998940E+1
 4.043680E+3 8.293410E+2 1.490660E+3 3.202950E+2 2.593960E+2 5.749800E+1
 5.719750E+3 1.037000E+3 2.096360E+3 4.045110E+2 3.668750E+2 7.977210E+1
 6.840920E+0 7.093330E-1 2.578080E-1 7.217560E-4 8.394390E-3 2.703370E-6
 1.049540E+1 1.418110E+0 4.221470E-1 1.860650E-3 1.226180E-2 6.252990E-6
 1.538110E+1 2.562960E+0 7.138670E-1 4.926750E-3 1.921510E-2 1.551380E-5
 2.268390E+1 4.350340E+0 1.230020E+0 1.314970E-2 3.192210E-2 4.077600E-5
 3.240420E+1 6.987350E+0 2.160670E+0 3.571780E-2 5.551680E-2 1.120790E-4
 4.619330E+1 1.044390E+1 3.837820E+0 9.740400E-2 9.950130E-2 3.169160E-4
 6.541160E+1 1.501880E+1 6.846190E+0 2.616080E-1 1.821600E-1 9.129540E-4
 9.428480E+1 2.192000E+1 1.231140E+1 6.904890E-1 3.396290E-1 2.666980E-3
 1.388710E+2 3.192030E+1 2.211010E+1 1.762710E+0 6.531090E-1 7.983160E-3
 1.984700E+2 4.592250E+1 3.835440E+1 4.151690E+0 1.277790E+0 2.413280E-2
 2.794790E+2 6.564610E+1 6.296300E+1 8.816160E+0 2.503560E+0 7.209480E-2
 3.871060E+2 9.135840E+1 9.860080E+1 1.684960E+1 4.845940E+0 2.085030E-1
 5.259350E+2 1.236290E+2 1.468070E+2 2.886070E+1 9.135150E+0 5.713500E-1
 7.048700E+2 1.681470E+2 2.134890E+2 4.637240E+1 1.657380E+1 1.452230E+0
 9.274610E+2 2.226440E+2 2.992440E+2 6.904180E+1 2.852800E+1 3.341050E+0
 1.222950E+3 2.856990E+2 4.099830E+2 9.616030E+1 4.669460E+1 6.923990E+0
 1.606550E+3 3.608510E+2 5.523680E+2 1.283710E+2 7.214460E+1 1.273910E+1
 2.325750E+3 4.694640E+2 7.934080E+2 1.727180E+2 1.103030E+2 2.179240E+1
 2.702470E+3 5.564710E+2 9.667130E+2 2.109140E+2 1.532570E+2 3.271550E+1
 3.446770E+3 6.799630E+2 1.251960E+3 2.623790E+2 2.132930E+2 4.690010E+1
 4.763150E+3 8.424700E+2 1.730540E+3 3.284890E+2 2.988400E+2 6.466870E+1
 6.664940E+0 6.974390E-1 2.606430E-1 7.303630E-4 9.271940E-3 2.985940E-6
 1.010520E+1 1.395300E+0 4.169500E-1 1.838780E-3 1.286500E-2 6.561950E-6
 1.496600E+1 2.518840E+0 6.928250E-1 4.793290E-3 1.921160E-2 1.551130E-5
 2.155250E+1 4.141810E+0 1.176090E+0 1.265890E-2 3.073450E-2 3.926440E-5
 3.065760E+1 6.624770E+0 2.028740E+0 3.354940E-2 5.203830E-2 1.050680E-4
 4.369530E+1 9.858880E+0 3.542120E+0 8.983570E-2 9.196090E-2 2.929900E-4
 6.063340E+1 1.422790E+1 6.202770E+0 2.370480E-1 1.669630E-1 8.371870E-4
 8.644140E+1 2.007960E+1 1.095690E+1 6.159070E-1 3.079230E-1 2.420830E-3
 1.244410E+2 2.884070E+1 1.939470E+1 1.547200E+0 5.777810E-1 7.071290E-3
 1.762360E+2 4.102420E+1 3.313190E+1 3.592320E+0 1.108140E+0 2.092180E-2
 2.464440E+2 5.746670E+1 5.436790E+1 7.628620E+0 2.142960E+0 6.168860E-2
 3.369410E+2 7.896350E+1 8.424110E+1 1.439180E+1 4.086080E+0 1.758560E-1
 4.561660E+2 1.074070E+2 1.258830E+2 2.486900E+1 7.665960E+0 4.800140E-1
 6.064860E+2 1.429360E+2 1.808640E+2 3.918920E+1 1.379130E+1 1.208750E+0
 8.063100E+2 1.863570E+2 2.530990E+2 5.757930E+1 2.364800E+1 2.768950E+0
 1.061950E+3 2.399900E+2 3.481520E+2 8.057370E+1 3.857830E+1 5.703030E+0
 1.424100E+3 3.034900E+2 4.742500E+2 1.074520E+2 5.978340E+1 1.051380E+1
 1.792420E+3 3.744910E+2 6.191460E+2 1.380550E+2 8.838060E+1 1.752750E+1
 2.484050E+3 4.725080E+2 8.623120E+2 1.784790E+2 1.294630E+2 2.731330E+1
 2.970550E+3 5.579320E+2 1.056280E+3 2.150230E+2 1.749620E+2 3.831650E+1
 3.955390E+3 6.845230E+2 1.426960E+3 2.668070E+2 2.436490E+2 5.245470E+1
 6.447680E+0 6.874070E-1 2.651380E-1 7.425970E-4 1.033480E-2 3.327880E-6
 9.672170E+0 1.333260E+0 4.135530E-1 1.824510E-3 1.374050E-2 7.008570E-6
 1.426580E+1 2.423670E+0 6.762670E-1 4.684620E-3 1.967500E-2 1.588610E-5
 2.055490E+1 4.000130E+0 1.142130E+0 1.234580E-2 3.029410E-2 3.870080E-5
 2.914410E+1 6.281710E+0 1.944250E+0 3.230000E-2 4.979450E-2 1.005520E-4
 4.132350E+1 9.462880E+0 3.348990E+0 8.484790E-2 8.620070E-2 2.747050E-4
 5.712760E+1 1.339970E+1 5.793720E+0 2.214230E-1 1.548860E-1 7.768960E-4
 8.017520E+1 1.859290E+1 1.006600E+1 5.663810E-1 2.844490E-1 2.237070E-3
 1.146120E+2 2.658630E+1 1.752470E+1 1.402030E+0 5.274970E-1 6.464070E-3
 1.606040E+2 3.709160E+1 2.957040E+1 3.208650E+0 9.945100E-1 1.880330E-2
 2.221240E+2 5.138360E+1 4.794600E+1 6.712310E+0 1.899040E+0 5.468870E-2
 3.016010E+2 7.017210E+1 7.418150E+1 1.267500E+1 3.602620E+0 1.552040E-1
 4.080630E+2 9.503110E+1 1.104400E+2 2.175980E+1 6.679640E+0 4.183640E-1
 5.408170E+2 1.248700E+2 1.581660E+2 3.407250E+1 1.192930E+1 1.045320E+0
 7.089010E+2 1.626930E+2 2.213410E+2 5.007090E+1 2.037330E+1 2.383800E+0
 9.435050E+2 2.071050E+2 3.032110E+2 6.920370E+1 3.306140E+1 4.886230E+0
 1.259380E+3 2.606830E+2 4.113000E+2 9.221930E+1 5.112640E+1 9.007810E+0
 1.525560E+3 3.198920E+2 5.293820E+2 1.179250E+2 7.528560E+1 1.495200E+1
 2.144300E+3 4.017710E+2 7.399660E+2 1.516680E+2 1.099780E+2 2.316640E+1
 2.558640E+3 4.756760E+2 9.068630E+2 1.832720E+2 1.493930E+2 3.257540E+1
 3.402690E+3 5.796280E+2 1.216830E+3 2.258580E+2 2.062300E+2 4.435760E+1
 6.399990E+0 6.803190E-1 2.743370E-1 7.688410E-4 1.190670E-2 3.833760E-6
 9.511710E+0 1.331520E+0 4.140860E-1 1.828610E-3 1.511790E-2 7.710750E-6
 1.369970E+1 2.323900E+0 6.605840E-1 4.577260E-3 2.068440E-2 1.670170E-5
 1.964510E+1 3.898840E+0 1.099290E+0 1.189230E-2 3.051270E-2 3.898090E-5
 2.787110E+1 6.057780E+0 1.866430E+0 3.119020E-2 4.829930E-2 9.753490E-5
 3.866650E+1 8.723400E+0 3.184200E+0 8.087190E-2 8.123740E-2 2.589390E-4
 5.354970E+1 1.254160E+1 5.435980E+0 2.077750E-1 1.432280E-1 7.186870E-4
 7.425210E+1 1.736810E+1 9.257500E+0 5.181400E-1 2.605640E-1 2.049800E-3
 1.044630E+2 2.433740E+1 1.587780E+1 1.266740E+0 4.809530E-1 5.897970E-3
 1.451350E+2 3.355200E+1 2.645470E+1 2.874970E+0 8.957920E-1 1.695940E-2
 1.987860E+2 4.566000E+1 4.236050E+1 5.925630E+0 1.680740E+0 4.843340E-2
 2.702830E+2 6.226910E+1 6.513130E+1 1.110940E+1 3.153840E+0 1.357220E-1
 3.610170E+2 8.279510E+1 9.631210E+1 1.892820E+1 5.799280E+0 3.633930E-1
 4.805860E+2 1.092930E+2 1.380560E+2 2.967910E+1 1.029250E+1 9.022130E-1
 6.226730E+2 1.405840E+2 1.918660E+2 4.316800E+1 1.748720E+1 2.045970E+0
 8.404320E+2 1.786640E+2 2.642100E+2 5.947350E+1 2.821840E+1 4.161600E+0
 1.146810E+3 2.288380E+2 3.677240E+2 8.057090E+1 4.420560E+1 7.755000E+0
 1.465500E+3 2.796930E+2 4.842920E+2 1.026030E+2 6.516680E+1 1.283480E+1
 1.719340E+3 3.320390E+2 5.972170E+2 1.255510E+2 9.103570E+1 1.929300E+1
 2.181560E+3 3.998660E+2 7.729980E+2 1.539680E+2 1.258060E+2 2.732530E+1
 2.888110E+3 4.858510E+2 1.029090E+3 1.892760E+2 1.732580E+2 3.714220E+1
 6.198380E+0 6.688350E-1 2.944440E-1 8.251180E-4 1.478740E-2 4.760650E-6
 9.174960E+0 1.250940E+0 4.236970E-1 1.871820E-3 1.764650E-2 8.999300E-6
 1.310330E+1 2.236360E+0 6.504760E-1 4.510150E-3 2.278140E-2 1.839990E-5
 1.900930E+1 3.759350E+0 1.052480E+0 1.139820E-2 3.180380E-2 4.063330E-5
 2.641050E+1 5.722130E+0 1.765260E+0 2.959790E-2 4.789220E-2 9.672690E-5
 3.678950E+1 8.351500E+0 2.999760E+0 7.661270E-2 7.720840E-2 2.461070E-4
 4.986350E+1 1.148700E+1 5.066310E+0 1.932610E-1 1.317220E-1 6.610260E-4
 6.872490E+1 1.600300E+1 8.490610E+0 4.760590E-1 2.345760E-1 1.846340E-3
 9.445040E+1 2.161660E+1 1.414730E+1 1.124740E+0 4.290560E-1 5.264070E-3
 1.308370E+2 2.971860E+1 2.324400E+1 2.516070E+0 7.928960E-1 1.502910E-2
 1.765310E+2 4.024310E+1 3.688540E+1 5.163700E+0 1.466210E+0 4.231820E-2
 2.362270E+2 5.382510E+1 5.627720E+1 9.601210E+0 2.704370E+0 1.165620E-1
 3.150190E+2 7.140860E+1 8.269630E+1 1.620750E+1 4.915630E+0 3.077450E-1
 4.141880E+2 9.303620E+1 1.175290E+2 2.513800E+1 8.663970E+0 7.593640E-1
 5.355670E+2 1.183300E+2 1.624330E+2 3.619190E+1 1.460350E+1 1.708030E+0
 7.019360E+2 1.486180E+2 2.195780E+2 4.937610E+1 2.329350E+1 3.438550E+0
 9.042990E+2 1.846180E+2 2.932330E+2 6.516240E+1 3.594520E+1 6.318720E+0
 1.134540E+3 2.249000E+2 3.825290E+2 8.270350E+1 5.274280E+1 1.041820E+1
 1.445320E+3 2.719200E+2 4.985080E+2 1.027150E+2 7.470630E+1 1.574760E+1
 1.839360E+3 3.273030E+2 6.435590E+2 1.259230E+2 1.029690E+2 2.229020E+1
 2.406610E+3 3.945470E+2 8.484560E+2 1.536480E+2 1.409940E+2 3.011970E+1
 6.094840E+0 6.480000E-1 3.271310E-1 9.159050E-4 2.002910E-2 6.445570E-6
 9.058220E+0 1.280940E+0 4.478750E-1 1.978280E-3 2.181870E-2 1.112640E-5
 1.302980E+1 2.232450E+0 6.562080E-1 4.556310E-3 2.628120E-2 2.122410E-5
 1.827020E+1 3.655440E+0 1.021430E+0 1.106770E-2 3.450980E-2 4.409710E-5
 2.555150E+1 5.620830E+0 1.669320E+0 2.805600E-2 4.916540E-2 9.929790E-5
 3.450120E+1 7.890450E+0 2.800600E+0 7.197880E-2 7.551800E-2 2.406880E-4
 4.713590E+1 1.088650E+1 4.716960E+0 1.812540E-1 1.237740E-1 6.212290E-4
 6.375630E+1 1.467020E+1 7.829690E+0 4.389690E-1 2.135570E-1 1.681400E-3
 8.657500E+1 1.983490E+1 1.280740E+1 1.020090E+0 3.824710E-1 4.694420E-3
 1.169750E+2 2.646780E+1 2.058160E+1 2.226180E+0 6.998240E-1 1.327170E-2
 1.580160E+2 3.538320E+1 3.228910E+1 4.502120E+0 1.285550E+0 3.715210E-2
 2.087740E+2 4.683780E+1 4.876610E+1 8.268730E+0 2.338970E+0 1.009040E-1
 2.762450E+2 6.092720E+1 7.087430E+1 1.374600E+1 4.192840E+0 2.623370E-1
 3.573550E+2 7.878620E+1 1.000100E+2 2.121820E+1 7.312170E+0 6.399080E-1
 4.622390E+2 1.000600E+2 1.374480E+2 3.050840E+1 1.222440E+1 1.429350E+0
 5.974510E+2 1.239120E+2 1.841110E+2 4.117350E+1 1.952590E+1 2.881860E+0
 7.667200E+2 1.535530E+2 2.458800E+2 5.411490E+1 2.977050E+1 5.226790E+0
 9.495530E+2 1.856890E+2 3.178070E+2 6.821890E+1 4.347430E+1 8.562050E+0
 1.190340E+3 2.236620E+2 4.103600E+2 8.447260E+1 6.136700E+1 1.291970E+1
 1.562540E+3 2.678860E+2 5.371990E+2 1.029970E+2 8.446510E+1 1.819670E+1
 1.991880E+3 3.205970E+2 6.962350E+2 1.248110E+2 1.147920E+2 2.444450E+1
 6.267210E+0 6.722060E-1 3.657980E-1 1.023360E-3 3.096730E-2 9.959810E-6
 9.016100E+0 1.267140E+0 4.810150E-1 2.124490E-3 2.796760E-2 1.425910E-5
 1.291260E+1 2.232500E+0 6.761260E-1 4.690280E-3 3.094550E-2 2.498610E-5
 1.792100E+1 3.614540E+0 1.014720E+0 1.100060E-2 3.822860E-2 4.885040E-5
 2.461100E+1 5.425920E+0 1.608400E+0 2.703260E-2 5.173530E-2 1.044920E-4
 3.379710E+1 7.774120E+0 2.645450E+0 6.799080E-2 7.599980E-2 2.422690E-4
 4.515760E+1 1.045450E+1 4.422710E+0 1.708430E-1 1.199920E-1 6.022880E-4
 6.048310E+1 1.386160E+1 7.335230E+0 4.130260E-1 2.008930E-1 1.581850E-3
 8.105700E+1 1.840570E+1 1.190370E+1 9.487730E-1 3.513390E-1 4.313950E-3
 1.083310E+2 2.426500E+1 1.882200E+1 2.032050E+0 6.322110E-1 1.199490E-2
 1.442370E+2 3.224450E+1 2.918360E+1 4.067790E+0 1.151440E+0 3.330670E-2
 1.899250E+2 4.190540E+1 4.349790E+1 7.361550E+0 2.085110E+0 9.009250E-2
 2.470370E+2 5.439740E+1 6.290870E+1 1.221210E+1 3.705070E+0 2.321640E-1
 3.199750E+2 6.957130E+1 8.830400E+1 1.867440E+1 6.395810E+0 5.604830E-1
 4.139010E+2 8.734380E+1 1.205470E+2 2.654440E+1 1.062130E+1 1.241590E+0
 5.314130E+2 1.083970E+2 1.621350E+2 3.590660E+1 1.684670E+1 2.485360E+0
 6.828690E+2 1.322870E+2 2.139770E+2 4.651650E+1 2.556080E+1 4.479480E+0
 8.933650E+2 1.619930E+2 2.866100E+2 5.927860E+1 3.757640E+1 7.372580E+0
 1.113680E+3 1.934500E+2 3.684010E+2 7.285990E+1 5.288800E+1 1.106780E+1
 1.318600E+3 2.272610E+2 4.556340E+2 8.737420E+1 7.165890E+1 1.543020E+1
 1.720910E+3 2.712040E+2 5.952780E+2 1.055540E+2 9.723830E+1 2.065810E+1
 6.474250E+0 6.859230E-1 4.224280E-1 1.182380E-3 0.000000E+6 0.000000E+6
 9.176220E+0 1.272120E+0 5.315720E-1 2.345930E-3 4.552630E-2 2.320270E-5
 1.290960E+1 2.188260E+0 7.161940E-1 4.968380E-3 3.979950E-2 3.213150E-5
 1.769120E+1 3.509020E+0 1.030480E+0 1.117580E-2 4.461430E-2 5.700040E-5
 2.415220E+1 5.236290E+0 1.575200E+0 2.648790E-2 5.648490E-2 1.140870E-4
 3.251280E+1 7.492800E+0 2.518550E+0 6.484260E-2 7.863620E-2 2.506800E-4
 4.335180E+1 9.960180E+0 4.133030E+0 1.599690E-1 1.187400E-1 5.960600E-4
 5.767130E+1 1.311260E+1 6.803460E+0 3.853560E-1 1.917120E-1 1.509460E-3
 7.620790E+1 1.723430E+1 1.098280E+1 8.764160E-1 3.259420E-1 4.002890E-3
 9.966520E+1 2.229890E+1 1.724770E+1 1.860730E+0 5.736630E-1 1.088630E-2
 1.316510E+2 2.883860E+1 2.630940E+1 3.648880E+0 1.028210E+0 2.975370E-2
 1.729550E+2 3.751380E+1 3.882690E+1 6.562170E+0 1.845250E+0 7.979550E-2
 2.210080E+2 4.801360E+1 5.560610E+1 1.075510E+1 3.257980E+0 2.044440E-1
 2.853020E+2 6.077630E+1 7.731540E+1 1.625700E+1 5.576510E+0 4.889170E-1
 3.615500E+2 7.586910E+1 1.050870E+2 2.302260E+1 9.187250E+0 1.073700E+0
 4.653340E+2 9.339590E+1 1.404720E+2 3.090980E+1 1.450390E+1 2.137440E+0
 6.019730E+2 1.137380E+2 1.856410E+2 3.994130E+1 2.188440E+1 3.835500E+0
 7.220440E+2 1.351460E+2 2.362930E+2 4.956730E+1 3.160510E+1 6.209360E+0
 9.017310E+2 1.616230E+2 3.034430E+2 6.097280E+1 4.438390E+1 9.300120E+0
 1.184280E+3 1.929550E+2 3.973830E+2 7.409400E+1 6.089780E+1 1.304510E+1
 1.473390E+3 2.280680E+2 5.051840E+2 8.874300E+1 8.189030E+1 1.735890E+1
 6.825990E+0 7.083300E-1 5.271360E-1 1.472740E-3 0.000000E+6 0.000000E+6
 9.667420E+0 1.305430E+0 6.243490E-1 2.753370E-3 0.000000E+6 0.000000E+6
 1.307930E+1 2.225460E+0 7.953190E-1 5.516910E-3 9.153760E-2 7.384680E-5
 1.769290E+1 3.518990E+0 1.085050E+0 1.176810E-2 6.112320E-2 7.809420E-5
 2.362710E+1 5.160050E+0 1.579270E+0 2.657120E-2 6.721530E-2 1.357630E-4
 3.146460E+1 7.142740E+0 2.423550E+0 6.244510E-2 8.585230E-2 2.737300E-4
 4.160340E+1 9.617820E+0 3.851390E+0 1.491730E-1 1.214730E-1 6.098410E-4
 5.433630E+1 1.225540E+1 6.208790E+0 3.526260E-1 1.863340E-1 1.467390E-3
 7.107580E+1 1.583220E+1 9.934800E+0 7.966200E-1 3.042670E-1 3.737420E-3
 9.251870E+1 2.025800E+1 1.550320E+1 1.679770E+0 5.190770E-1 9.856180E-3
 1.190970E+2 2.591660E+1 2.336460E+1 3.242560E+0 9.085140E-1 2.630110E-2
 1.533900E+2 3.274460E+1 3.409140E+1 5.726380E+0 1.601340E+0 6.927160E-2
 1.944980E+2 4.149790E+1 4.822110E+1 9.276140E+0 2.799480E+0 1.759660E-1
 2.480220E+2 5.197900E+1 6.645790E+1 1.389790E+1 4.760240E+0 4.182550E-1
 3.135280E+2 6.420860E+1 8.946580E+1 1.945490E+1 7.758680E+0 9.073210E-1
 4.092110E+2 7.839110E+1 1.177280E+2 2.582610E+1 1.212480E+1 1.785680E+0
 5.242970E+2 9.557550E+1 1.578840E+2 3.347740E+1 1.828450E+1 3.198770E+0
 6.491410E+2 1.137220E+2 2.034500E+2 4.156960E+1 2.636110E+1 5.164670E+0
 7.757770E+2 1.334490E+2 2.552010E+2 5.026970E+1 3.659580E+1 7.648710E+0
 9.716000E+2 1.573870E+2 3.250990E+2 6.044210E+1 4.984520E+1 1.064440E+1
 1.221770E+3 1.859840E+2 4.152440E+2 7.235460E+1 6.685800E+1 1.414900E+1
 7.639850E+0 7.974800E-1 7.251880E-1 2.023660E-3 0.000000E+6 0.000000E+6
 1.015630E+1 1.379250E+0 7.788410E-1 3.431810E-3 0.000000E+6 0.000000E+6
 1.358020E+1 2.262050E+0 9.241740E-1 6.404650E-3 0.000000E+6 0.000000E+6
 1.809180E+1 3.545770E+0 1.187390E+0 1.287590E-2 0.000000E+6 0.000000E+6
 2.375680E+1 5.112970E+0 1.640190E+0 2.758540E-2 9.647000E-2 1.948270E-4
 3.095830E+1 7.028540E+0 2.402660E+0 6.193960E-2 1.019270E-1 3.249850E-4
 4.015020E+1 9.029430E+0 3.675090E+0 1.425840E-1 1.309400E-1 6.573500E-4
 5.158790E+1 1.167840E+1 5.750200E+0 3.269410E-1 1.879220E-1 1.479990E-3
 6.683880E+1 1.474770E+1 9.013540E+0 7.265420E-1 2.920140E-1 3.586850E-3
 8.481290E+1 1.831750E+1 1.387410E+1 1.509850E+0 4.798420E-1 9.111060E-3
 1.089400E+2 2.315320E+1 2.073370E+1 2.885720E+0 8.161090E-1 2.363140E-2
 1.392030E+2 2.899770E+1 2.994720E+1 5.030130E+0 1.407740E+0 6.092320E-2
 1.740860E+2 3.616950E+1 4.194010E+1 8.036220E+0 2.416020E+0 1.518440E-1
 2.208260E+2 4.468920E+1 5.726830E+1 1.189730E+1 4.055630E+0 3.563820E-1
 2.725400E+2 5.443320E+1 7.635690E+1 1.646710E+1 6.569440E+0 7.688880E-1
 3.401070E+2 6.580190E+1 1.002980E+2 2.173320E+1 1.021560E+1 1.504680E+0
 4.451710E+2 7.967730E+1 1.323390E+2 2.789350E+1 1.524990E+1 2.666970E+0
 5.490870E+2 9.431000E+1 1.698310E+2 3.445870E+1 2.186530E+1 4.280980E+0
 6.716670E+2 1.102350E+2 2.143060E+2 4.147780E+1 3.022780E+1 6.305940E+0
 8.278940E+2 1.300010E+2 2.724080E+2 4.988950E+1 4.114710E+1 8.773560E+0
 1.015640E+3 1.520260E+2 3.421580E+2 5.913560E+1 5.473530E+1 1.156580E+1
 8.476120E+0 8.982760E-1 1.210410E+0 3.364650E-3 0.000000E+6 0.000000E+6
 1.117190E+1 1.535870E+0 1.017270E+0 4.480560E-3 0.000000E+6 0.000000E+6
 1.457750E+1 2.432130E+0 1.100320E+0 7.621690E-3 0.000000E+6 0.000000E+6
 1.880050E+1 3.639950E+0 1.328220E+0 1.439590E-2 0.000000E+6 0.000000E+6
 2.434390E+1 5.201220E+0 1.741490E+0 2.930340E-2 0.000000E+6 0.000000E+6
 3.088260E+1 6.834240E+0 2.443000E+0 6.293020E-2 1.398010E-1 4.457560E-4
 3.920970E+1 8.765860E+0 3.608210E+0 1.400070E-1 1.489610E-1 7.478670E-4
 5.018430E+1 1.107890E+1 5.485890E+0 3.119870E-1 1.967040E-1 1.549260E-3
 6.385880E+1 1.389500E+1 8.411710E+0 6.781180E-1 2.897410E-1 3.559030E-3
 8.068420E+1 1.710650E+1 1.275530E+1 1.391480E+0 4.583810E-1 8.704310E-3
 1.016420E+2 2.116040E+1 1.884890E+1 2.630160E+0 7.582440E-1 2.196090E-2
 1.279710E+2 2.623020E+1 2.697340E+1 4.541430E+0 1.280940E+0 5.545560E-2
 1.593790E+2 3.239620E+1 3.753040E+1 7.192580E+0 2.164650E+0 1.361100E-1
 1.990630E+2 3.957040E+1 5.080080E+1 1.052020E+1 3.590040E+0 3.155280E-1
 2.455890E+2 4.799070E+1 6.742390E+1 1.448820E+1 5.764220E+0 6.750210E-1
 3.099290E+2 5.757850E+1 8.826460E+1 1.898370E+1 8.901110E+0 1.312180E+0
 3.726830E+2 6.805710E+1 1.132380E+2 2.387840E+1 1.315240E+1 2.296830E+0
 4.714430E+2 8.054310E+1 1.453120E+2 2.944520E+1 1.876340E+1 3.674660E+0
 5.897740E+2 9.508550E+1 1.862390E+2 3.576060E+1 2.604650E+1 5.428450E+0
 7.200970E+2 1.110590E+2 2.341630E+2 4.261130E+1 3.517200E+1 7.493310E+0
 8.797320E+2 1.295280E+2 2.932280E+2 5.037800E+1 4.664900E+1 9.851310E+0
 9.662570E+0 1.078950E+0 0.000000E+6 0.000000E+6 0.000000E+6 0.000000E+6
 1.270020E+1 1.775450E+0 1.903740E+0 8.310950E-3 0.000000E+6 0.000000E+6
 1.612120E+1 2.758380E+0 1.456940E+0 1.008130E-2 0.000000E+6 0.000000E+6
 2.024030E+1 3.956190E+0 1.575460E+0 1.707460E-2 0.000000E+6 0.000000E+6
 2.540690E+1 5.437370E+0 1.926730E+0 3.242050E-2 0.000000E+6 0.000000E+6
 3.179910E+1 7.058630E+0 2.559200E+0 6.594680E-2 0.000000E+6 0.000000E+6
 3.965230E+1 8.823420E+0 3.621510E+0 1.405170E-1 2.102980E-1 1.055910E-3
 4.959910E+1 1.088950E+1 5.319030E+0 3.027270E-1 2.208810E-1 1.739800E-3
 6.180680E+1 1.314340E+1 7.935470E+0 6.389240E-1 2.979240E-1 3.659420E-3
 7.705730E+1 1.606970E+1 1.179140E+1 1.285640E+0 4.471110E-1 8.490580E-3
 9.607420E+1 1.954730E+1 1.716720E+1 2.400290E+0 7.135260E-1 2.066670E-2
 1.190130E+2 2.386540E+1 2.433700E+1 4.104450E+0 1.174840E+0 5.086100E-2
 1.471510E+2 2.906470E+1 3.351360E+1 6.427100E+0 1.947570E+0 1.224770E-1
 1.827210E+2 3.516930E+1 4.505280E+1 9.318090E+0 3.184830E+0 2.799510E-1
 2.251770E+2 4.219220E+1 5.943120E+1 1.270510E+1 5.057370E+0 5.924390E-1
 2.720160E+2 5.009460E+1 7.699370E+1 1.651150E+1 7.744210E+0 1.142110E+0
 3.464360E+2 5.951080E+1 9.964670E+1 2.081140E+1 1.139540E+1 1.993170E+0
 4.215060E+2 6.962900E+1 1.266010E+2 2.541950E+1 1.615770E+1 3.163800E+0
 5.142760E+2 8.128980E+1 1.600400E+2 3.056190E+1 2.227230E+1 4.638900E+0
 6.262860E+2 9.455800E+1 2.006050E+2 3.627060E+1 2.995810E+1 6.377460E+0
 7.598220E+2 1.098640E+2 2.504810E+2 4.272110E+1 3.959590E+1 8.352250E+0
 1.192050E+1 1.356250E+0 0.000000E+6 0.000000E+6 0.000000E+6 0.000000E+6
 1.464370E+1 2.164600E+0 0.000000E+6 0.000000E+6 0.000000E+6 0.000000E+6
 1.797950E+1 3.238360E+0 0.000000E+6 0.000000E+6 0.000000E+6 0.000000E+6
 2.295350E+1 4.545410E+0 2.294590E+0 2.482520E-2 0.000000E+6 0.000000E+6
 2.784870E+1 6.013430E+0 2.358090E+0 3.959960E-2 0.000000E+6 0.000000E+6
 3.378120E+1 7.534200E+0 2.858520E+0 7.375130E-2 0.000000E+6 0.000000E+6
 4.109040E+1 9.127200E+0 3.776770E+0 1.466710E-1 0.000000E+6 0.000000E+6
 5.002180E+1 1.085240E+1 5.284900E+0 3.012160E-1 4.385990E-1 3.455850E-3
 6.090760E+1 1.273510E+1 7.586800E+0 6.120370E-1 3.417240E-1 4.198500E-3
 7.428540E+1 1.509980E+1 1.093030E+1 1.192820E+0 4.551030E-1 8.642670E-3
 9.087230E+1 1.795440E+1 1.557000E+1 2.174590E+0 6.823120E-1 1.976220E-2
 1.107860E+2 2.154110E+1 2.169620E+1 3.663660E+0 1.079500E+0 4.674290E-2
 1.350900E+2 2.580050E+1 2.948430E+1 5.660810E+0 1.739800E+0 1.095010E-1
 1.636390E+2 3.056440E+1 3.906640E+1 8.108980E+0 2.789300E+0 2.452990E-1
 1.996130E+2 3.642810E+1 5.120590E+1 1.094020E+1 4.362340E+0 5.110490E-1
 2.435190E+2 4.286980E+1 6.588080E+1 1.408710E+1 6.601100E+0 9.735530E-1
 2.963470E+2 5.009070E+1 8.397410E+1 1.751780E+1 9.614810E+0 1.681710E+0
 3.625430E+2 5.848110E+1 1.067180E+2 2.133390E+1 1.354940E+1 2.652200E+0
 4.383660E+2 6.771490E+1 1.337770E+2 2.544540E+1 1.853570E+1 3.861660E+0
 5.301280E+2 7.830810E+1 1.670080E+2 3.002530E+1 2.479720E+1 5.276900E+0
 6.402500E+2 9.042420E+1 2.075840E+2 3.515300E+1 3.261630E+1 6.871940E+0
 1.460800E+1 1.702570E+0 0.000000E+6 0.000000E+6 0.000000E+6 0.000000E+6
 1.780300E+1 2.670600E+0 0.000000E+6 0.000000E+6 0.000000E+6 0.000000E+6
 2.127200E+1 3.877690E+0 0.000000E+6 0.000000E+6 0.000000E+6 0.000000E+6
 2.513100E+1 5.216470E+0 0.000000E+6 0.000000E+6 0.000000E+6 0.000000E+6
 3.087920E+1 6.626180E+0 3.912290E+0 6.560030E-2 0.000000E+6 0.000000E+6
 3.626970E+1 7.993150E+0 3.561560E+0 9.186100E-2 0.000000E+6 0.000000E+6
 4.278540E+1 9.375670E+0 4.205390E+0 1.631810E-1 0.000000E+6 0.000000E+6
 5.067680E+1 1.078070E+1 5.475320E+0 3.121900E-1 0.000000E+6 0.000000E+6
 6.033850E+1 1.237740E+1 7.472830E+0 6.031130E-1 0.000000E+6 0.000000E+6
 7.203840E+1 1.428160E+1 1.039800E+1 1.136080E+0 5.394460E-1 1.024550E-2
 8.650720E+1 1.663320E+1 1.439010E+1 2.011620E+0 6.887460E-1 1.995180E-2
 1.034410E+2 1.950050E+1 1.962630E+1 3.312020E+0 1.020520E+0 4.417690E-2
 1.242650E+2 2.298990E+1 2.622070E+1 5.029630E+0 1.583870E+0 9.964800E-2
 1.476540E+2 2.702530E+1 3.440400E+1 7.110500E+0 2.474630E+0 2.176780E-1
 1.784630E+2 3.159380E+1 4.439470E+1 9.472380E+0 3.800740E+0 4.454440E-1
 2.164010E+2 3.682730E+1 5.668020E+1 1.207720E+1 5.673360E+0 8.368540E-1
 2.561400E+2 4.258590E+1 7.149020E+1 1.488030E+1 8.170470E+0 1.429260E+0
 3.121510E+2 4.925090E+1 9.007510E+1 1.795660E+1 1.141270E+1 2.233690E+0
 3.742930E+2 5.658520E+1 1.121950E+2 2.125030E+1 1.549540E+1 3.226750E+0
 4.558180E+2 6.525130E+1 1.401130E+2 2.500450E+1 2.064520E+1 4.390700E+0
 5.468050E+2 7.484720E+1 1.729340E+2 2.908460E+1 2.696980E+1 5.681530E+0
 1.747950E+1 2.073420E+0 0.000000E+6 0.000000E+6 0.000000E+6 0.000000E+6
 2.098150E+1 3.180880E+0 0.000000E+6 0.000000E+6 0.000000E+6 0.000000E+6
 2.446360E+1 4.484470E+0 0.000000E+6 0.000000E+6 0.000000E+6 0.000000E+6
 2.821650E+1 5.869350E+0 0.000000E+6 0.000000E+6 0.000000E+6 0.000000E+6
 3.220630E+1 7.233770E+0 0.000000E+6 0.000000E+6 0.000000E+6 0.000000E+6
 3.879370E+1 8.513770E+0 6.310580E+0 1.622560E-1 0.000000E+6 0.000000E+6
 4.463960E+1 9.649200E+0 5.096390E+0 1.977270E-1 0.000000E+6 0.000000E+6
 5.164900E+1 1.084410E+1 5.951320E+0 3.392870E-1 0.000000E+6 0.000000E+6
 6.013530E+1 1.213110E+1 7.643590E+0 6.175770E-1 0.000000E+6 0.000000E+6
 7.050670E+1 1.370810E+1 1.021010E+1 1.115560E+0 0.000000E+6 0.000000E+6
 8.304510E+1 1.564490E+1 1.373370E+1 1.919040E+0 8.145060E-1 2.359260E-2
 9.833400E+1 1.809940E+1 1.832390E+1 3.088360E+0 1.017120E+0 4.403960E-2
 1.157670E+2 2.104590E+1 2.407660E+1 4.612060E+0 1.494890E+0 9.405380E-2
 1.377950E+2 2.445750E+1 3.118450E+1 6.434740E+0 2.268790E+0 1.995860E-1
 1.616450E+2 2.827730E+1 3.979960E+1 8.476200E+0 3.420490E+0 4.009710E-1
 1.932050E+2 3.260520E+1 5.024390E+1 1.069580E+1 5.039150E+0 7.434210E-1
 2.317930E+2 3.747980E+1 6.307200E+1 1.308350E+1 7.188910E+0 1.257230E+0
 2.772580E+2 4.295020E+1 7.871890E+1 1.565390E+1 9.950510E+0 1.946670E+0
 3.293910E+2 4.904590E+1 9.747230E+1 1.841790E+1 1.342120E+1 2.793990E+0
 3.932340E+2 5.603460E+1 1.202790E+2 2.147450E+1 1.774380E+1 3.772610E+0
 4.733740E+2 6.417390E+1 1.487410E+2 2.493360E+1 2.313270E+1 4.867590E+0
---