PdfType: central
Format: lhagrid1
---
 1.000000E-6 1.700000E-6 3.200000E-6 6.000000E-6 1.000000E-5 1.700000E-5 3.200000E-5 6.000000E-5 1.000000E-4 1.700000E-4 3.200000E-4 6.000000E-4 1.000000E-3 1.700000E-3 3.200000E-3 6.000000E-3 1.000000E-2 1.700000E-2 3.200000E-2 6.000000E-2 1.000000E-1
 3.162278E-1 3.981068E-1 5.011876E-1 6.309572E-1 7.943280E-1 1.000000E+0 1.258924E+0 1.584894E+0 1.995262E+0 2.511886E+0 3.162278E+0 3.981068E+0 5.011876E+0 6.309572E+0 7.943280E+0 1.000000E+1 1.258924E+1 1.584894E+1 1.995262E+1 2.511886E+1 3.162278E+1
900 901 917 918 920 921
 2.158610E+1 1.395020E+0 1.253270E+0 3.286970E-3 2.499070E-2 8.033830E-6
 3.261860E+1 2.880610E+0 2.128830E+0 8.823100E-3 4.505850E-2 2.292160E-5
 4.833250E+1 5.192440E+0 3.636310E+0 2.377870E-2 8.110450E-2 6.523410E-5
 7.136410E+1 9.024980E+0 6.238290E+0 6.396580E-2 1.453540E-1 1.845430E-4
 1.043330E+2 1.520760E+1 1.057280E+1 1.681460E-1 2.586640E-1 5.167070E-4
 1.491280E+2 2.344600E+1 1.771620E+1 4.292040E-1 4.592350E-1 1.446080E-3
 2.113590E+2 3.552480E+1 2.894830E+1 1.053260E+0 8.138990E-1 4.036650E-3
 2.986410E+2 5.361420E+1 4.643340E+1 2.502010E+0 1.438400E+0 1.119780E-2
 4.122140E+2 7.920200E+1 7.224580E+1 5.573640E+0 2.516560E+0 3.051790E-2
 5.532570E+2 1.126460E+2 1.073730E+2 1.132840E+1 4.362400E+0 8.186990E-2
 7.296750E+2 1.570800E+2 1.534330E+2 2.111680E+1 7.407430E+0 2.116340E-1
 9.350450E+2 2.115810E+2 2.095820E+2 3.566530E+1 1.230220E+1 5.259960E-1
 1.168210E+3 2.772000E+2 2.748930E+2 5.480630E+1 1.968060E+1 1.227070E+0
 1.426570E+3 3.468180E+2 3.481840E+2 7.683700E+1 3.017460E+1 2.641410E+0
 1.712120E+3 4.170430E+2 4.275620E+2 9.997650E+1 4.393960E+1 5.144820E+0
 1.995920E+3 4.800710E+2 5.103400E+2 1.216280E+2 6.097440E+1 9.032340E+0
 2.311220E+3 5.336680E+2 5.984640E+2 1.404510E+2 8.036180E+1 1.419490E+1
 2.634120E+3 5.791180E+2 6.890160E+2 1.564010E+2 1.014390E+2 2.017620E+1
 2.964660E+3 6.144390E+2 7.833280E+2 1.689270E+2 1.235040E+2 2.629070E+1
 3.282090E+3 6.418760E+2 8.741230E+2 1.786600E+2 1.463470E+2 3.196320E+1
 3.784980E+3 6.696210E+2 1.006870E+3 1.878370E+2 1.721370E+2 3.700630E+1
 2.068370E+1 1.415370E+0 1.132920E+0 3.005410E-3 2.149870E-2 6.914480E-6
 3.113220E+1 2.776140E+0 1.914570E+0 7.966330E-3 3.878410E-2 1.974690E-5
 4.625070E+1 5.205300E+0 3.270430E+0 2.144770E-2 6.987890E-2 5.625870E-5
 6.729390E+1 8.979310E+0 5.581940E+0 5.749580E-2 1.255750E-1 1.597430E-4
 9.804450E+1 1.458840E+1 9.487750E+0 1.515000E-1 2.243710E-1 4.498240E-4
 1.402680E+2 2.318570E+1 1.592610E+1 3.895430E-1 3.982790E-1 1.255560E-3
 1.976650E+2 3.478670E+1 2.612190E+1 9.600580E-1 7.058440E-1 3.501480E-3
 2.759840E+2 5.067840E+1 4.178020E+1 2.259510E+0 1.246470E+0 9.705360E-3
 3.772120E+2 7.306620E+1 6.472540E+1 5.006080E+0 2.184460E+0 2.653500E-2
 5.028490E+2 1.024030E+2 9.617670E+1 1.016730E+1 3.786850E+0 7.108510E-2
 6.649600E+2 1.439500E+2 1.377240E+2 1.907500E+1 6.446690E+0 1.848480E-1
 8.499860E+2 1.934820E+2 1.880470E+2 3.213470E+1 1.067910E+1 4.576960E-1
 1.052090E+3 2.496730E+2 2.454200E+2 4.893170E+1 1.712010E+1 1.067890E+0
 1.282900E+3 3.097470E+2 3.097150E+2 6.821930E+1 2.623240E+1 2.294520E+0
 1.530560E+3 3.690040E+2 3.796550E+2 8.820240E+1 3.827920E+1 4.481190E+0
 1.782510E+3 4.219930E+2 4.520630E+2 1.067110E+2 5.298330E+1 7.848170E+0
 2.064630E+3 4.671640E+2 5.291000E+2 1.227320E+2 6.967410E+1 1.230030E+1
 2.324370E+3 5.034010E+2 6.044080E+2 1.358460E+2 8.789650E+1 1.744930E+1
 2.589520E+3 5.339990E+2 6.822540E+2 1.467620E+2 1.070960E+2 2.276620E+1
 2.862320E+3 5.553960E+2 7.605490E+2 1.545440E+2 1.265550E+2 2.757660E+1
 3.317930E+3 5.767900E+2 8.777560E+2 1.617620E+2 1.485710E+2 3.183880E+1
 1.959100E+1 1.376900E+0 1.000670E+0 2.698680E-3 1.796120E-2 5.778050E-6
 2.943130E+1 2.734390E+0 1.692790E+0 7.077160E-3 3.242000E-2 1.651290E-5
 4.329710E+1 5.037620E+0 2.877010E+0 1.893940E-2 5.844890E-2 4.710720E-5
 6.283430E+1 8.627720E+0 4.888700E+0 5.046320E-2 1.052020E-1 1.339970E-4
 9.062200E+1 1.408280E+1 8.304150E+0 1.330430E-1 1.886800E-1 3.793080E-4
 1.287330E+2 2.194100E+1 1.391580E+1 3.425120E-1 3.359660E-1 1.062180E-3
 1.812530E+2 3.259070E+1 2.295280E+1 8.476970E-1 5.950890E-1 2.955030E-3
 2.511710E+2 4.709420E+1 3.673340E+1 2.004170E+0 1.050940E+0 8.191820E-3
 3.419130E+2 6.689390E+1 5.693890E+1 4.422190E+0 1.841690E+0 2.239080E-2
 4.530680E+2 9.369870E+1 8.447530E+1 9.003860E+0 3.196040E+0 6.007370E-2
 5.934070E+2 1.289450E+2 1.207300E+2 1.676170E+1 5.438160E+0 1.559880E-1
 7.523420E+2 1.705150E+2 1.639490E+2 2.804640E+1 9.028440E+0 3.879060E-1
 9.355280E+2 2.195880E+2 2.143920E+2 4.266020E+1 1.443790E+1 9.019970E-1
 1.126190E+3 2.691140E+2 2.690110E+2 5.895900E+1 2.214860E+1 1.939730E+0
 1.337750E+3 3.170710E+2 3.283730E+2 7.549170E+1 3.227890E+1 3.773340E+0
 1.551650E+3 3.606650E+2 3.901320E+2 9.098640E+1 4.475830E+1 6.623640E+0
 1.784370E+3 3.965440E+2 4.542530E+2 1.040300E+2 5.885540E+1 1.036250E+1
 1.999940E+3 4.254200E+2 5.165040E+2 1.147000E+2 7.401860E+1 1.466270E+1
 2.364020E+3 4.577360E+2 6.105350E+2 1.255420E+2 9.159570E+1 1.929720E+1
 2.479850E+3 4.665450E+2 6.527720E+2 1.297460E+2 1.064990E+2 2.309300E+1
 2.823520E+3 4.829920E+2 7.430920E+2 1.354250E+2 1.245590E+2 2.662860E+1
 1.827200E+1 1.319980E+0 8.705920E-1 2.384390E-3 1.501920E-2 4.831640E-6
 2.764110E+1 2.647660E+0 1.490650E+0 6.320440E-3 2.711430E-2 1.381480E-5
 4.063220E+1 4.856600E+0 2.519900E+0 1.657850E-2 4.890390E-2 3.943640E-5
 5.876500E+1 8.347810E+0 4.287230E+0 4.435630E-2 8.808970E-2 1.123080E-4
 8.361500E+1 1.357170E+1 7.245350E+0 1.165220E-1 1.582920E-1 3.186690E-4
 1.187820E+2 2.078310E+1 1.217890E+1 3.004930E-1 2.830180E-1 8.976820E-4
 1.656490E+2 3.089410E+1 2.005070E+1 7.481520E-1 5.022000E-1 2.499660E-3
 2.286490E+2 4.397940E+1 3.219110E+1 1.763610E+0 8.852670E-1 6.901240E-3
 3.089690E+2 6.167880E+1 4.993250E+1 3.903210E+0 1.552770E+0 1.889420E-2
 4.078840E+2 8.541680E+1 7.424130E+1 7.943680E+0 2.697290E+0 5.075850E-2
 5.279760E+2 1.146530E+2 1.053720E+2 1.463480E+1 4.590630E+0 1.317750E-1
 6.710390E+2 1.512340E+2 1.430900E+2 2.443950E+1 7.605850E+0 3.267570E-1
 8.201120E+2 1.905960E+2 1.853350E+2 3.675330E+1 1.217690E+1 7.600140E-1
 9.921290E+2 2.334990E+2 2.329890E+2 5.085340E+1 1.869590E+1 1.639040E+0
 1.164880E+3 2.729740E+2 2.827700E+2 6.477790E+1 2.729140E+1 3.195390E+0
 1.346340E+3 3.077020E+2 3.344650E+2 7.746380E+1 3.775770E+1 5.590460E+0
 1.529900E+3 3.371590E+2 3.876850E+2 8.835240E+1 4.961770E+1 8.744400E+0
 1.727190E+3 3.599560E+2 4.420050E+2 9.694940E+1 6.240820E+1 1.234380E+1
 1.908150E+3 3.788160E+2 4.955760E+2 1.039810E+2 7.581480E+1 1.603070E+1
 2.221300E+3 3.966070E+2 5.742520E+2 1.101730E+2 9.069900E+1 1.950830E+1
 2.408390E+3 4.046030E+2 6.292710E+2 1.134210E+2 1.045300E+2 2.228250E+1
 1.762890E+1 1.316890E+0 7.694380E-1 2.121650E-3 1.298450E-2 4.177570E-6
 2.623520E+1 2.555840E+0 1.338960E+0 5.755830E-3 2.344250E-2 1.194590E-5
 3.808560E+1 4.739590E+0 2.270590E+0 1.507450E-2 4.229520E-2 3.411680E-5
 5.520310E+1 8.024400E+0 3.842100E+0 3.974430E-2 7.621190E-2 9.722690E-5
 7.822190E+1 1.283950E+1 6.481850E+0 1.044880E-1 1.370540E-1 2.761210E-4
 1.102130E+2 1.944610E+1 1.090140E+1 2.697250E-1 2.456200E-1 7.803040E-4
 1.541700E+2 2.918850E+1 1.798070E+1 6.715770E-1 4.369340E-1 2.179880E-3
 2.114250E+2 4.179380E+1 2.887340E+1 1.592120E+0 7.710610E-1 6.019050E-3
 2.841850E+2 5.667520E+1 4.465810E+1 3.491490E+0 1.351180E+0 1.645110E-2
 3.735400E+2 7.790780E+1 6.629050E+1 7.088270E+0 2.341290E+0 4.406620E-2
 4.793020E+2 1.042020E+2 9.407620E+1 1.309640E+1 3.993200E+0 1.147370E-1
 6.037330E+2 1.362480E+2 1.275030E+2 2.181840E+1 6.637050E+0 2.856680E-1
 7.387220E+2 1.706880E+2 1.649160E+2 3.265010E+1 1.060820E+1 6.633590E-1
 8.890660E+2 2.071030E+2 2.068950E+2 4.489640E+1 1.628490E+1 1.427420E+0
 1.035980E+3 2.404480E+2 2.499790E+2 5.691170E+1 2.374840E+1 2.778100E+0
 1.209830E+3 2.709120E+2 2.965640E+2 6.802110E+1 3.287910E+1 4.861880E+0
 1.383320E+3 2.955150E+2 3.446990E+2 7.728040E+1 4.318460E+1 7.594800E+0
 1.543780E+3 3.142780E+2 3.910340E+2 8.456010E+1 5.424680E+1 1.072610E+1
 1.705930E+3 3.292050E+2 4.389890E+2 9.029670E+1 6.597180E+1 1.389810E+1
 1.861130E+3 3.404290E+2 4.852560E+2 9.461370E+1 7.780620E+1 1.679280E+1
 2.110710E+3 3.502440E+2 5.489000E+2 9.816660E+1 9.054390E+1 1.927300E+1
 1.653870E+1 1.275690E+0 6.712170E-1 1.855430E-3 1.116070E-2 3.591140E-6
 2.470860E+1 2.482220E+0 1.182000E+0 5.129230E-3 2.015260E-2 1.027010E-5
 3.647670E+1 4.634060E+0 2.033290E+0 1.363870E-2 3.636570E-2 2.933800E-5
 5.191670E+1 7.761740E+0 3.429180E+0 3.556290E-2 6.554420E-2 8.365460E-5
 7.370410E+1 1.256810E+1 5.787240E+0 9.349920E-2 1.179320E-1 2.377810E-4
 1.027300E+2 1.879520E+1 9.688110E+0 2.409530E-1 2.115480E-1 6.725470E-4
 1.414560E+2 2.713780E+1 1.596480E+1 5.987710E-1 3.774430E-1 1.887080E-3
 1.936000E+2 3.826620E+1 2.567160E+1 1.418830E+0 6.671230E-1 5.217110E-3
 2.591540E+2 5.323120E+1 3.973190E+1 3.135100E+0 1.168570E+0 1.423580E-2
 3.386820E+2 7.156180E+1 5.896350E+1 6.347180E+0 2.025450E+0 3.815250E-2
 4.316940E+2 9.435360E+1 8.339460E+1 1.164170E+1 3.455920E+0 9.941030E-2
 5.410640E+2 1.215610E+2 1.128570E+2 1.929390E+1 5.737750E+0 2.469810E-1
 6.583500E+2 1.509390E+2 1.457740E+2 2.870550E+1 9.181300E+0 5.743060E-1
 7.867040E+2 1.817740E+2 1.814480E+2 3.928780E+1 1.408470E+1 1.234440E+0
 9.211410E+2 2.105890E+2 2.196310E+2 4.970470E+1 2.053840E+1 2.404330E+0
 1.054560E+3 2.351670E+2 2.584150E+2 5.898370E+1 2.839520E+1 4.194210E+0
 1.197900E+3 2.560330E+2 2.984830E+2 6.693730E+1 3.729930E+1 6.561820E+0
 1.336920E+3 2.721470E+2 3.392600E+2 7.319490E+1 4.689650E+1 9.254520E+0
 1.494280E+3 2.843900E+2 3.817290E+2 7.797150E+1 5.693110E+1 1.197690E+1
 1.700930E+3 2.958370E+2 4.350270E+2 8.214060E+1 6.775370E+1 1.452430E+1
 1.840210E+3 3.015220E+2 4.762680E+2 8.449660E+1 7.805210E+1 1.657750E+1
 1.561040E+1 1.248730E+0 5.691710E-1 1.580040E-3 9.315900E-3 2.997980E-6
 2.311650E+1 2.408880E+0 1.006760E+0 4.387810E-3 1.682490E-2 8.574370E-6
 3.327290E+1 4.330840E+0 1.761180E+0 1.199210E-2 3.035910E-2 2.449660E-5
 4.795850E+1 7.373480E+0 2.997170E+0 3.135750E-2 5.474290E-2 6.988270E-5
 6.797820E+1 1.184240E+1 5.033610E+0 8.130160E-2 9.853430E-2 1.987710E-4
 9.406130E+1 1.774050E+1 8.404700E+0 2.085170E-1 1.768890E-1 5.628910E-4
 1.284370E+2 2.547240E+1 1.381390E+1 5.196820E-1 3.161630E-1 1.582820E-3
 1.743280E+2 3.525770E+1 2.218950E+1 1.229330E+0 5.606260E-1 4.395790E-3
 2.319530E+2 4.798980E+1 3.443730E+1 2.724050E+0 9.826900E-1 1.198790E-2
 3.020000E+2 6.410690E+1 5.104870E+1 5.505910E+0 1.701350E+0 3.204940E-2
 3.825390E+2 8.350930E+1 7.214290E+1 1.008900E+1 2.904240E+0 8.359520E-2
 4.760250E+2 1.067620E+2 9.729650E+1 1.669010E+1 4.826020E+0 2.079460E-1
 5.764180E+2 1.313400E+2 1.254420E+2 2.474400E+1 7.731270E+0 4.843190E-1
 6.838840E+2 1.564860E+2 1.559920E+2 3.362710E+1 1.184370E+1 1.039270E+0
 7.951700E+2 1.799020E+2 1.878680E+2 4.233320E+1 1.729540E+1 2.027690E+0
 9.134810E+2 1.996890E+2 2.208900E+2 4.998960E+1 2.388880E+1 3.531500E+0
 1.027140E+3 2.162840E+2 2.541640E+2 5.647910E+1 3.134980E+1 5.513880E+0
 1.148630E+3 2.290820E+2 2.887040E+2 6.156450E+1 3.937640E+1 7.766120E+0
 1.326880E+3 2.410690E+2 3.326950E+2 6.599850E+1 4.816780E+1 1.008330E+1
 1.398220E+3 2.457680E+2 3.584360E+2 6.828130E+1 5.634140E+1 1.208910E+1
 1.558300E+3 2.517650E+2 4.004970E+2 7.054210E+1 6.519690E+1 1.383390E+1
 1.445460E+1 1.185770E+0 4.809220E-1 1.336550E-3 7.783680E-3 2.505050E-6
 2.155370E+1 2.322460E+0 8.544280E-1 3.737110E-3 1.405940E-2 7.166000E-6
 3.114570E+1 4.213830E+0 1.504770E+0 1.031020E-2 2.537490E-2 2.047630E-5
 4.444670E+1 7.073720E+0 2.605070E+0 2.765940E-2 4.575550E-2 5.842070E-5
 6.183420E+1 1.103560E+1 4.385940E+0 7.126730E-2 8.237710E-2 1.662360E-4
 8.582550E+1 1.660660E+1 7.311590E+0 1.820710E-1 1.479380E-1 4.710540E-4
 1.170220E+2 2.359190E+1 1.199700E+1 4.525760E-1 2.646370E-1 1.325880E-3
 1.570950E+2 3.245090E+1 1.924260E+1 1.070170E+0 4.702920E-1 3.693390E-3
 2.069730E+2 4.322620E+1 2.975400E+1 2.356560E+0 8.266630E-1 1.010840E-2
 2.675140E+2 5.661180E+1 4.410370E+1 4.771590E+0 1.432220E+0 2.702580E-2
 3.371930E+2 7.336980E+1 6.222970E+1 8.708880E+0 2.441060E+0 7.027930E-2
 4.157340E+2 9.219370E+1 8.348170E+1 1.427040E+1 4.055860E+0 1.748320E-1
 5.014990E+2 1.133100E+2 1.076420E+2 2.120340E+1 6.504360E+0 4.076640E-1
 5.915010E+2 1.335260E+2 1.331830E+2 2.857580E+1 9.974260E+0 8.757570E-1
 6.902430E+2 1.529920E+2 1.605200E+2 3.587110E+1 1.449800E+1 1.698120E+0
 7.874250E+2 1.691030E+2 1.880050E+2 4.223470E+1 2.004150E+1 2.961280E+0
 8.925110E+2 1.825680E+2 2.172650E+2 4.758080E+1 2.629840E+1 4.619080E+0
 9.932880E+2 1.930010E+2 2.460670E+2 5.181260E+1 3.308520E+1 6.515730E+0
 1.091160E+3 2.006340E+2 2.744550E+2 5.495120E+1 4.007030E+1 8.405580E+0
 1.197030E+3 2.061930E+2 3.040510E+2 5.724290E+1 4.717800E+1 1.011980E+1
 1.327050E+3 2.105870E+2 3.378140E+2 5.899220E+1 5.457830E+1 1.156180E+1
 1.362310E+1 1.130930E+0 4.188080E-1 1.166280E-3 6.725640E-3 2.164380E-6
 2.034670E+1 2.233210E+0 7.457670E-1 3.269150E-3 1.214870E-2 6.192800E-6
 2.914810E+1 4.056220E+0 1.316220E+0 9.037720E-3 2.193050E-2 1.769690E-5
 4.147390E+1 6.803620E+0 2.299820E+0 2.462630E-2 3.954770E-2 5.049220E-5
 5.799790E+1 1.038200E+1 3.913060E+0 6.410510E-2 7.120990E-2 1.437170E-4
 7.934450E+1 1.554400E+1 6.495440E+0 1.616680E-1 1.279080E-1 4.073970E-4
 1.080810E+2 2.193360E+1 1.064300E+1 3.999360E-1 2.288790E-1 1.147430E-3
 1.435010E+2 2.990340E+1 1.704230E+1 9.479500E-1 4.071040E-1 3.199260E-3
 1.872030E+2 3.929700E+1 2.632560E+1 2.088770E+0 7.170610E-1 8.781240E-3
 2.421410E+2 5.115520E+1 3.902950E+1 4.222570E+0 1.243670E+0 2.349840E-2
 3.043170E+2 6.578340E+1 5.501740E+1 7.703620E+0 2.119780E+0 6.104850E-2
 3.720010E+2 8.219050E+1 7.384200E+1 1.259900E+1 3.520310E+0 1.517280E-1
 4.471200E+2 9.974070E+1 9.475170E+1 1.856470E+1 5.640970E+0 3.535430E-1
 5.272290E+2 1.175410E+2 1.172750E+2 2.507230E+1 8.659770E+0 7.606460E-1
 6.102590E+2 1.338610E+2 1.408590E+2 3.132230E+1 1.258320E+1 1.473540E+0
 6.929950E+2 1.473170E+2 1.647380E+2 3.674780E+1 1.736070E+1 2.563350E+0
 7.876030E+2 1.586270E+2 1.896370E+2 4.131050E+1 2.277960E+1 4.000370E+0
 8.774580E+2 1.669780E+2 2.144080E+2 4.479360E+1 2.858710E+1 5.622420E+0
 9.712150E+2 1.738460E+2 2.406270E+2 4.758170E+1 3.466640E+1 7.265360E+0
 1.075220E+3 1.789360E+2 2.687130E+2 4.964450E+1 4.100410E+1 8.755870E+0
 1.159830E+3 1.820180E+2 2.934710E+2 5.098310E+1 4.720240E+1 9.988390E+0
 1.295430E+1 1.114440E+0 3.621000E-1 1.010280E-3 5.777960E-3 1.859430E-6
 1.891070E+1 2.158800E+0 6.458100E-1 2.835440E-3 1.043860E-2 5.321130E-6
 2.713830E+1 3.794000E+0 1.143880E+0 7.877420E-3 1.884440E-2 1.520830E-5
 3.887850E+1 6.434450E+0 2.003290E+0 2.149260E-2 3.398300E-2 4.339590E-5
 5.387970E+1 1.007410E+1 3.453160E+0 5.722310E-2 6.119610E-2 1.235230E-4
 7.358610E+1 1.456250E+1 5.761550E+0 1.443330E-1 1.099370E-1 3.502250E-4
 9.865860E+1 2.027640E+1 9.430490E+0 3.552110E-1 1.967820E-1 9.868840E-4
 1.305960E+2 2.700610E+1 1.505050E+1 8.367490E-1 3.502030E-1 2.753600E-3
 1.701350E+2 3.596310E+1 2.319660E+1 1.837770E+0 6.173260E-1 7.565470E-3
 2.172360E+2 4.611230E+1 3.433470E+1 3.711250E+0 1.073060E+0 2.030780E-2
 2.715040E+2 5.824840E+1 4.828040E+1 6.748030E+0 1.829440E+0 5.272870E-2
 3.322520E+2 7.246740E+1 6.476100E+1 1.101430E+1 3.031130E+0 1.306050E-1
 3.991460E+2 8.812120E+1 8.307640E+1 1.627770E+1 4.858040E+0 3.046030E-1
 4.683170E+2 1.030060E+2 1.024640E+2 2.185770E+1 7.445040E+0 6.533720E-1
 5.379690E+2 1.163050E+2 1.227640E+2 2.714640E+1 1.084030E+1 1.268980E+0
 6.115050E+2 1.276210E+2 1.431290E+2 3.178560E+1 1.495470E+1 2.207030E+0
 6.904580E+2 1.374480E+2 1.653430E+2 3.576000E+1 1.967450E+1 3.449190E+0
 7.555930E+2 1.439420E+2 1.854320E+2 3.860740E+1 2.463460E+1 4.838940E+0
 8.460460E+2 1.496800E+2 2.085450E+2 4.095480E+1 2.984740E+1 6.246730E+0
 9.360060E+2 1.540850E+2 2.324030E+2 4.274260E+1 3.529260E+1 7.533860E+0
 1.007430E+3 1.565430E+2 2.535360E+2 4.384220E+1 4.060240E+1 8.586310E+0
 1.210340E+1 1.072150E+0 3.041490E-1 8.494320E-4 4.820730E-3 1.551460E-6
 1.762840E+1 2.062430E+0 5.429890E-1 2.388460E-3 8.709730E-3 4.439550E-6
 2.526220E+1 3.671710E+0 9.639650E-1 6.653700E-3 1.572480E-2 1.269150E-5
 3.538150E+1 6.047390E+0 1.694540E+0 1.824720E-2 2.836310E-2 3.622030E-5
 4.962540E+1 9.509350E+0 2.937000E+0 4.899790E-2 5.107550E-2 1.030970E-4
 6.676690E+1 1.362210E+1 4.974890E+0 1.263640E-1 9.177060E-2 2.923960E-4
 8.945490E+1 1.870560E+1 8.148760E+0 3.089990E-1 1.642910E-1 8.241310E-4
 1.167000E+2 2.480240E+1 1.296260E+1 7.231100E-1 2.924420E-1 2.300850E-3
 1.511170E+2 3.211710E+1 1.992860E+1 1.580280E+0 5.160760E-1 6.329210E-3
 1.921910E+2 4.036310E+1 2.936500E+1 3.172950E+0 8.981850E-1 1.702070E-2
 2.383540E+2 5.088780E+1 4.136340E+1 5.773380E+0 1.534730E+0 4.431620E-2
 2.895360E+2 6.264890E+1 5.521270E+1 9.401230E+0 2.541040E+0 1.095420E-1
 3.455390E+2 7.502350E+1 7.066980E+1 1.377640E+1 4.071180E+0 2.550830E-1
 4.042490E+2 8.726820E+1 8.712590E+1 1.844210E+1 6.239410E+0 5.473780E-1
 4.624150E+2 9.838480E+1 1.041080E+2 2.290500E+1 9.088620E+0 1.063750E+0
 5.271880E+2 1.076260E+2 1.216930E+2 2.675630E+1 1.253570E+1 1.850000E+0
 5.873370E+2 1.152240E+2 1.390660E+2 2.994920E+1 1.644500E+1 2.882970E+0
 6.523580E+2 1.207130E+2 1.569110E+2 3.234800E+1 2.060770E+1 4.046690E+0
 7.197560E+2 1.252890E+2 1.754340E+2 3.426980E+1 2.497270E+1 5.221350E+0
 7.931870E+2 1.287280E+2 1.952140E+2 3.570100E+1 2.947880E+1 6.288920E+0
 8.537060E+2 1.306830E+2 2.129060E+2 3.659480E+1 3.391220E+1 7.164670E+0
 1.130140E+1 1.027090E+0 2.555240E-1 7.147000E-4 4.026310E-3 1.295790E-6
 1.628860E+1 1.941210E+0 4.566330E-1 2.010880E-3 7.274850E-3 3.708250E-6
 2.355280E+1 3.532010E+0 8.114650E-1 5.612140E-3 1.313560E-2 1.060170E-5
 3.265350E+1 5.693190E+0 1.429850E+0 1.543420E-2 2.369260E-2 3.025670E-5
 4.459060E+1 8.651900E+0 2.485880E+0 4.154610E-2 4.267520E-2 8.614670E-5
 6.011390E+1 1.231010E+1 4.235480E+0 1.082300E-1 7.668220E-2 2.443330E-4
 8.030490E+1 1.693120E+1 7.014290E+0 2.683770E-1 1.372940E-1 6.887830E-4
 1.047470E+2 2.224980E+1 1.115960E+1 6.227540E-1 2.444420E-1 1.923830E-3
 1.335690E+2 2.816390E+1 1.711140E+1 1.355440E+0 4.314890E-1 5.294820E-3
 1.689800E+2 3.562020E+1 2.514610E+1 2.714700E+0 7.516810E-1 1.425210E-2
 2.080980E+2 4.404280E+1 3.527800E+1 4.915260E+0 1.284090E+0 3.712070E-2
 2.523980E+2 5.378810E+1 4.710790E+1 7.997340E+0 2.132480E+0 9.206800E-2
 2.968160E+2 6.388660E+1 6.002940E+1 1.166690E+1 3.415230E+0 2.141110E-1
 3.466160E+2 7.394840E+1 7.387330E+1 1.558360E+1 5.231490E+0 4.589450E-1
 3.964760E+2 8.310600E+1 8.828290E+1 1.930530E+1 7.618720E+0 8.916010E-1
 4.496530E+2 9.060240E+1 1.028110E+2 2.248950E+1 1.049750E+1 1.548770E+0
 5.025080E+2 9.669890E+1 1.173750E+2 2.511890E+1 1.377360E+1 2.412970E+0
 5.531290E+2 1.013100E+2 1.323450E+2 2.713380E+1 1.726740E+1 3.387130E+0
 6.229600E+2 1.053060E+2 1.495910E+2 2.878110E+1 2.098520E+1 4.373240E+0
 6.739120E+2 1.075970E+2 1.643640E+2 2.983290E+1 2.466330E+1 5.250880E+0
 7.237230E+2 1.091920E+2 1.790930E+2 3.057170E+1 2.835950E+1 5.981690E+0
 1.067720E+1 9.914850E-1 2.216630E-1 6.205040E-4 3.478260E-3 1.119440E-6
 1.535730E+1 1.889110E+0 3.961590E-1 1.746760E-3 6.284530E-3 3.203580E-6
 2.177430E+1 3.302590E+0 7.045680E-1 4.876100E-3 1.134800E-2 9.158670E-6
 3.057400E+1 5.419060E+0 1.243020E+0 1.343440E-2 2.047110E-2 2.614410E-5
 4.140590E+1 8.240230E+0 2.165240E+0 3.626360E-2 3.687140E-2 7.444160E-5
 5.537320E+1 1.143620E+1 3.702200E+0 9.486080E-2 6.625960E-2 2.111360E-4
 7.333750E+1 1.562060E+1 6.158300E+0 2.369020E-1 1.186380E-1 5.952470E-4
 9.493200E+1 1.991670E+1 9.855360E+0 5.525910E-1 2.112170E-1 1.662640E-3
 1.214960E+2 2.569570E+1 1.512110E+1 1.201000E+0 3.729330E-1 4.578140E-3
 1.513920E+2 3.152230E+1 2.214110E+1 2.386190E+0 6.499560E-1 1.232840E-2
 1.863890E+2 3.924820E+1 3.100510E+1 4.325500E+0 1.111050E+0 3.213490E-2
 2.246050E+2 4.748020E+1 4.131670E+1 6.995450E+0 1.847600E+0 7.986480E-2
 2.644130E+2 5.610590E+1 5.261180E+1 1.019730E+1 2.960760E+0 1.857620E-1
 3.069380E+2 6.471280E+1 6.459670E+1 1.358910E+1 4.533960E+0 3.977180E-1
 3.492710E+2 7.230020E+1 7.700290E+1 1.677490E+1 6.598610E+0 7.717160E-1
 3.929820E+2 7.872810E+1 8.950660E+1 1.953150E+1 9.095090E+0 1.341610E+0
 4.386760E+2 8.385440E+1 1.022390E+2 2.176920E+1 1.192370E+1 2.088200E+0
 4.914550E+2 8.770730E+1 1.154300E+2 2.347470E+1 1.493690E+1 2.927600E+0
 5.278570E+2 9.071740E+1 1.279220E+2 2.480450E+1 1.807350E+1 3.774610E+0
 5.870470E+2 9.304760E+1 1.423380E+2 2.579680E+1 2.131340E+1 4.540710E+0
 6.302630E+2 9.439840E+1 1.551510E+2 2.642840E+1 2.450580E+1 5.171720E+0
 1.011610E+1 9.410400E-1 1.906780E-1 5.345360E-4 0.000000E+6 0.000000E+6
 1.461150E+1 1.805950E+0 3.419040E-1 1.508540E-3 5.398050E-3 2.751740E-6
 2.034730E+1 3.124260E+0 6.080060E-1 4.210970E-3 9.747500E-3 7.867350E-6
 2.824540E+1 5.095970E+0 1.073560E+0 1.161710E-2 1.758560E-2 2.245890E-5
 3.846260E+1 7.705390E+0 1.872920E+0 3.140150E-2 3.167560E-2 6.394960E-5
 5.115340E+1 1.084930E+1 3.207020E+0 8.230840E-2 5.692510E-2 1.814000E-4
 6.697910E+1 1.430950E+1 5.357540E+0 2.068810E-1 1.019300E-1 5.114460E-4
 8.606330E+1 1.826050E+1 8.626260E+0 4.873900E-1 1.815130E-1 1.428830E-3
 1.090690E+2 2.280610E+1 1.325740E+1 1.055420E+0 3.204900E-1 3.934550E-3
 1.358530E+2 2.830050E+1 1.940340E+1 2.092680E+0 5.586900E-1 1.060090E-2
 1.660770E+2 3.455640E+1 2.708590E+1 3.765660E+0 9.554590E-1 2.764580E-2
 1.987380E+2 4.147470E+1 3.599820E+1 6.073170E+0 1.589790E+0 6.875670E-2
 2.337810E+2 4.897170E+1 4.585380E+1 8.860830E+0 2.550600E+0 1.601840E-1
 2.726510E+2 5.621490E+1 5.621610E+1 1.176310E+1 3.906430E+0 3.429320E-1
 3.078700E+2 6.257760E+1 6.687200E+1 1.448230E+1 5.681320E+0 6.643850E-1
 3.475210E+2 6.798050E+1 7.774920E+1 1.685020E+1 7.842190E+0 1.156280E+0
 3.849080E+2 7.228270E+1 8.864910E+1 1.874930E+1 1.026290E+1 1.795640E+0
 4.347030E+2 7.605660E+1 1.008570E+2 2.033920E+1 1.290620E+1 2.527300E+0
 4.724310E+2 7.834260E+1 1.118920E+2 2.140370E+1 1.559540E+1 3.250380E+0
 5.093050E+2 7.996680E+1 1.227470E+2 2.216760E+1 1.831750E+1 3.900790E+0
 5.479120E+2 8.126090E+1 1.340970E+2 2.274800E+1 2.110020E+1 4.450790E+0
 9.664280E+0 9.268700E-1 1.596630E-1 4.480880E-4 0.000000E+6 0.000000E+6
 1.369430E+1 1.720720E+0 2.857180E-1 1.262380E-3 0.000000E+6 0.000000E+6
 1.895450E+1 2.968920E+0 5.098030E-1 3.533950E-3 8.131520E-3 6.563140E-6
 2.589560E+1 4.691100E+0 9.004110E-1 9.752380E-3 1.467060E-2 1.873610E-5
 3.478330E+1 6.992810E+0 1.572540E+0 2.641320E-2 2.642720E-2 5.335550E-5
 4.589040E+1 9.728970E+0 2.698200E+0 6.938640E-2 4.749780E-2 1.513660E-4
 5.971620E+1 1.277110E+1 4.515390E+0 1.747250E-1 8.505740E-2 4.268020E-4
 7.659940E+1 1.638340E+1 7.297690E+0 4.141030E-1 1.514750E-1 1.192400E-3
 9.631210E+1 2.010940E+1 1.129610E+1 9.074730E-1 2.674850E-1 3.284000E-3
 1.191860E+2 2.465890E+1 1.657150E+1 1.795690E+0 4.663280E-1 8.850620E-3
 1.451720E+2 2.967160E+1 2.307450E+1 3.204580E+0 7.977080E-1 2.308890E-2
 1.727200E+2 3.548110E+1 3.060610E+1 5.153630E+0 1.328030E+0 5.745230E-2
 2.014160E+2 4.153360E+1 3.883550E+1 7.473420E+0 2.132010E+0 1.339810E-1
 2.319870E+2 4.736360E+1 4.748340E+1 9.887880E+0 3.268270E+0 2.871100E-1
 2.646880E+2 5.266870E+1 5.644960E+1 1.216630E+1 4.754170E+0 5.563800E-1
 2.944990E+2 5.704140E+1 6.538600E+1 1.412060E+1 6.558050E+0 9.665360E-1
 3.297780E+2 6.060190E+1 7.459540E+1 1.570770E+1 8.578430E+0 1.501530E+0
 3.595130E+2 6.331230E+1 8.383980E+1 1.693900E+1 1.076680E+1 2.108810E+0
 3.992880E+2 6.545490E+1 9.385860E+1 1.787930E+1 1.303600E+1 2.715000E+0
 4.304260E+2 6.684690E+1 1.030840E+2 1.852740E+1 1.531700E+1 3.259570E+0
 4.593100E+2 6.782180E+1 1.122950E+2 1.898460E+1 1.761530E+1 3.713570E+0
 9.463490E+0 9.418970E-1 1.337650E-1 3.755740E-4 0.000000E+6 0.000000E+6
 1.317920E+1 1.701820E+0 2.394860E-1 1.059040E-3 0.000000E+6 0.000000E+6
 1.804600E+1 2.857160E+0 4.266240E-1 2.962010E-3 0.000000E+6 0.000000E+6
 2.431780E+1 4.479580E+0 7.542830E-1 8.181540E-3 0.000000E+6 0.000000E+6
 3.209160E+1 6.539240E+0 1.319740E+0 2.218000E-2 2.207160E-2 4.456160E-5
 4.194020E+1 9.004830E+0 2.266110E+0 5.833860E-2 3.967060E-2 1.264250E-4
 5.405330E+1 1.156800E+1 3.799230E+0 1.471990E-1 7.104570E-2 3.565160E-4
 6.828640E+1 1.446910E+1 6.151680E+0 3.494300E-1 1.265270E-1 9.961070E-4
 8.496740E+1 1.756310E+1 9.529880E+0 7.655810E-1 2.234430E-1 2.743580E-3
 1.052160E+2 2.127690E+1 1.405500E+1 1.528970E+0 3.895700E-1 7.394850E-3
 1.262580E+2 2.553890E+1 1.960790E+1 2.732810E+0 6.664890E-1 1.929790E-2
 1.494870E+2 3.029620E+1 2.598490E+1 4.372120E+0 1.109920E+0 4.803380E-2
 1.745640E+2 3.525450E+1 3.293250E+1 6.318110E+0 1.782580E+0 1.120520E-1
 2.006400E+2 4.001100E+1 4.017820E+1 8.334630E+0 2.734040E+0 2.403430E-1
 2.278430E+2 4.429750E+1 4.772760E+1 1.022110E+1 3.990490E+0 4.675300E-1
 2.540270E+2 4.799620E+1 5.535160E+1 1.186490E+1 5.496190E+0 8.105210E-1
 2.819080E+2 5.079020E+1 6.286640E+1 1.315470E+1 7.181180E+0 1.256070E+0
 3.050360E+2 5.298560E+1 7.058650E+1 1.416980E+1 9.006560E+0 1.762820E+0
 3.383560E+2 5.472970E+1 7.877200E+1 1.494640E+1 1.089620E+1 2.268750E+0
 3.654690E+2 5.586220E+1 8.652270E+1 1.548030E+1 1.280270E+1 2.722750E+0
 3.896760E+2 5.665250E+1 9.412070E+1 1.585670E+1 1.472060E+1 3.101280E+0
 9.327050E+0 9.663570E-1 1.157960E-1 3.253190E-4 0.000000E+6 0.000000E+6
 1.279880E+1 1.701450E+0 2.072150E-1 9.160530E-4 0.000000E+6 0.000000E+6
 1.741840E+1 2.833040E+0 3.694690E-1 2.567540E-3 0.000000E+6 0.000000E+6
 2.327750E+1 4.367050E+0 6.534900E-1 7.096700E-3 0.000000E+6 0.000000E+6
 3.040360E+1 6.243160E+0 1.142570E+0 1.922740E-2 0.000000E+6 0.000000E+6
 3.898570E+1 8.386870E+0 1.966760E+0 5.069290E-2 3.426950E-2 1.092140E-4
 5.000370E+1 1.074710E+1 3.296560E+0 1.278190E-1 6.137490E-2 3.080050E-4
 6.261090E+1 1.327260E+1 5.344290E+0 3.038550E-1 1.093070E-1 8.605190E-4
 7.735450E+1 1.590470E+1 8.294060E+0 6.683090E-1 1.930510E-1 2.370400E-3
 9.454020E+1 1.899640E+1 1.224310E+1 1.335250E+0 3.365850E-1 6.389380E-3
 1.137660E+2 2.258570E+1 1.711540E+1 2.390610E+0 5.758990E-1 1.667630E-2
 1.343550E+2 2.673970E+1 2.270350E+1 3.829430E+0 9.590610E-1 4.151580E-2
 1.551800E+2 3.081640E+1 2.876790E+1 5.511540E+0 1.544840E+0 9.721170E-2
 1.772490E+2 3.489190E+1 3.507500E+1 7.258800E+0 2.370390E+0 2.085480E-1
 1.995310E+2 3.849510E+1 4.149880E+1 8.872880E+0 3.440810E+0 4.030810E-1
 2.220440E+2 4.155620E+1 4.800150E+1 1.026830E+1 4.747120E+0 6.999260E-1
 2.506040E+2 4.412380E+1 5.487720E+1 1.141590E+1 6.215580E+0 1.087270E+0
 2.704740E+2 4.586530E+1 6.137320E+1 1.225910E+1 7.782400E+0 1.522480E+0
 2.953470E+2 4.723060E+1 6.809480E+1 1.289820E+1 9.410150E+0 1.959090E+0
 3.179410E+2 4.827510E+1 7.492350E+1 1.337700E+1 1.106460E+1 2.352420E+0
 3.416730E+2 4.895370E+1 8.160650E+1 1.370030E+1 1.272020E+1 2.679040E+0
 8.587760E+0 9.643680E-1 0.000000E+6 0.000000E+6 0.000000E+6 0.000000E+6
 1.251260E+1 1.726590E+0 1.785350E-1 7.907010E-4 0.000000E+6 0.000000E+6
 1.687410E+1 2.833020E+0 3.180810E-1 2.211180E-3 0.000000E+6 0.000000E+6
 2.227040E+1 4.299070E+0 5.626500E-1 6.111110E-3 0.000000E+6 0.000000E+6
 2.895970E+1 6.059380E+0 9.843710E-1 1.657600E-2 0.000000E+6 0.000000E+6
 3.687820E+1 8.031680E+0 1.692150E+0 4.366080E-2 0.000000E+6 0.000000E+6
 4.638550E+1 1.005230E+1 2.844520E+0 1.104220E-1 5.271830E-2 2.645620E-4
 5.758220E+1 1.213840E+1 4.612810E+0 2.625980E-1 9.389820E-2 7.392480E-4
 7.062150E+1 1.440540E+1 7.166480E+0 5.778210E-1 1.658330E-1 2.036400E-3
 8.561890E+1 1.699450E+1 1.057940E+1 1.154720E+0 2.891460E-1 5.488990E-3
 1.020590E+2 1.997670E+1 1.480510E+1 2.070260E+0 4.956130E-1 1.435660E-2
 1.199290E+2 2.335410E+1 1.964930E+1 3.318040E+0 8.240270E-1 3.567380E-2
 1.380780E+2 2.685810E+1 2.487230E+1 4.771210E+0 1.323830E+0 8.324590E-2
 1.572810E+2 3.027470E+1 3.032230E+1 6.271100E+0 2.030940E+0 1.785720E-1
 1.772690E+2 3.332360E+1 3.590090E+1 7.662440E+0 2.957160E+0 3.464300E-1
 1.975660E+2 3.588160E+1 4.153380E+1 8.852060E+0 4.080800E+0 6.017410E-1
 2.190250E+2 3.799010E+1 4.730830E+1 9.823620E+0 5.341780E+0 9.345700E-1
 2.383970E+2 3.953460E+1 5.309560E+1 1.055910E+1 6.692190E+0 1.309260E+0
 2.549200E+2 4.063160E+1 5.870960E+1 1.109480E+1 8.090300E+0 1.683820E+0
 2.780190E+2 4.149420E+1 6.458820E+1 1.149590E+1 9.508440E+0 2.021080E+0
 2.953520E+2 4.206160E+1 7.026420E+1 1.177100E+1 1.093370E+1 2.301410E+0
 8.121810E+0 9.342490E-1 0.000000E+6 0.000000E+6 0.000000E+6 0.000000E+6
 1.122560E+1 1.684780E+0 0.000000E+6 0.000000E+6 0.000000E+6 0.000000E+6
 1.493220E+1 2.757530E+0 0.000000E+6 0.000000E+6 0.000000E+6 0.000000E+6
 2.097480E+1 4.172760E+0 4.706780E-1 5.114660E-3 0.000000E+6 0.000000E+6
 2.693950E+1 5.779960E+0 8.233990E-1 1.387540E-2 0.000000E+6 0.000000E+6
 3.402980E+1 7.497320E+0 1.416480E+0 3.655600E-2 0.000000E+6 0.000000E+6
 4.230340E+1 9.229830E+0 2.377390E+0 9.235490E-2 0.000000E+6 0.000000E+6
 5.191260E+1 1.094490E+1 3.867490E+0 2.204010E-1 7.833200E-2 6.167400E-4
 6.321630E+1 1.276400E+1 6.011660E+0 4.851890E-1 1.383460E-1 1.698930E-3
 7.568890E+1 1.477400E+1 8.872830E+0 9.686000E-1 2.412440E-1 4.580030E-3
 8.960550E+1 1.715710E+1 1.241730E+1 1.738170E+0 4.127770E-1 1.195390E-2
 1.045220E+2 1.988190E+1 1.648040E+1 2.782660E+0 6.875190E-1 2.976570E-2
 1.200640E+2 2.273690E+1 2.088260E+1 4.005830E+0 1.104520E+0 6.946930E-2
 1.369990E+2 2.553950E+1 2.546260E+1 5.261430E+0 1.694990E+0 1.490590E-1
 1.522350E+2 2.799420E+1 3.011440E+1 6.419770E+0 2.467870E+0 2.891780E-1
 1.681910E+2 3.007680E+1 3.481560E+1 7.410450E+0 3.406030E+0 5.022840E-1
 1.854350E+2 3.175670E+1 3.961230E+1 8.208670E+0 4.458730E+0 7.802630E-1
 2.022730E+2 3.307170E+1 4.447960E+1 8.829760E+0 5.592210E+0 1.094410E+0
 2.184780E+2 3.395790E+1 4.920800E+1 9.268540E+0 6.752670E+0 1.405420E+0
 2.343980E+2 3.463360E+1 5.399520E+1 9.594060E+0 7.933980E+0 1.686230E+0
 2.492630E+2 3.502630E+1 5.859490E+1 9.801390E+0 9.105250E+0 1.916280E+0
 7.437290E+0 8.725390E-1 0.000000E+6 0.000000E+6 0.000000E+6 0.000000E+6
 1.030150E+1 1.567900E+0 0.000000E+6 0.000000E+6 0.000000E+6 0.000000E+6
 1.378160E+1 2.573500E+0 0.000000E+6 0.000000E+6 0.000000E+6 0.000000E+6
 1.779400E+1 3.828790E+0 0.000000E+6 0.000000E+6 0.000000E+6 0.000000E+6
 2.443490E+1 5.276900E+0 6.892380E-1 1.161790E-2 0.000000E+6 0.000000E+6
 3.059960E+1 6.748390E+0 1.186230E+0 3.064580E-2 0.000000E+6 0.000000E+6
 3.776730E+1 8.217790E+0 1.992030E+0 7.745300E-2 0.000000E+6 0.000000E+6
 4.593850E+1 9.594910E+0 3.235420E+0 1.845230E-1 0.000000E+6 0.000000E+6
 5.540320E+1 1.104820E+1 5.034860E+0 4.067870E-1 0.000000E+6 0.000000E+6
 6.611810E+1 1.267030E+1 7.445330E+0 8.137020E-1 2.014870E-1 3.825210E-3
 7.767320E+1 1.460370E+1 1.041600E+1 1.457100E+0 3.447610E-1 9.984220E-3
 9.041720E+1 1.680730E+1 1.382420E+1 2.332310E+0 5.742710E-1 2.486010E-2
 1.036970E+2 1.916290E+1 1.751120E+1 3.356240E+0 9.225930E-1 5.802880E-2
 1.166470E+2 2.143370E+1 2.133750E+1 4.405950E+0 1.415760E+0 1.245250E-1
 1.304490E+2 2.347980E+1 2.524830E+1 5.374460E+0 2.061460E+0 2.415790E-1
 1.436430E+2 2.518710E+1 2.917760E+1 6.198270E+0 2.845500E+0 4.196440E-1
 1.575210E+2 2.654150E+1 3.311090E+1 6.857740E+0 3.722930E+0 6.513270E-1
 1.715230E+2 2.760890E+1 3.717500E+1 7.368730E+0 4.663980E+0 9.124480E-1
 1.842510E+2 2.834080E+1 4.110130E+1 7.734110E+0 5.633410E+0 1.172130E+0
 1.987430E+2 2.889720E+1 4.512040E+1 8.003870E+0 6.618860E+0 1.406290E+0
 2.113810E+2 2.925720E+1 4.904820E+1 8.186160E+0 7.604160E+0 1.600230E+0
 6.825240E+0 8.037530E-1 0.000000E+6 0.000000E+6 0.000000E+6 0.000000E+6
 9.483000E+0 1.457730E+0 0.000000E+6 0.000000E+6 0.000000E+6 0.000000E+6
 1.265240E+1 2.377320E+0 0.000000E+6 0.000000E+6 0.000000E+6 0.000000E+6
 1.632310E+1 3.529730E+0 0.000000E+6 0.000000E+6 0.000000E+6 0.000000E+6
 2.040270E+1 4.779650E+0 0.000000E+6 0.000000E+6 0.000000E+6 0.000000E+6
 2.767080E+1 6.104230E+0 1.026170E+0 2.650650E-2 0.000000E+6 0.000000E+6
 3.391890E+1 7.329140E+0 1.723790E+0 6.703880E-2 0.000000E+6 0.000000E+6
 4.107550E+1 8.505230E+0 2.800900E+0 1.598860E-1 0.000000E+6 0.000000E+6
 4.919710E+1 9.697610E+0 4.356610E+0 3.520700E-1 0.000000E+6 0.000000E+6
 5.854480E+1 1.110430E+1 6.443750E+0 7.045460E-1 0.000000E+6 0.000000E+6
 6.886370E+1 1.275170E+1 9.024240E+0 1.263100E+0 2.978160E-1 8.624570E-3
 7.974510E+1 1.460250E+1 1.197300E+1 2.020050E+0 4.960390E-1 2.147500E-2
 9.109940E+1 1.662220E+1 1.516460E+1 2.905030E+0 7.969890E-1 5.012870E-2
 1.025700E+2 1.858050E+1 1.848450E+1 3.813560E+0 1.223100E+0 1.075840E-1
 1.140290E+2 2.031740E+1 2.185160E+1 4.647190E+0 1.780760E+0 2.087000E-1
 1.257880E+2 2.178790E+1 2.525320E+1 5.359330E+0 2.458360E+0 3.625730E-1
 1.375110E+2 2.295480E+1 2.866250E+1 5.928050E+0 3.217560E+0 5.627270E-1
 1.493940E+2 2.385490E+1 3.215100E+1 6.365900E+0 4.029070E+0 7.880600E-1
 1.609170E+2 2.450100E+1 3.557850E+1 6.685190E+0 4.868640E+0 1.012840E+0
 1.721160E+2 2.499230E+1 3.905520E+1 6.922170E+0 5.723460E+0 1.216010E+0
 1.835640E+2 2.531810E+1 4.249230E+1 7.083700E+0 6.580330E+0 1.384490E+0
---