PdfType: central
Format: lhagrid1
---
 1.000000E-6 1.700000E-6 3.200000E-6 6.000000E-6 1.000000E-5 1.700000E-5 3.200000E-5 6.000000E-5 1.000000E-4 1.700000E-4 3.200000E-4 6.000000E-4 1.000000E-3 1.700000E-3 3.200000E-3 6.000000E-3 1.000000E-2 1.700000E-2 3.200000E-2 6.000000E-2 1.000000E-1
 3.162278E-1 3.981068E-1 5.011876E-1 6.309572E-1 7.943280E-1 1.000000E+0 1.258924E+0 1.584894E+0 1.995262E+0 2.511886E+0 3.162278E+0 3.981068E+0 5.011876E+0 6.309572E+0 7.943280E+0 1.000000E+1 1.258924E+1 1.584894E+1 1.995262E+1 2.511886E+1 3.162278E+1
900 901 917 918 920 921
 1.407420E+1 1.007870E+0 8.855970E-1 2.258870E-3 2.184820E-2 6.969520E-6
 2.115120E+1 1.925900E+0 1.505700E+0 6.033670E-3 4.000630E-2 2.010150E-5
 3.140120E+1 3.542100E+0 2.572050E+0 1.610870E-2 7.277950E-2 5.756170E-5
 4.591180E+1 5.940860E+0 4.364030E+0 4.261260E-2 1.309790E-1 1.629310E-4
 6.656310E+1 9.513380E+0 7.349110E+0 1.107150E-1 2.343600E-1 4.578050E-4
 9.601270E+1 1.469880E+1 1.225940E+1 2.823150E-1 4.187740E-1 1.283800E-3
 1.364180E+2 2.186320E+1 2.004550E+1 6.929700E-1 7.450910E-1 3.585540E-3
 2.001310E+2 3.355620E+1 3.322520E+1 1.692910E+0 1.356170E+0 1.019670E-2
 3.013030E+2 5.322590E+1 5.586330E+1 4.055270E+0 2.515460E+0 2.939280E-2
 4.313460E+2 8.132670E+1 8.797970E+1 8.779980E+0 4.551000E+0 8.191000E-2
 6.008600E+2 1.203390E+2 1.318710E+2 1.717640E+1 8.031410E+0 2.201550E-1
 8.119190E+2 1.741910E+2 1.893020E+2 3.070490E+1 1.376880E+1 5.637190E-1
 1.065720E+3 2.440060E+2 2.600510E+2 4.998020E+1 2.276460E+1 1.359000E+0
 1.361790E+3 3.265950E+2 3.441280E+2 7.436630E+1 3.592530E+1 3.020540E+0
 1.709680E+3 4.226240E+2 4.435790E+2 1.034990E+2 5.427780E+1 6.135360E+0
 2.119240E+3 5.288550E+2 5.584910E+2 1.360550E+2 7.807410E+1 1.129270E+1
 2.568350E+3 6.382570E+2 6.861570E+2 1.698980E+2 1.070800E+2 1.873610E+1
 3.072960E+3 7.459540E+2 8.281440E+2 2.031240E+2 1.397290E+2 2.798830E+1
 3.578830E+3 8.511040E+2 9.756410E+2 2.354330E+2 1.763740E+2 3.848590E+1
 4.205900E+3 9.614870E+2 1.151520E+3 2.687830E+2 2.180740E+2 4.986360E+1
 4.940990E+3 1.076180E+3 1.359020E+3 3.029380E+2 2.659430E+2 6.142140E+1
 1.353480E+1 9.922690E-1 8.068530E-1 2.080740E-3 1.827140E-2 5.862920E-6
 2.034670E+1 1.923930E+0 1.366300E+0 5.508920E-3 3.376860E-2 1.706990E-5
 2.999990E+1 3.458450E+0 2.327110E+0 1.469240E-2 6.191470E-2 4.928230E-5
 4.355930E+1 5.771770E+0 3.954810E+0 3.890430E-2 1.126730E-1 1.410870E-4
 6.268680E+1 9.209300E+0 6.668970E+0 1.012650E-1 2.024930E-1 3.981190E-4
 8.975650E+1 1.406360E+1 1.112860E+1 2.584730E-1 3.610090E-1 1.113340E-3
 1.277110E+2 2.092160E+1 1.826550E+1 6.375100E-1 6.445630E-1 3.116690E-3
 1.855360E+2 3.177420E+1 3.018790E+1 1.550680E+0 1.167970E+0 8.824930E-3
 2.776000E+2 4.980540E+1 5.021590E+1 3.677160E+0 2.169370E+0 2.548510E-2
 3.943760E+2 7.434910E+1 7.902940E+1 7.916800E+0 3.922270E+0 7.100300E-2
 5.452560E+2 1.103280E+2 1.183080E+2 1.555340E+1 6.908830E+0 1.904490E-1
 7.333320E+2 1.582160E+2 1.691780E+2 2.760000E+1 1.187730E+1 4.888580E-1
 9.581400E+2 2.191890E+2 2.317520E+2 4.464270E+1 1.966870E+1 1.179540E+0
 1.223520E+3 2.932940E+2 3.059350E+2 6.641860E+1 3.104700E+1 2.620920E+0
 1.522210E+3 3.744580E+2 3.915890E+2 9.133530E+1 4.675060E+1 5.305560E+0
 1.879650E+3 4.644350E+2 4.924590E+2 1.192270E+2 6.745240E+1 9.769960E+0
 2.264350E+3 5.572300E+2 6.024960E+2 1.481460E+2 9.234500E+1 1.616000E+1
 2.686930E+3 6.455340E+2 7.207810E+2 1.756330E+2 1.201090E+2 2.403530E+1
 3.134600E+3 7.336630E+2 8.495520E+2 2.028050E+2 1.511940E+2 3.297930E+1
 3.620170E+3 8.245770E+2 9.912070E+2 2.304260E+2 1.866120E+2 4.257240E+1
 4.263180E+3 9.144240E+2 1.168940E+3 2.573420E+2 2.264360E+2 5.206700E+1
 1.291290E+1 9.707320E-1 7.260790E-1 1.907780E-3 1.454790E-2 4.702110E-6
 1.928250E+1 1.872130E+0 1.223280E+0 4.998150E-3 2.727740E-2 1.389000E-5
 2.846580E+1 3.426580E+0 2.070700E+0 1.321460E-2 5.049530E-2 4.048410E-5
 4.107120E+1 5.649360E+0 3.513050E+0 3.492430E-2 9.271460E-2 1.169630E-4
 5.866270E+1 8.894580E+0 5.910220E+0 9.067170E-2 1.686400E-1 3.343230E-4
 8.337100E+1 1.347130E+1 9.897440E+0 2.321280E-1 3.031060E-1 9.422430E-4
 1.178740E+2 1.980860E+1 1.621330E+1 5.723480E-1 5.394000E-1 2.625770E-3
 1.698530E+2 2.966890E+1 2.673770E+1 1.386440E+0 9.768470E-1 7.433750E-3
 2.493780E+2 4.540840E+1 4.410310E+1 3.257970E+0 1.808990E+0 2.137840E-2
 3.513310E+2 6.714920E+1 6.909530E+1 6.989850E+0 3.265450E+0 5.948900E-2
 4.854610E+2 9.869620E+1 1.034180E+2 1.368830E+1 5.732240E+0 1.588920E-1
 6.462980E+2 1.403830E+2 1.474640E+2 2.422410E+1 9.892820E+0 4.096310E-1
 8.405640E+2 1.921900E+2 2.008290E+2 3.881900E+1 1.641010E+1 9.900180E-1
 1.062720E+3 2.537830E+2 2.637590E+2 5.716780E+1 2.594790E+1 2.199010E+0
 1.319480E+3 3.218720E+2 3.369410E+2 7.832670E+1 3.910580E+1 4.456950E+0
 1.613830E+3 3.968160E+2 4.201960E+2 1.016310E+2 5.609320E+1 8.151920E+0
 1.941130E+3 4.720550E+2 5.123690E+2 1.252630E+2 7.684050E+1 1.347790E+1
 2.283420E+3 5.435950E+2 6.099810E+2 1.477300E+2 9.982910E+1 2.000480E+1
 2.652870E+3 6.118380E+2 7.155420E+2 1.689850E+2 1.253140E+2 2.727670E+1
 3.073580E+3 6.821400E+2 8.354010E+2 1.905010E+2 1.543520E+2 3.502600E+1
 3.558280E+3 7.495990E+2 9.721930E+2 2.108680E+2 1.858700E+2 4.249360E+1
 1.218730E+1 9.509660E-1 6.443590E-1 1.721430E-3 1.127350E-2 3.671530E-6
 1.825290E+1 1.828600E+0 1.099310E+0 4.550810E-3 2.157530E-2 1.106780E-5
 2.678030E+1 3.299290E+0 1.851500E+0 1.189950E-2 4.064620E-2 3.283290E-5
 3.848980E+1 5.435040E+0 3.114960E+0 3.121610E-2 7.541050E-2 9.584130E-5
 5.501260E+1 8.592700E+0 5.253250E+0 8.142760E-2 1.384780E-1 2.766160E-4
 7.730430E+1 1.274530E+1 8.752840E+0 2.075100E-1 2.520530E-1 7.900640E-4
 1.084660E+2 1.862170E+1 1.439550E+1 5.133290E-1 4.524610E-1 2.217260E-3
 1.553370E+2 2.756260E+1 2.367430E+1 1.238970E+0 8.155030E-1 6.242810E-3
 2.242440E+2 4.125420E+1 3.874470E+1 2.885250E+0 1.492880E+0 1.776140E-2
 3.146370E+2 6.106960E+1 6.048410E+1 6.173450E+0 2.709750E+0 4.966890E-2
 4.284200E+2 8.775040E+1 8.973440E+1 1.195350E+1 4.763950E+0 1.328000E-1
 5.691060E+2 1.237240E+2 1.276670E+2 2.109440E+1 8.207790E+0 3.419070E-1
 7.340120E+2 1.678560E+2 1.737720E+2 3.365110E+1 1.363880E+1 8.268490E-1
 9.270120E+2 2.199360E+2 2.274300E+2 4.931010E+1 2.159460E+1 1.839570E+0
 1.141370E+3 2.771690E+2 2.887300E+2 6.714340E+1 3.253310E+1 3.724400E+0
 1.383280E+3 3.368870E+2 3.571820E+2 8.610650E+1 4.675600E+1 6.818320E+0
 1.653780E+3 3.982770E+2 4.339100E+2 1.054930E+2 6.369490E+1 1.119300E+1
 1.936660E+3 4.530230E+2 5.134950E+2 1.229580E+2 8.243140E+1 1.649430E+1
 2.228160E+3 5.058980E+2 5.982110E+2 1.396260E+2 1.031640E+2 2.239610E+1
 2.584470E+3 5.612400E+2 6.975380E+2 1.566450E+2 1.267590E+2 2.866400E+1
 2.958530E+3 6.106390E+2 8.042200E+2 1.717180E+2 1.517950E+2 3.450500E+1
 1.188460E+1 9.425710E-1 5.811040E-1 1.569310E-3 8.962680E-3 2.937940E-6
 1.754820E+1 1.809510E+0 9.982550E-1 4.196210E-3 1.745980E-2 9.012750E-6
 2.555620E+1 3.217840E+0 1.689870E+0 1.097570E-2 3.347410E-2 2.720250E-5
 3.668520E+1 5.297580E+0 2.840210E+0 2.866940E-2 6.307600E-2 8.066190E-5
 5.191960E+1 8.181940E+0 4.752610E+0 7.426130E-2 1.169750E-1 2.351040E-4
 7.256980E+1 1.231160E+1 7.927670E+0 1.893300E-1 2.148400E-1 6.777180E-4
 1.014700E+2 1.786140E+1 1.301730E+1 4.679650E-1 3.887120E-1 1.918320E-3
 1.439290E+2 2.619600E+1 2.136080E+1 1.127990E+0 7.018050E-1 5.398800E-3
 2.071750E+2 3.874790E+1 3.488000E+1 2.621350E+0 1.273690E+0 1.522510E-2
 2.863820E+2 5.622260E+1 5.413460E+1 5.577770E+0 2.317280E+0 4.271400E-2
 3.867790E+2 7.992830E+1 7.993300E+1 1.073040E+1 4.082060E+0 1.144860E-1
 5.106530E+2 1.115810E+2 1.132430E+2 1.882010E+1 7.034480E+0 2.946260E-1
 6.586850E+2 1.509400E+2 1.539980E+2 2.999200E+1 1.171060E+1 7.134950E-1
 8.218970E+2 1.953050E+2 2.003520E+2 4.356050E+1 1.852850E+1 1.585460E+0
 1.012980E+3 2.441390E+2 2.538570E+2 5.894150E+1 2.793580E+1 3.207820E+0
 1.220060E+3 2.946430E+2 3.132200E+2 7.512620E+1 4.007130E+1 5.856170E+0
 1.446270E+3 3.444480E+2 3.783010E+2 9.110130E+1 5.450090E+1 9.570070E+0
 1.682660E+3 3.900840E+2 4.449980E+2 1.057880E+2 7.048860E+1 1.410430E+1
 1.926250E+3 4.315620E+2 5.145060E+2 1.190280E+2 8.764860E+1 1.898070E+1
 2.220210E+3 4.759870E+2 5.987730E+2 1.327900E+2 1.075600E+2 2.420220E+1
 2.545890E+3 5.157810E+2 6.892040E+2 1.449940E+2 1.284930E+2 2.904660E+1
 1.134880E+1 9.260490E-1 5.155630E-1 1.405690E-3 6.918760E-3 2.283770E-6
 1.683800E+1 1.776610E+0 8.968860E-1 3.819290E-3 1.372840E-2 7.133260E-6
 2.428100E+1 3.095550E+0 1.529620E+0 1.007510E-2 2.679480E-2 2.191600E-5
 3.487570E+1 5.145560E+0 2.576920E+0 2.622550E-2 5.146730E-2 6.623430E-5
 4.921790E+1 8.054980E+0 4.316350E+0 6.786990E-2 9.706040E-2 1.963200E-4
 6.824390E+1 1.172290E+1 7.136090E+0 1.715860E-1 1.797330E-1 5.705100E-4
 9.473100E+1 1.702870E+1 1.171870E+1 4.240820E-1 3.293360E-1 1.636630E-3
 1.326380E+2 2.442070E+1 1.910860E+1 1.016310E+0 5.965970E-1 4.620150E-3
 1.893910E+2 3.574590E+1 3.113780E+1 2.357980E+0 1.082670E+0 1.300890E-2
 2.599430E+2 5.152810E+1 4.813050E+1 4.988780E+0 1.955800E+0 3.621890E-2
 3.479290E+2 7.223550E+1 7.070790E+1 9.543350E+0 3.471490E+0 9.787570E-2
 4.570670E+2 9.979220E+1 1.000200E+2 1.667720E+1 5.947900E+0 2.505760E-1
 5.832480E+2 1.334750E+2 1.350640E+2 2.635900E+1 9.933650E+0 6.082450E-1
 7.253490E+2 1.715430E+2 1.753400E+2 3.810770E+1 1.579030E+1 1.356340E+0
 8.922550E+2 2.127050E+2 2.210670E+2 5.120640E+1 2.370310E+1 2.730560E+0
 1.068040E+3 2.554460E+2 2.718350E+2 6.497010E+1 3.398950E+1 4.978290E+0
 1.266160E+3 2.958640E+2 3.266710E+2 7.807110E+1 4.596920E+1 8.085770E+0
 1.459450E+3 3.326060E+2 3.832270E+2 9.008890E+1 5.957750E+1 1.190260E+1
 1.657690E+3 3.649680E+2 4.403730E+2 1.005790E+2 7.377270E+1 1.594180E+1
 1.899730E+3 4.001880E+2 5.096920E+2 1.115890E+2 9.035530E+1 2.025240E+1
 2.162460E+3 4.295700E+2 5.824610E+2 1.207120E+2 1.072270E+2 2.410050E+1
 1.082480E+1 9.062320E-1 4.414160E-1 1.218440E-3 4.901940E-3 1.632840E-6
 1.587470E+1 1.721980E+0 7.784670E-1 3.357610E-3 1.001740E-2 5.249960E-6
 2.307410E+1 3.047060E+0 1.347730E+0 9.037980E-3 2.000100E-2 1.649100E-5
 3.277270E+1 4.986690E+0 2.285480E+0 2.358250E-2 3.921450E-2 5.085730E-5
 4.598810E+1 7.743180E+0 3.828840E+0 6.079590E-2 7.561480E-2 1.541390E-4
 6.376060E+1 1.124940E+1 6.352710E+0 1.541410E-1 1.430750E-1 4.576550E-4
 8.786390E+1 1.611310E+1 1.037200E+1 3.789700E-1 2.658370E-1 1.331280E-3
 1.210530E+2 2.268110E+1 1.680990E+1 9.030330E-1 4.864460E-1 3.799530E-3
 1.698340E+2 3.263380E+1 2.700240E+1 2.059600E+0 8.807890E-1 1.066230E-2
 2.309230E+2 4.604690E+1 4.167720E+1 4.350970E+0 1.585850E+0 2.955950E-2
 3.071410E+2 6.397020E+1 6.108210E+1 8.304410E+0 2.829050E+0 8.026760E-2
 3.994820E+2 8.719140E+1 8.583570E+1 1.437120E+1 4.837390E+0 2.048130E-1
 5.071370E+2 1.154370E+2 1.155440E+2 2.258590E+1 8.093370E+0 4.981580E-1
 6.254960E+2 1.466590E+2 1.492020E+2 3.239640E+1 1.292580E+1 1.115760E+0
 7.581880E+2 1.798360E+2 1.866620E+2 4.309010E+1 1.935470E+1 2.237950E+0
 9.048290E+2 2.132310E+2 2.282540E+2 5.408040E+1 2.775320E+1 4.072640E+0
 1.059480E+3 2.443540E+2 2.720970E+2 6.439050E+1 3.748870E+1 6.597650E+0
 1.222740E+3 2.738420E+2 3.188920E+2 7.406970E+1 4.849930E+1 9.681750E+0
 1.384760E+3 2.979740E+2 3.651490E+2 8.200740E+1 5.968360E+1 1.285400E+1
 1.567220E+3 3.218590E+2 4.169670E+2 8.968610E+1 7.260420E+1 1.618770E+1
 1.777020E+3 3.440550E+2 4.757100E+2 9.663910E+1 8.618130E+1 1.923020E+1
 1.029040E+1 8.865130E-1 3.697930E-1 1.032930E-3 3.263520E-3 1.097990E-6
 1.510450E+1 1.682010E+0 6.635530E-1 2.896490E-3 7.014930E-3 3.710700E-6
 2.179010E+1 2.988930E+0 1.167740E+0 7.936970E-3 1.447950E-2 1.204350E-5
 3.066700E+1 4.811080E+0 2.009520E+0 2.110670E-2 2.909200E-2 3.804200E-5
 4.289180E+1 7.387820E+0 3.380450E+0 5.419270E-2 5.728390E-2 1.176890E-4
 5.937100E+1 1.087240E+1 5.610510E+0 1.373040E-1 1.108070E-1 3.572280E-4
 8.029330E+1 1.504520E+1 9.164620E+0 3.375960E-1 2.101440E-1 1.060590E-3
 1.103830E+2 2.098300E+1 1.474540E+1 7.992790E-1 3.900710E-1 3.070950E-3
 1.526210E+2 2.980390E+1 2.339090E+1 1.802900E+0 7.111010E-1 8.680380E-3
 2.064330E+2 4.141080E+1 3.607550E+1 3.796160E+0 1.283370E+0 2.408480E-2
 2.708090E+2 5.637220E+1 5.250140E+1 7.174210E+0 2.280440E+0 6.503970E-2
 3.494770E+2 7.609280E+1 7.304710E+1 1.229740E+1 3.922930E+0 1.670370E-1
 4.394150E+2 9.927050E+1 9.798010E+1 1.921240E+1 6.529470E+0 4.040670E-1
 5.385350E+2 1.250950E+2 1.263210E+2 2.741960E+1 1.044670E+1 9.060960E-1
 6.464350E+2 1.508000E+2 1.565800E+2 3.597480E+1 1.568370E+1 1.819600E+0
 7.653530E+2 1.776350E+2 1.906910E+2 4.490070E+1 2.245170E+1 3.305670E+0
 8.899430E+2 2.013970E+2 2.260020E+2 5.295130E+1 3.030340E+1 5.335560E+0
 1.026460E+3 2.236830E+2 2.639810E+2 6.038660E+1 3.906270E+1 7.790000E+0
 1.155250E+3 2.424120E+2 3.015360E+2 6.667050E+1 4.847590E+1 1.040920E+1
 1.285760E+3 2.583910E+2 3.405380E+2 7.194980E+1 5.823050E+1 1.291000E+1
 1.456090E+3 2.736070E+2 3.865360E+2 7.681110E+1 6.877030E+1 1.522090E+1
 9.903990E+0 8.650510E-1 3.150450E-1 8.886630E-4 2.149920E-3 7.297900E-7
 1.455190E+1 1.667520E+0 5.718690E-1 2.519050E-3 4.978010E-3 2.655030E-6
 2.097390E+1 2.946650E+0 1.022290E+0 7.017540E-3 1.075380E-2 9.013110E-6
 2.924780E+1 4.694440E+0 1.787840E+0 1.900750E-2 2.225020E-2 2.930490E-5
 4.074650E+1 7.209460E+0 3.041660E+0 4.946370E-2 4.474060E-2 9.254770E-5
 5.591770E+1 1.045300E+1 5.058410E+0 1.248150E-1 8.803660E-2 2.856700E-4
 7.557620E+1 1.451000E+1 8.254540E+0 3.059720E-1 1.698930E-1 8.628780E-4
 1.024720E+2 1.973810E+1 1.324040E+1 7.210700E-1 3.208260E-1 2.541810E-3
 1.399110E+2 2.732910E+1 2.088950E+1 1.618130E+0 5.913720E-1 7.266750E-3
 1.868190E+2 3.780960E+1 3.184640E+1 3.368590E+0 1.070430E+0 2.021220E-2
 2.434080E+2 5.100150E+1 4.640300E+1 6.379930E+0 1.902330E+0 5.455610E-2
 3.096350E+2 6.737010E+1 6.393960E+1 1.079190E+1 3.278970E+0 1.402610E-1
 3.888410E+2 8.752730E+1 8.554630E+1 1.679760E+1 5.470080E+0 3.399040E-1
 4.741600E+2 1.092660E+2 1.097620E+2 2.378490E+1 8.748630E+0 7.609870E-1
 5.648390E+2 1.305470E+2 1.354170E+2 3.100680E+1 1.316200E+1 1.531790E+0
 6.688040E+2 1.521930E+2 1.642110E+2 3.833960E+1 1.877720E+1 2.767340E+0
 7.723850E+2 1.711440E+2 1.936060E+2 4.489500E+1 2.531910E+1 4.458500E+0
 8.760390E+2 1.881100E+2 2.239260E+2 5.073370E+1 3.259640E+1 6.493900E+0
 1.006570E+3 2.036970E+2 2.589240E+2 5.594320E+1 4.050340E+1 8.651730E+0
 1.100880E+3 2.146760E+2 2.883050E+2 5.973110E+1 4.834150E+1 1.065520E+1
 1.231200E+3 2.254210E+2 3.241070E+2 6.325550E+1 5.678470E+1 1.248940E+1
 9.545300E+0 8.584650E-1 2.628800E-1 7.493080E-4 1.195360E-3 4.098840E-7
 1.401550E+1 1.641170E+0 4.836080E-1 2.152890E-3 3.182870E-3 1.713430E-6
 2.002970E+1 2.863710E+0 8.750460E-1 6.066730E-3 7.467420E-3 6.312900E-6
 2.792910E+1 4.599240E+0 1.553930E+0 1.669320E-2 1.625190E-2 2.157600E-5
 3.852270E+1 6.958980E+0 2.690380E+0 4.440750E-2 3.374150E-2 7.032220E-5
 5.249690E+1 9.966350E+0 4.514290E+0 1.124690E-1 6.790800E-2 2.219130E-4
 7.047120E+1 1.371530E+1 7.385780E+0 2.762780E-1 1.334300E-1 6.824030E-4
 9.512740E+1 1.876050E+1 1.182050E+1 6.488430E-1 2.565550E-1 2.046040E-3
 1.275820E+2 2.533680E+1 1.844900E+1 1.440510E+0 4.807430E-1 5.946680E-3
 1.691970E+2 3.430390E+1 2.789050E+1 2.973140E+0 8.781940E-1 1.669790E-2
 2.192100E+2 4.574150E+1 4.055350E+1 5.595020E+0 1.565200E+0 4.514960E-2
 2.758230E+2 5.956110E+1 5.567780E+1 9.419990E+0 2.703610E+0 1.162180E-1
 3.412820E+2 7.609700E+1 7.367660E+1 1.444140E+1 4.535270E+0 2.830040E-1
 4.148800E+2 9.426920E+1 9.422450E+1 2.036490E+1 7.234210E+0 6.317670E-1
 4.893260E+2 1.115050E+2 1.159240E+2 2.636640E+1 1.088430E+1 1.269930E+0
 5.765910E+2 1.287810E+2 1.395390E+2 3.234350E+1 1.552060E+1 2.291810E+0
 6.580830E+2 1.434090E+2 1.632990E+2 3.755030E+1 2.089070E+1 3.680510E+0
 7.512090E+2 1.566120E+2 1.890280E+2 4.217000E+1 2.685260E+1 5.339380E+0
 8.517780E+2 1.681690E+2 2.170510E+2 4.613970E+1 3.328920E+1 7.083470E+0
 9.409260E+2 1.763940E+2 2.427920E+2 4.903420E+1 3.972520E+1 8.693680E+0
 1.035180E+3 1.833450E+2 2.696170E+2 5.142040E+1 4.637040E+1 1.011080E+1
 9.203680E+0 8.536160E-1 2.057060E-1 5.932680E-4 3.926250E-4 1.365530E-7
 1.344700E+1 1.612370E+0 3.877660E-1 1.747860E-3 1.481200E-3 8.073360E-7
 1.897760E+1 2.773790E+0 7.134490E-1 5.007370E-3 4.219160E-3 3.607670E-6
 2.660530E+1 4.517750E+0 1.286240E+0 1.399780E-2 1.028300E-2 1.379620E-5
 3.667490E+1 6.768950E+0 2.267460E+0 3.793210E-2 2.286830E-2 4.812830E-5
 4.935040E+1 9.609110E+0 3.883560E+0 9.863380E-2 4.804800E-2 1.584660E-4
 6.571870E+1 1.313480E+1 6.403520E+0 2.419280E-1 9.720430E-2 5.014160E-4
 8.687220E+1 1.733620E+1 1.023990E+1 5.666470E-1 1.911120E-1 1.536690E-3
 1.147060E+2 2.305720E+1 1.585780E+1 1.246780E+0 3.660530E-1 4.563750E-3
 1.496300E+2 3.052850E+1 2.382060E+1 2.555950E+0 6.811330E-1 1.305490E-2
 1.914090E+2 3.998440E+1 3.434280E+1 4.760420E+0 1.225620E+0 3.563260E-2
 2.382440E+2 5.129090E+1 4.685800E+1 7.952380E+0 2.134590E+0 9.236530E-2
 2.908060E+2 6.423300E+1 6.164450E+1 1.208410E+1 3.579490E+0 2.245680E-1
 3.511490E+2 7.848930E+1 7.824440E+1 1.683380E+1 5.713700E+0 5.011320E-1
 4.126220E+2 9.197370E+1 9.571660E+1 2.161740E+1 8.615650E+0 1.008010E+0
 4.789610E+2 1.047110E+2 1.143800E+2 2.619740E+1 1.227080E+1 1.814570E+0
 5.443420E+2 1.153540E+2 1.330770E+2 3.011930E+1 1.646750E+1 2.901440E+0
 6.104440E+2 1.243500E+2 1.523190E+2 3.342120E+1 2.106540E+1 4.177300E+0
 6.824530E+2 1.317660E+2 1.723640E+2 3.611350E+1 2.591470E+1 5.501430E+0
 7.525750E+2 1.373500E+2 1.925950E+2 3.815130E+1 3.089900E+1 6.724440E+0
 8.300420E+2 1.420320E+2 2.140390E+2 3.980730E+1 3.603060E+1 7.788430E+0
 8.895080E+0 8.294070E-1 1.519960E-1 4.438640E-4 4.309910E-5 1.527790E-8
 1.284310E+1 1.592430E+0 2.999580E-1 1.368170E-3 4.022190E-4 2.225410E-7
 1.815650E+1 2.743470E+0 5.676560E-1 4.030770E-3 1.775460E-3 1.537810E-6
 2.530110E+1 4.429700E+0 1.042830E+0 1.147300E-2 5.490440E-3 7.451600E-6
 3.440500E+1 6.555820E+0 1.866370E+0 3.160340E-2 1.399880E-2 2.977640E-5
 4.582010E+1 9.082510E+0 3.249090E+0 8.366970E-2 3.191390E-2 1.063030E-4
 6.046670E+1 1.219070E+1 5.452390E+0 2.090140E-1 6.791030E-2 3.535630E-4
 7.979710E+1 1.626370E+1 8.778190E+0 4.907860E-1 1.379670E-1 1.119130E-3
 1.028220E+2 2.099550E+1 1.359360E+1 1.076800E+0 2.705950E-1 3.401540E-3
 1.319440E+2 2.711470E+1 2.021960E+1 2.180890E+0 5.138150E-1 9.925400E-3
 1.668780E+2 3.481170E+1 2.888170E+1 4.019620E+0 9.416410E-1 2.759360E-2
 2.055070E+2 4.385930E+1 3.920280E+1 6.668880E+0 1.655130E+0 7.214550E-2
 2.501350E+2 5.431600E+1 5.139710E+1 1.006970E+1 2.791850E+0 1.761350E-1
 2.956820E+2 6.506070E+1 6.454060E+1 1.382840E+1 4.459390E+0 3.928110E-1
 3.445460E+2 7.527590E+1 7.847050E+1 1.759290E+1 6.731610E+0 7.904570E-1
 3.955440E+2 8.451960E+1 9.289320E+1 2.105450E+1 9.589490E+0 1.420320E+0
 4.472210E+2 9.213070E+1 1.076530E+2 2.397980E+1 1.283710E+1 2.261480E+0
 5.009000E+2 9.827680E+1 1.226730E+2 2.635000E+1 1.641090E+1 3.244150E+0
 5.539470E+2 1.030550E+2 1.379360E+2 2.820220E+1 2.014360E+1 4.251010E+0
 6.094550E+2 1.064510E+2 1.532140E+2 2.953500E+1 2.391560E+1 5.165560E+0
 6.647650E+2 1.090440E+2 1.692820E+2 3.053870E+1 2.779460E+1 5.943310E+0
 8.685900E+0 8.273210E-1 1.093610E-1 3.227020E-4 -1.083040E-7 -3.394820E-11
 1.246910E+1 1.581510E+0 2.316600E-1 1.067320E-3 5.099960E-5 2.870620E-8
 1.759410E+1 2.761860E+0 4.573660E-1 3.279890E-3 5.476700E-4 4.804690E-7
 2.405630E+1 4.267450E+0 8.617690E-1 9.579810E-3 2.554150E-3 3.504250E-6
 3.256850E+1 6.358180E+0 1.567370E+0 2.679410E-2 8.113790E-3 1.742400E-5
 4.332240E+1 8.827960E+0 2.762590E+0 7.183700E-2 2.096440E-2 7.044300E-5
 5.657270E+1 1.164360E+1 4.699140E+0 1.826880E-1 4.804070E-2 2.521640E-4
 7.353320E+1 1.513220E+1 7.647990E+0 4.320590E-1 1.021340E-1 8.347540E-4
 9.419810E+1 1.920810E+1 1.187090E+1 9.443850E-1 2.062050E-1 2.610380E-3
 1.197870E+2 2.450610E+1 1.763240E+1 1.908130E+0 3.994970E-1 7.768160E-3
 1.487510E+2 3.094100E+1 2.501320E+1 3.490060E+0 7.439450E-1 2.193760E-2
 1.816210E+2 3.839380E+1 3.384250E+1 5.751940E+0 1.325470E+0 5.812040E-2
 2.185580E+2 4.697370E+1 4.392640E+1 8.594450E+0 2.250460E+0 1.427300E-1
 2.565360E+2 5.555170E+1 5.483880E+1 1.170150E+1 3.609540E+0 3.192770E-1
 2.993010E+2 6.344090E+1 6.636580E+1 1.473110E+1 5.460720E+0 6.428670E-1
 3.394260E+2 7.053410E+1 7.817250E+1 1.749720E+1 7.767300E+0 1.151790E+0
 3.759320E+2 7.479210E+1 8.871470E+1 1.942950E+1 1.036870E+1 1.825060E+0
 4.258140E+2 8.034830E+1 1.021020E+2 2.149860E+1 1.325760E+1 2.614200E+0
 4.682850E+2 8.357840E+1 1.143100E+2 2.283700E+1 1.624190E+1 3.410060E+0
 5.136930E+2 8.527240E+1 1.268860E+2 2.362970E+1 1.924650E+1 4.101180E+0
 5.538120E+2 8.702480E+1 1.387400E+2 2.435470E+1 2.226770E+1 4.716390E+0
 8.487110E+0 8.298930E-1 6.615720E-2 1.976100E-4 0.000000E+6 0.000000E+6
 1.199610E+1 1.538780E+0 1.620370E-1 7.550080E-4 -1.715400E-7 -8.519000E-11
 1.686750E+1 2.675400E+0 3.462270E-1 2.509870E-3 5.251240E-5 4.691980E-8
 2.303920E+1 4.201720E+0 6.837080E-1 7.676020E-3 6.906680E-4 9.605510E-7
 3.105970E+1 6.285450E+0 1.279320E+0 2.209900E-2 3.502400E-3 7.606860E-6
 4.070800E+1 8.470440E+0 2.293100E+0 6.017210E-2 1.159130E-2 3.934000E-5
 5.288040E+1 1.111570E+1 3.950530E+0 1.550850E-1 3.055780E-2 1.618570E-4
 6.789990E+1 1.408850E+1 6.511110E+0 3.722230E-1 7.054490E-2 5.814750E-4
 8.607060E+1 1.770720E+1 1.020160E+1 8.209720E-1 1.497510E-1 1.910770E-3
 1.078490E+2 2.199660E+1 1.514920E+1 1.645580E+0 2.993830E-1 5.863400E-3
 1.329180E+2 2.734130E+1 2.143750E+1 2.997800E+0 5.694020E-1 1.689940E-2
 1.601610E+2 3.349520E+1 2.884560E+1 4.906570E+0 1.032750E+0 4.558770E-2
 1.900430E+2 4.008900E+1 3.721680E+1 7.247060E+0 1.771620E+0 1.130620E-1
 2.222510E+2 4.678050E+1 4.611570E+1 9.760650E+0 2.856890E+0 2.537990E-1
 2.556930E+2 5.282290E+1 5.537860E+1 1.217980E+1 4.332200E+0 5.112870E-1
 2.869710E+2 5.789370E+1 6.473040E+1 1.429460E+1 6.168720E+0 9.154660E-1
 3.206980E+2 6.162890E+1 7.402780E+1 1.594170E+1 8.234540E+0 1.448220E+0
 3.606500E+2 6.486880E+1 8.431300E+1 1.730860E+1 1.053250E+1 2.069220E+0
 3.917240E+2 6.659880E+1 9.353580E+1 1.816410E+1 1.285560E+1 2.682570E+0
 4.230490E+2 6.769810E+1 1.028490E+2 1.873920E+1 1.519650E+1 3.227820E+0
 4.526870E+2 6.789460E+1 1.115840E+2 1.898560E+1 1.746520E+1 3.656620E+0
 8.424360E+0 8.314970E-1 2.341470E-2 7.104660E-5 0.000000E+6 0.000000E+6
 1.176080E+1 1.538770E+0 8.273520E-2 3.909790E-4 0.000000E+6 0.000000E+6
 1.619390E+1 2.579890E+0 2.167050E-1 1.591360E-3 -2.716380E-7 -2.136430E-10
 2.194950E+1 4.066740E+0 4.781800E-1 5.436350E-3 1.905610E-5 2.725670E-8
 2.902830E+1 5.930730E+0 9.541600E-1 1.666700E-2 5.703240E-4 1.260690E-6
 3.775890E+1 7.949500E+0 1.778350E+0 4.723890E-2 3.754670E-3 1.292370E-5
 4.869820E+1 1.038070E+1 3.134420E+0 1.243410E-1 1.404630E-2 7.531630E-5
 6.123400E+1 1.284260E+1 5.247070E+0 3.037960E-1 3.940690E-2 3.284010E-4
 7.698680E+1 1.593440E+1 8.309610E+0 6.771870E-1 9.368650E-2 1.207500E-3
 9.499900E+1 1.924820E+1 1.241090E+1 1.359540E+0 2.005180E-1 3.964010E-3
 1.154270E+2 2.339750E+1 1.754580E+1 2.461890E+0 3.977160E-1 1.190440E-2
 1.373560E+2 2.796390E+1 2.349860E+1 3.989570E+0 7.397030E-1 3.288920E-2
 1.605250E+2 3.294660E+1 3.009870E+1 5.828720E+0 1.291980E+0 8.297170E-2
 1.845560E+2 3.767800E+1 3.701480E+1 7.756980E+0 2.112180E+0 1.885930E-1
 2.105570E+2 4.181390E+1 4.410270E+1 9.552790E+0 3.224210E+0 3.819060E-1
 2.337490E+2 4.511950E+1 5.115510E+1 1.107000E+1 4.605620E+0 6.842330E-1
 2.579230E+2 4.730330E+1 5.795550E+1 1.218790E+1 6.164200E+0 1.082800E+0
 2.860120E+2 4.912760E+1 6.537500E+1 1.307170E+1 7.849050E+0 1.536040E+0
 3.124280E+2 5.001640E+1 7.248130E+1 1.360970E+1 9.565480E+0 1.980480E+0
 3.340600E+2 5.012850E+1 7.892040E+1 1.385330E+1 1.123680E+1 2.361540E+0
 3.559200E+2 4.987170E+1 8.536510E+1 1.392920E+1 1.289390E+1 2.662020E+0
 8.510180E+0 8.689680E-1 2.380090E-3 7.359030E-6 0.000000E+6 0.000000E+6
 1.160670E+1 1.541330E+0 2.357140E-2 1.132020E-4 0.000000E+6 0.000000E+6
 1.576590E+1 2.613010E+0 9.854450E-2 7.344330E-4 0.000000E+6 0.000000E+6
 2.080510E+1 3.938330E+0 2.788250E-1 3.210670E-3 0.000000E+6 0.000000E+6
 2.724670E+1 5.632990E+0 6.399970E-1 1.132320E-2 2.666730E-6 6.152730E-9
 3.493440E+1 7.487470E+0 1.290270E+0 3.466050E-2 3.954720E-4 1.387510E-6
 4.432160E+1 9.518080E+0 2.381400E+0 9.553170E-2 3.709850E-3 2.019120E-5
 5.532060E+1 1.155640E+1 4.092540E+0 2.390400E-1 1.619550E-2 1.366660E-4
 6.832740E+1 1.410140E+1 6.589340E+0 5.421030E-1 4.894520E-2 6.378620E-4
 8.394270E+1 1.680920E+1 9.953200E+0 1.102200E+0 1.201700E-1 2.399710E-3
 9.986250E+1 1.980280E+1 1.409550E+1 1.986950E+0 2.585410E-1 7.808980E-3
 1.174080E+2 2.319470E+1 1.884140E+1 3.196420E+0 5.050750E-1 2.263240E-2
 1.352090E+2 2.671040E+1 2.397320E+1 4.617730E+0 9.090940E-1 5.878550E-2
 1.533630E+2 2.991560E+1 2.928730E+1 6.065770E+0 1.514940E+0 1.360410E-1
 1.755350E+2 3.253820E+1 3.442550E+1 7.353830E+0 2.336330E+0 2.775240E-1
 1.902500E+2 3.463790E+1 3.987830E+1 8.435410E+0 3.358700E+0 4.997260E-1
 2.108730E+2 3.592920E+1 4.493880E+1 9.201810E+0 4.507490E+0 7.899810E-1
 2.261300E+2 3.662880E+1 5.018430E+1 9.709880E+0 5.727430E+0 1.114680E+0
 2.466300E+2 3.676920E+1 5.521820E+1 9.977330E+0 6.957400E+0 1.427620E+0
 2.630340E+2 3.654220E+1 6.002970E+1 1.007870E+1 8.181810E+0 1.697330E+0
 2.780200E+2 3.593530E+1 6.452720E+1 1.002240E+1 9.350660E+0 1.898360E+0
 8.714880E+0 9.283740E-1 1.438160E-5 4.875680E-8 0.000000E+6 0.000000E+6
 1.183780E+1 1.632460E+0 2.676370E-3 1.304310E-5 0.000000E+6 0.000000E+6
 1.569020E+1 2.649640E+0 3.064600E-2 2.314340E-4 0.000000E+6 0.000000E+6
 2.040580E+1 3.924400E+0 1.360360E-1 1.585750E-3 0.000000E+6 0.000000E+6
 2.618370E+1 5.510550E+0 3.933310E-1 7.031830E-3 0.000000E+6 0.000000E+6
 3.308610E+1 7.168550E+0 9.034760E-1 2.450730E-2 -1.073880E-6 -3.342440E-9
 4.130770E+1 8.938600E+0 1.791920E+0 7.253330E-2 4.414870E-4 2.444240E-6
 5.093070E+1 1.072880E+1 3.209190E+0 1.888970E-1 4.791460E-3 4.095100E-5
 6.211650E+1 1.270190E+1 5.292060E+0 4.381760E-1 2.199070E-2 2.895660E-4
 7.464240E+1 1.473950E+1 8.089940E+0 9.006280E-1 6.747880E-2 1.359620E-3
 8.808990E+1 1.712630E+1 1.153470E+1 1.635030E+0 1.647730E-1 5.016770E-3
 1.030870E+2 1.968140E+1 1.544460E+1 2.622080E+0 3.466040E-1 1.563750E-2
 1.169230E+2 2.220720E+1 1.960520E+1 3.757710E+0 6.520760E-1 4.241060E-2
 1.326190E+2 2.450350E+1 2.386330E+1 4.889220E+0 1.115450E+0 1.006030E-1
 1.476900E+2 2.628280E+1 2.803930E+1 5.875800E+0 1.748160E+0 2.084070E-1
 1.599050E+2 2.751020E+1 3.210130E+1 6.648880E+0 2.533030E+0 3.771800E-1
 1.776550E+2 2.830360E+1 3.633650E+1 7.204490E+0 3.420310E+0 5.983030E-1
 1.903000E+2 2.844090E+1 4.014200E+1 7.507440E+0 4.348900E+0 8.424250E-1
 2.025540E+2 2.817290E+1 4.377270E+1 7.623600E+0 5.275230E+0 1.073530E+0
 2.131790E+2 2.765590E+1 4.721380E+1 7.612750E+0 6.178130E+0 1.267010E+0
 2.241550E+2 2.692980E+1 5.053460E+1 7.500040E+0 7.043940E+0 1.408190E+0
 8.622720E+0 9.816240E-1 0.000000E+6 0.000000E+6 0.000000E+6 0.000000E+6
 1.202680E+1 1.713800E+0 2.251670E-5 1.201760E-7 0.000000E+6 0.000000E+6
 1.576420E+1 2.744410E+0 2.237760E-3 1.720220E-5 0.000000E+6 0.000000E+6
 2.019210E+1 4.015860E+0 3.564160E-2 4.214790E-4 0.000000E+6 0.000000E+6
 2.543230E+1 5.464780E+0 1.737170E-1 3.144060E-3 0.000000E+6 0.000000E+6
 3.148800E+1 6.973420E+0 5.189790E-1 1.423110E-2 0.000000E+6 0.000000E+6
 3.866920E+1 8.492910E+0 1.193980E+0 4.879800E-2 -1.692960E-6 -8.312600E-9
 4.672240E+1 9.894590E+0 2.322540E+0 1.380440E-1 4.205580E-4 3.653840E-6
 5.604520E+1 1.135990E+1 4.007270E+0 3.340150E-1 5.514270E-3 7.356250E-5
 6.647940E+1 1.289080E+1 6.284990E+0 7.029140E-1 2.736960E-2 5.573380E-4
 7.742510E+1 1.453060E+1 9.084250E+0 1.290190E+0 8.615100E-2 2.646720E-3
 8.887880E+1 1.631500E+1 1.223170E+1 2.074200E+0 2.090070E-1 9.503820E-3
 1.018890E+2 1.808730E+1 1.554300E+1 2.960940E+0 4.272310E-1 2.795570E-2
 1.109850E+2 1.957480E+1 1.888180E+1 3.828390E+0 7.694310E-1 6.978710E-2
 1.223580E+2 2.065430E+1 2.212320E+1 4.556050E+0 1.241140E+0 1.484690E-1
 1.339230E+2 2.122390E+1 2.513640E+1 5.076770E+0 1.821580E+0 2.713480E-1
 1.462290E+2 2.144430E+1 2.818210E+1 5.419630E+0 2.476030E+0 4.320370E-1
 1.552240E+2 2.127150E+1 3.100480E+1 5.586630E+0 3.162690E+0 6.088210E-1
 1.631390E+2 2.080230E+1 3.361350E+1 5.608960E+0 3.838980E+0 7.734960E-1
 1.701420E+2 2.012750E+1 3.603170E+1 5.526110E+0 4.489290E+0 9.056340E-1
 1.775210E+2 1.937790E+1 3.828390E+1 5.386910E+0 5.096640E+0 1.000440E+0
 8.457030E+0 9.929830E-1 0.000000E+6 0.000000E+6 0.000000E+6 0.000000E+6
 1.138390E+1 1.733190E+0 0.000000E+6 0.000000E+6 0.000000E+6 0.000000E+6
 1.487680E+1 2.756790E+0 0.000000E+6 0.000000E+6 0.000000E+6 0.000000E+6
 1.954020E+1 4.001610E+0 5.011970E-4 6.053580E-6 0.000000E+6 0.000000E+6
 2.418460E+1 5.342500E+0 2.400570E-2 4.419990E-4 0.000000E+6 0.000000E+6
 2.930740E+1 6.594030E+0 1.604590E-1 4.465080E-3 0.000000E+6 0.000000E+6
 3.521120E+1 7.804300E+0 5.432440E-1 2.247090E-2 0.000000E+6 0.000000E+6
 4.174840E+1 8.821090E+0 1.305050E+0 7.830930E-2 -2.661390E-6 -2.055310E-8
 4.887590E+1 9.691360E+0 2.533320E+0 2.130380E-1 1.075550E-4 1.477050E-6
 5.677990E+1 1.061920E+1 4.241520E+0 4.769210E-1 3.731510E-3 7.722510E-5
 6.493080E+1 1.156110E+1 6.350510E+0 9.024330E-1 2.420690E-2 7.531460E-4
 7.350180E+1 1.259840E+1 8.708920E+0 1.471960E+0 8.487170E-2 3.899250E-3
 8.187340E+1 1.354760E+1 1.114910E+1 2.103490E+0 2.124370E-1 1.401510E-2
 8.974340E+1 1.429980E+1 1.353640E+1 2.696180E+0 4.285140E-1 3.907640E-2
 9.632930E+1 1.477630E+1 1.584360E+1 3.181500E+0 7.417130E-1 8.899120E-2
 1.046550E+2 1.490340E+1 1.799080E+1 3.506060E+0 1.133310E+0 1.687640E-1
 1.115540E+2 1.473590E+1 1.998340E+1 3.682780E+0 1.573820E+0 2.734090E-1
 1.172740E+2 1.432640E+1 2.180840E+1 3.732590E+0 2.029830E+0 3.870940E-1
 1.227330E+2 1.376400E+1 2.348720E+1 3.689690E+0 2.474990E+0 4.914450E-1
 1.271190E+2 1.311950E+1 2.503850E+1 3.586890E+0 2.895560E+0 5.736050E-1
 1.303580E+2 1.243420E+1 2.646390E+1 3.446210E+0 3.288590E+0 6.286580E-1
 7.575110E+0 9.098370E-1 0.000000E+6 0.000000E+6 0.000000E+6 0.000000E+6
 1.026980E+1 1.588100E+0 0.000000E+6 0.000000E+6 0.000000E+6 0.000000E+6
 1.340770E+1 2.518600E+0 0.000000E+6 0.000000E+6 0.000000E+6 0.000000E+6
 1.680950E+1 3.603270E+0 0.000000E+6 0.000000E+6 0.000000E+6 0.000000E+6
 2.118520E+1 4.690600E+0 8.172070E-5 1.645200E-6 0.000000E+6 0.000000E+6
 2.529120E+1 5.729170E+0 1.041270E-2 2.946950E-4 0.000000E+6 0.000000E+6
 2.962030E+1 6.521740E+0 1.160330E-1 4.867710E-3 0.000000E+6 0.000000E+6
 3.426490E+1 7.109990E+0 4.698270E-1 2.851480E-2 0.000000E+6 0.000000E+6
 3.941370E+1 7.583110E+0 1.199550E+0 1.016550E-1 0.000000E+6 0.000000E+6
 4.497530E+1 8.024570E+0 2.339130E+0 2.641800E-1 -6.463800E-6 -1.214780E-7
 5.064690E+1 8.457280E+0 3.807980E+0 5.414480E-1 1.688670E-3 5.345200E-5
 5.631600E+1 8.915780E+0 5.467360E+0 9.181700E-1 1.672710E-2 7.779560E-4
 6.169890E+1 9.325150E+0 7.167250E+0 1.334600E+0 6.821150E-2 4.541740E-3
 6.708840E+1 9.616330E+0 8.814830E+0 1.719120E+0 1.790250E-1 1.643360E-2
 7.209270E+1 9.696010E+0 1.034910E+1 2.013190E+0 3.582760E-1 4.305350E-2
 7.632600E+1 9.553700E+0 1.173270E+1 2.193490E+0 5.960700E-1 8.865790E-2
 8.010400E+1 9.238040E+0 1.297080E+1 2.270540E+0 8.694080E-1 1.500980E-1
 8.324510E+1 8.769520E+0 1.399240E+1 2.258450E+0 1.150320E+0 2.168430E-1
 8.607300E+1 8.277230E+0 1.505730E+1 2.200410E+0 1.424010E+0 2.777250E-1
 8.942050E+1 7.730640E+0 1.591610E+1 2.100760E+0 1.675760E+0 3.235100E-1
 9.105360E+1 7.195310E+0 1.671590E+1 1.985490E+0 1.905410E+0 3.526560E-1
 6.250700E+0 7.616240E-1 0.000000E+6 0.000000E+6 0.000000E+6 0.000000E+6
 8.467370E+0 1.327760E+0 0.000000E+6 0.000000E+6 0.000000E+6 0.000000E+6
 1.098640E+1 2.086220E+0 0.000000E+6 0.000000E+6 0.000000E+6 0.000000E+6
 1.377880E+1 2.958760E+0 0.000000E+6 0.000000E+6 0.000000E+6 0.000000E+6
 1.662170E+1 3.802010E+0 0.000000E+6 0.000000E+6 0.000000E+6 0.000000E+6
 2.020020E+1 4.520950E+0 1.205550E-4 3.691380E-6 0.000000E+6 0.000000E+6
 2.327670E+1 5.038510E+0 5.571680E-3 2.374820E-4 0.000000E+6 0.000000E+6
 2.640160E+1 5.381500E+0 9.251560E-2 5.670100E-3 0.000000E+6 0.000000E+6
 2.974240E+1 5.555020E+0 4.083610E-1 3.485090E-2 0.000000E+6 0.000000E+6
 3.336290E+1 5.687000E+0 1.047600E+0 1.187360E-1 0.000000E+6 0.000000E+6
 3.718080E+1 5.836040E+0 1.986960E+0 2.821370E-1 -9.923060E-6 -2.865640E-7
 4.069410E+1 5.974690E+0 3.099440E+0 5.170620E-1 9.488660E-4 4.476700E-5
 4.450750E+1 6.107190E+0 4.258540E+0 7.819750E-1 1.269880E-2 8.531110E-4
 4.759640E+1 6.148320E+0 5.369740E+0 1.024310E+0 5.512500E-2 5.088160E-3
 5.025150E+1 6.069810E+0 6.383580E+0 1.203830E+0 1.434090E-1 1.728620E-2
 5.304830E+1 5.861250E+0 7.270050E+0 1.304690E+0 2.760820E-1 4.096990E-2
 5.510270E+1 5.555660E+0 8.037240E+0 1.336950E+0 4.378010E-1 7.505840E-2
 5.689990E+1 5.185230E+0 8.696580E+0 1.315090E+0 6.085110E-1 1.132740E-1
 5.838740E+1 4.786110E+0 9.274040E+0 1.259070E+0 7.731150E-1 1.476960E-1
 5.937480E+1 4.394810E+0 9.777920E+0 1.185420E+0 9.242590E-1 1.736680E-1
 6.032580E+1 4.023540E+0 1.021720E+1 1.104250E+0 1.057040E+0 1.894910E-1
---