PdfType: central
Format: lhagrid1
---
 1.000000E-6 1.700000E-6 3.200000E-6 6.000000E-6 1.000000E-5 1.700000E-5 3.200000E-5 6.000000E-5 1.000000E-4 1.700000E-4 3.200000E-4 6.000000E-4 1.000000E-3 1.700000E-3 3.200000E-3 6.000000E-3 1.000000E-2 1.700000E-2 3.200000E-2 6.000000E-2 1.000000E-1
 3.162278E-1 3.981068E-1 5.011876E-1 6.309572E-1 7.943280E-1 1.000000E+0 1.258924E+0 1.584894E+0 1.995262E+0 2.511886E+0 3.162278E+0 3.981068E+0 5.011876E+0 6.309572E+0 7.943280E+0 1.000000E+1 1.258924E+1 1.584894E+1 1.995262E+1 2.511886E+1 3.162278E+1
900 901 917 918 920 921
 3.095380E+0 2.235630E-1 1.944130E-1 5.266300E-4 3.987140E-3 1.281320E-6
 4.623720E+0 4.387240E-1 3.305640E-1 1.412580E-3 7.061430E-3 3.591820E-6
 6.834590E+0 8.113240E-1 5.597400E-1 3.756500E-3 1.246790E-2 1.003310E-5
 9.972420E+0 1.398650E+0 9.407270E-1 9.853990E-3 2.192380E-2 2.786840E-5
 1.436540E+1 2.278290E+0 1.563370E+0 2.533450E-2 3.836730E-2 7.698560E-5
 2.041320E+1 3.528910E+0 2.559100E+0 6.352530E-2 6.702370E-2 2.122670E-4
 2.856380E+1 5.263270E+0 4.090030E+0 1.529650E-1 1.163500E-1 5.801140E-4
 4.125560E+1 7.922280E+0 6.569250E+0 3.613640E-1 2.042500E-1 1.597250E-3
 6.083240E+1 1.218430E+1 1.061760E+1 8.322920E-1 3.647630E-1 4.447240E-3
 8.555550E+1 1.790230E+1 1.631880E+1 1.749310E+0 6.420080E-1 1.209100E-2
 1.169430E+2 2.553950E+1 2.401880E+1 3.346530E+0 1.113460E+0 3.199710E-2
 1.536650E+2 3.497060E+1 3.364720E+1 5.755590E+0 1.879160E+0 8.075060E-2
 1.964410E+2 4.614420E+1 4.507620E+1 8.969150E+0 3.062290E+0 1.914200E-1
 2.426460E+2 5.788810E+1 5.793460E+1 1.268080E+1 4.781620E+0 4.189850E-1
 2.938320E+2 6.962300E+1 7.216790E+1 1.657190E+1 7.092440E+0 8.306260E-1
 3.453090E+2 8.000700E+1 8.682650E+1 2.017410E+1 9.937110E+0 1.470590E+0
 4.342540E+2 9.298530E+1 1.091140E+2 2.430840E+1 1.356630E+1 2.383270E+0
 4.915870E+2 9.990460E+1 1.253910E+2 2.686620E+1 1.723220E+1 3.396590E+0
 5.482310E+2 1.051410E+2 1.414300E+2 2.882770E+1 2.103000E+1 4.423960E+0
 6.048410E+2 1.091070E+2 1.577430E+2 3.031230E+1 2.495000E+1 5.369210E+0
 6.610100E+2 1.118670E+2 1.739350E+2 3.136080E+1 2.895560E+1 6.160740E+0
 3.089420E+0 2.294630E-1 1.761460E-1 4.779210E-4 3.491940E-3 1.122630E-6
 4.645740E+0 4.573490E-1 3.007260E-1 1.288210E-3 6.204210E-3 3.157650E-6
 6.825040E+0 8.363490E-1 5.107670E-1 3.430720E-3 1.098330E-2 8.844080E-6
 9.888650E+0 1.425950E+0 8.609640E-1 9.042810E-3 1.937740E-2 2.466730E-5
 1.420450E+1 2.321350E+0 1.438210E+0 2.340840E-2 3.401100E-2 6.832060E-5
 2.003260E+1 3.562990E+0 2.360770E+0 5.883220E-2 5.941250E-2 1.881620E-4
 2.792260E+1 5.226790E+0 3.792630E+0 1.421230E-1 1.035960E-1 5.168350E-4
 3.988980E+1 7.813910E+0 6.099890E+0 3.370390E-1 1.818060E-1 1.422860E-3
 5.783180E+1 1.172040E+1 9.787020E+0 7.697280E-1 3.234140E-1 3.946530E-3
 8.044470E+1 1.694190E+1 1.496880E+1 1.610360E+0 5.681070E-1 1.071500E-2
 1.084140E+2 2.374530E+1 2.188250E+1 3.054500E+0 9.816210E-1 2.822650E-2
 1.415450E+2 3.216480E+1 3.050240E+1 5.225100E+0 1.655100E+0 7.116920E-2
 1.790720E+2 4.173940E+1 4.057960E+1 8.048120E+0 2.690860E+0 1.683490E-1
 2.200340E+2 5.199260E+1 5.196480E+1 1.133810E+1 4.197340E+0 3.681600E-1
 2.640960E+2 6.181020E+1 6.425510E+1 1.467350E+1 6.202780E+0 7.267460E-1
 3.224520E+2 7.239460E+1 7.962700E+1 1.817690E+1 8.785010E+0 1.299300E+0
 3.849000E+2 8.118890E+1 9.587110E+1 2.120200E+1 1.178000E+1 2.068500E+0
 4.332640E+2 8.679310E+1 1.095980E+2 2.332560E+1 1.491360E+1 2.940560E+0
 4.821810E+2 9.107570E+1 1.235470E+2 2.496070E+1 1.820910E+1 3.825390E+0
 5.309590E+2 9.424910E+1 1.374940E+2 2.617800E+1 2.157230E+1 4.632970E+0
 5.795620E+2 9.657980E+1 1.514540E+2 2.707090E+1 2.498130E+1 5.315570E+0
 3.082290E+0 2.387330E-1 1.566580E-1 4.276250E-4 2.972400E-3 9.559080E-7
 4.589330E+0 4.638750E-1 2.670850E-1 1.145150E-3 5.296620E-3 2.697010E-6
 6.727130E+0 8.483460E-1 4.553520E-1 3.070820E-3 9.409950E-3 7.582340E-6
 9.717340E+0 1.455610E+0 7.697850E-1 8.106520E-3 1.665000E-2 2.121590E-5
 1.386700E+1 2.343010E+0 1.291250E+0 2.108520E-2 2.932690E-2 5.900200E-5
 1.941110E+1 3.535900E+0 2.127690E+0 5.325340E-2 5.139340E-2 1.629770E-4
 2.695290E+1 5.179730E+0 3.442760E+0 1.300000E-1 8.972120E-2 4.478080E-4
 3.799940E+1 7.586930E+0 5.515790E+0 3.059060E-1 1.574650E-1 1.233080E-3
 5.404750E+1 1.105510E+1 8.803240E+0 6.944500E-1 2.790570E-1 3.408470E-3
 7.409500E+1 1.563890E+1 1.340070E+1 1.442580E+0 4.888030E-1 9.225560E-3
 9.885350E+1 2.156650E+1 1.947360E+1 2.719450E+0 8.425780E-1 2.425120E-2
 1.274120E+2 2.875140E+1 2.692720E+1 4.606830E+0 1.415460E+0 6.090900E-2
 1.597480E+2 3.691790E+1 3.568120E+1 7.058070E+0 2.298310E+0 1.438740E-1
 1.944190E+2 4.527020E+1 4.530100E+1 9.813550E+0 3.568700E+0 3.127260E-1
 2.316860E+2 5.342590E+1 5.574750E+1 1.263820E+1 5.276710E+0 6.183580E-1
 2.809410E+2 6.190070E+1 6.856360E+1 1.550570E+1 7.436870E+0 1.099090E+0
 3.319590E+2 6.889540E+1 8.183550E+1 1.796960E+1 9.935520E+0 1.746030E+0
 3.724640E+2 7.329750E+1 9.335350E+1 1.968290E+1 1.256530E+1 2.474900E+0
 4.137460E+2 7.660590E+1 1.050490E+2 2.098350E+1 1.532340E+1 3.209530E+0
 4.542100E+2 7.909840E+1 1.166390E+2 2.196190E+1 1.812920E+1 3.881810E+0
 4.943480E+2 8.090760E+1 1.281980E+2 2.267270E+1 2.096210E+1 4.448240E+0
 3.032610E+0 2.429850E-1 1.385010E-1 3.810910E-4 2.515640E-3 8.091670E-7
 4.510940E+0 4.754590E-1 2.368690E-1 1.019280E-3 4.504330E-3 2.294420E-6
 6.594800E+0 8.631730E-1 4.039000E-1 2.727110E-3 8.030950E-3 6.474870E-6
 9.495500E+0 1.471750E+0 6.845830E-1 7.231830E-3 1.426040E-2 1.818160E-5
 1.340490E+1 2.321970E+0 1.153350E+0 1.892400E-2 2.522360E-2 5.080420E-5
 1.869000E+1 3.497170E+0 1.906870E+0 4.792620E-2 4.434730E-2 1.408080E-4
 2.573430E+1 5.068900E+0 3.090200E+0 1.170420E-1 7.749850E-2 3.870120E-4
 3.571640E+1 7.247040E+0 4.952070E+0 2.753860E-1 1.358770E-1 1.064450E-3
 5.016870E+1 1.040270E+1 7.868950E+0 6.232260E-1 2.398520E-1 2.929970E-3
 6.788640E+1 1.438340E+1 1.189420E+1 1.283360E+0 4.192440E-1 7.914120E-3
 8.943300E+1 1.953470E+1 1.721350E+1 2.407370E+0 7.212920E-1 2.077590E-2
 1.141480E+2 2.560670E+1 2.368530E+1 4.050740E+0 1.209690E+0 5.212020E-2
 1.419160E+2 3.254130E+1 3.119290E+1 6.173410E+0 1.960680E+0 1.229780E-1
 1.715050E+2 3.941290E+1 3.941830E+1 8.500540E+0 3.038330E+0 2.666660E-1
 2.028110E+2 4.600140E+1 4.815340E+1 1.084200E+1 4.470220E+0 5.231750E-1
 2.438160E+2 5.284940E+1 5.885050E+1 1.321300E+1 6.293880E+0 9.301890E-1
 2.861560E+2 5.837930E+1 6.981590E+1 1.520920E+1 8.382400E+0 1.472260E+0
 3.198490E+2 6.186920E+1 7.941220E+1 1.660200E+1 1.058260E+1 2.082490E+0
 3.541910E+2 6.447940E+1 8.915000E+1 1.765360E+1 1.288740E+1 2.696150E+0
 3.867150E+2 6.650270E+1 9.868790E+1 1.845950E+1 1.521750E+1 3.260080E+0
 4.197780E+2 6.790960E+1 1.082520E+2 1.902710E+1 1.757550E+1 3.731250E+0
 2.979560E+0 2.428890E-1 1.244620E-1 3.445580E-4 2.182280E-3 7.020630E-7
 4.403770E+0 4.728840E-1 2.141210E-1 9.268160E-4 3.928490E-3 2.001430E-6
 6.451050E+0 8.689790E-1 3.653180E-1 2.473080E-3 7.035590E-3 5.673870E-6
 9.182130E+0 1.456610E+0 6.203770E-1 6.557220E-3 1.253610E-2 1.599000E-5
 1.292970E+1 2.298060E+0 1.043500E+0 1.711550E-2 2.222140E-2 4.478350E-5
 1.798730E+1 3.442340E+0 1.735310E+0 4.368600E-2 3.922280E-2 1.246500E-4
 2.466250E+1 4.945720E+0 2.820210E+0 1.070580E-1 6.869620E-2 3.432880E-4
 3.390200E+1 6.968160E+0 4.518820E+0 2.523010E-1 1.203200E-1 9.428750E-4
 4.688000E+1 9.769320E+0 7.135730E+0 5.665190E-1 2.116910E-1 2.587750E-3
 6.282360E+1 1.338790E+1 1.076760E+1 1.165410E+0 3.692230E-1 6.979000E-3
 8.204730E+1 1.793230E+1 1.549410E+1 2.173940E+0 6.343460E-1 1.828790E-2
 1.039190E+2 2.319160E+1 2.122670E+1 3.631360E+0 1.062490E+0 4.581850E-2
 1.281800E+2 2.913600E+1 2.782270E+1 5.489060E+0 1.719680E+0 1.078580E-1
 1.541120E+2 3.512530E+1 3.501960E+1 7.540080E+0 2.660080E+0 2.335200E-1
 1.813620E+2 4.068240E+1 4.266130E+1 9.566760E+0 3.911340E+0 4.582880E-1
 2.167310E+2 4.639970E+1 5.188740E+1 1.158120E+1 5.488670E+0 8.110540E-1
 2.535430E+2 5.089810E+1 6.128640E+1 1.324720E+1 7.296420E+0 1.278880E+0
 2.822310E+2 5.384830E+1 6.951760E+1 1.444120E+1 9.194450E+0 1.808050E+0
 3.112250E+2 5.604530E+1 7.782530E+1 1.533970E+1 1.117880E+1 2.340330E+0
 3.402500E+2 5.769870E+1 8.630070E+1 1.601160E+1 1.323000E+1 2.825460E+0
 3.681980E+2 5.877380E+1 9.434240E+1 1.646490E+1 1.523700E+1 3.227420E+0
 2.897340E+0 2.423440E-1 1.103400E-1 3.062560E-4 1.876950E-3 6.038760E-7
 4.288760E+0 4.706410E-1 1.918620E-1 8.351680E-4 3.387480E-3 1.726020E-6
 6.232290E+0 8.594260E-1 3.281430E-1 2.224930E-3 6.098440E-3 4.919270E-6
 8.864700E+0 1.440660E+0 5.574220E-1 5.907980E-3 1.092360E-2 1.393780E-5
 1.244320E+1 2.252940E+0 9.419470E-1 1.550360E-2 1.944280E-2 3.920000E-5
 1.717630E+1 3.352640E+0 1.565070E+0 3.949030E-2 3.438040E-2 1.093550E-4
 2.341790E+1 4.770910E+0 2.553500E+0 9.719790E-2 6.047720E-2 3.025540E-4
 3.188290E+1 6.630830E+0 4.087870E+0 2.285810E-1 1.058410E-1 8.297200E-4
 4.359800E+1 9.171370E+0 6.432500E+0 5.121750E-1 1.856000E-1 2.269800E-3
 5.785180E+1 1.236290E+1 9.656870E+0 1.046730E+0 3.229450E-1 6.106250E-3
 7.476950E+1 1.630410E+1 1.384360E+1 1.940620E+0 5.535110E-1 1.595860E-2
 9.390430E+1 2.088580E+1 1.889470E+1 3.232670E+0 9.270850E-1 3.999070E-2
 1.151620E+2 2.580120E+1 2.462940E+1 4.827560E+0 1.496410E+0 9.379500E-2
 1.375840E+2 3.096040E+1 3.090360E+1 6.624640E+0 2.312840E+0 2.030350E-1
 1.608210E+2 3.568980E+1 3.750300E+1 8.372650E+0 3.395750E+0 3.978720E-1
 1.914870E+2 4.042390E+1 4.541070E+1 1.007660E+1 4.756190E+0 7.026740E-1
 2.227960E+2 4.415690E+1 5.347140E+1 1.148330E+1 6.313470E+0 1.106280E+0
 2.477960E+2 4.652590E+1 6.049880E+1 1.247060E+1 7.945770E+0 1.559020E+0
 2.726340E+2 4.833950E+1 6.761950E+1 1.322570E+1 9.651000E+0 2.015970E+0
 2.968990E+2 4.973530E+1 7.481820E+1 1.379890E+1 1.140570E+1 2.433810E+0
 3.211490E+2 5.069140E+1 8.188040E+1 1.419860E+1 1.315520E+1 2.781820E+0
 2.771910E+0 2.384800E-1 9.493450E-2 2.641930E-4 1.566730E-3 5.041320E-7
 4.098680E+0 4.640290E-1 1.664550E-1 7.287830E-4 2.829570E-3 1.441920E-6
 5.967460E+0 8.420190E-1 2.877900E-1 1.965880E-3 5.105770E-3 4.119270E-6
 8.434560E+0 1.401290E+0 4.895720E-1 5.199870E-3 9.191640E-3 1.173200E-5
 1.177990E+1 2.203480E+0 8.272860E-1 1.361760E-2 1.646460E-2 3.321160E-5
 1.618040E+1 3.243810E+0 1.378630E+0 3.488440E-2 2.927870E-2 9.317340E-5
 2.184690E+1 4.503480E+0 2.250870E+0 8.585310E-2 5.170380E-2 2.589750E-4
 2.950030E+1 6.216900E+0 3.600590E+0 2.020260E-1 9.061610E-2 7.111770E-4
 3.969430E+1 8.429430E+0 5.640290E+0 4.502630E-1 1.583340E-1 1.936810E-3
 5.204800E+1 1.111750E+1 8.451950E+0 9.178390E-1 2.748710E-1 5.198590E-3
 6.654090E+1 1.437820E+1 1.204760E+1 1.687120E+0 4.702340E-1 1.357170E-2
 8.299690E+1 1.829710E+1 1.638770E+1 2.800690E+0 7.853610E-1 3.390600E-2
 1.010630E+2 2.240920E+1 2.127690E+1 4.163360E+0 1.266080E+0 7.939780E-2
 1.199510E+2 2.656980E+1 2.655550E+1 5.657680E+0 1.955020E+0 1.716600E-1
 1.396470E+2 3.052730E+1 3.218540E+1 7.141960E+0 2.872650E+0 3.370290E-1
 1.647510E+2 3.422310E+1 3.863970E+1 8.516790E+0 4.003210E+0 5.912300E-1
 1.907550E+2 3.720320E+1 4.528340E+1 9.665630E+0 5.303560E+0 9.290330E-1
 2.115540E+2 3.909350E+1 5.113010E+1 1.047220E+1 6.666370E+0 1.307220E+0
 2.321520E+2 4.053630E+1 5.704740E+1 1.108650E+1 8.087450E+0 1.688120E+0
 2.526090E+2 4.158630E+1 6.295430E+1 1.153530E+1 9.533680E+0 2.033050E+0
 2.722170E+2 4.239790E+1 6.889590E+1 1.187390E+1 1.100660E+1 2.325390E+0
 2.685590E+0 2.383780E-1 8.105990E-2 2.259880E-4 1.309020E-3 4.212200E-7
 3.941540E+0 4.602490E-1 1.432120E-1 6.284020E-4 2.364360E-3 1.205030E-6
 5.664010E+0 8.167600E-1 2.500870E-1 1.719870E-3 4.267520E-3 3.443350E-6
 8.034320E+0 1.373880E+0 4.288690E-1 4.579780E-3 7.695030E-3 9.823590E-6
 1.113190E+1 2.123520E+0 7.251770E-1 1.197140E-2 1.384140E-2 2.792910E-5
 1.509700E+1 3.061030E+0 1.208440E+0 3.059610E-2 2.478300E-2 7.890510E-5
 2.032060E+1 4.286550E+0 1.977310E+0 7.559290E-2 4.398880E-2 2.204490E-4
 2.707460E+1 5.733230E+0 3.160230E+0 1.776040E-1 7.732920E-2 6.076170E-4
 3.599120E+1 7.662710E+0 4.925950E+0 3.937440E-1 1.348730E-1 1.651280E-3
 4.668920E+1 9.972300E+0 7.349650E+0 7.985370E-1 2.336830E-1 4.419630E-3
 5.933270E+1 1.281770E+1 1.047290E+1 1.471320E+0 3.992010E-1 1.152620E-2
 7.335910E+1 1.599390E+1 1.415610E+1 2.417430E+0 6.649740E-1 2.871630E-2
 8.840910E+1 1.940090E+1 1.831820E+1 3.581670E+0 1.071790E+0 6.729140E-2
 1.044120E+2 2.279760E+1 2.277700E+1 4.832390E+0 1.650510E+0 1.449200E-1
 1.207770E+2 2.597530E+1 2.748260E+1 6.059650E+0 2.420920E+0 2.837330E-1
 1.417620E+2 2.898160E+1 3.282910E+1 7.201580E+0 3.370780E+0 4.977430E-1
 1.632300E+2 3.134250E+1 3.831130E+1 8.136140E+0 4.455740E+0 7.802710E-1
 1.802220E+2 3.288020E+1 4.314240E+1 8.803760E+0 5.591180E+0 1.097580E+0
 1.973270E+2 3.403090E+1 4.806850E+1 9.304770E+0 6.777650E+0 1.415780E+0
 2.146030E+2 3.484170E+1 5.302580E+1 9.662400E+0 7.986910E+0 1.702000E+0
 2.305140E+2 3.542750E+1 5.788110E+1 9.920510E+0 9.212040E+0 1.941950E+0
 2.577360E+0 2.367360E-1 7.070730E-2 1.974520E-4 1.130960E-3 3.639630E-7
 3.765550E+0 4.480100E-1 1.257070E-1 5.526440E-4 2.042980E-3 1.041310E-6
 5.417190E+0 8.013250E-1 2.211100E-1 1.524400E-3 3.687830E-3 2.975840E-6
 7.642410E+0 1.338020E+0 3.828680E-1 4.108790E-3 6.650620E-3 8.490910E-6
 1.053110E+1 2.056050E+0 6.492420E-1 1.074740E-2 1.197520E-2 2.416670E-5
 1.425320E+1 2.955130E+0 1.084770E+0 2.750720E-2 2.149570E-2 6.845750E-5
 1.898270E+1 4.030760E+0 1.775560E+0 6.793380E-2 3.836630E-2 1.923290E-4
 2.509630E+1 5.362690E+0 2.833010E+0 1.595620E-1 6.773850E-2 5.325550E-4
 3.307720E+1 7.067300E+0 4.400210E+0 3.520240E-1 1.182280E-1 1.448600E-3
 4.262620E+1 9.071250E+0 6.544730E+0 7.123830E-1 2.044280E-1 3.868240E-3
 5.366500E+1 1.148270E+1 9.282880E+0 1.301680E+0 3.488790E-1 1.007340E-2
 6.598020E+1 1.428540E+1 1.254870E+1 2.142030E+0 5.808630E-1 2.508840E-2
 7.923920E+1 1.720310E+1 1.617730E+1 3.155240E+0 9.347020E-1 5.869840E-2
 9.299010E+1 2.003790E+1 2.006020E+1 4.235490E+0 1.440440E+0 1.265660E-1
 1.070770E+2 2.272730E+1 2.411220E+1 5.291080E+0 2.105200E+0 2.465660E-1
 1.252540E+2 2.526690E+1 2.871340E+1 6.270460E+0 2.926020E+0 4.319500E-1
 1.437040E+2 2.724110E+1 3.340840E+1 7.066510E+0 3.863840E+0 6.764710E-1
 1.582380E+2 2.852580E+1 3.756610E+1 7.634630E+0 4.844770E+0 9.506990E-1
 1.729510E+2 2.948700E+1 4.181020E+1 8.060260E+0 5.869510E+0 1.225480E+0
 1.871920E+2 3.018800E+1 4.601440E+1 8.370740E+0 6.908590E+0 1.474100E+0
 2.014320E+2 3.064560E+1 5.026290E+1 8.580570E+0 7.970570E+0 1.679170E+0
 2.446820E+0 2.279020E-1 6.116230E-2 1.710350E-4 9.716180E-4 3.126930E-7
 3.617240E+0 4.398040E-1 1.090600E-1 4.801100E-4 1.755210E-3 8.946940E-7
 5.169140E+0 7.880160E-1 1.930130E-1 1.333260E-3 3.168710E-3 2.557230E-6
 7.225860E+0 1.289510E+0 3.371510E-1 3.634170E-3 5.714730E-3 7.296730E-6
 9.897420E+0 1.958020E+0 5.769780E-1 9.592640E-3 1.029090E-2 2.077060E-5
 1.334190E+1 2.792880E+0 9.643220E-1 2.445980E-2 1.848820E-2 5.889000E-5
 1.765700E+1 3.806800E+0 1.580420E+0 6.050600E-2 3.307970E-2 1.658820E-4
 2.318900E+1 5.013320E+0 2.523630E+0 1.423050E-1 5.872780E-2 4.618440E-4
 3.029130E+1 6.462810E+0 3.900200E+0 3.122840E-1 1.028280E-1 1.260780E-3
 3.856510E+1 8.215350E+0 5.789350E+0 6.304880E-1 1.778290E-1 3.367790E-3
 4.831580E+1 1.027780E+1 8.194720E+0 1.149620E+0 3.027580E-1 8.743470E-3
 5.903080E+1 1.262060E+1 1.101810E+1 1.875150E+0 5.037780E-1 2.176110E-2
 7.036240E+1 1.513270E+1 1.417520E+1 2.763790E+0 8.099290E-1 5.088230E-2
 8.230820E+1 1.757420E+1 1.753780E+1 3.702490E+0 1.244720E+0 1.093680E-1
 9.457840E+1 1.979150E+1 2.101970E+1 4.598290E+0 1.817080E+0 2.128280E-1
 1.099440E+2 2.189150E+1 2.494500E+1 5.427670E+0 2.526100E+0 3.729610E-1
 1.254700E+2 2.351990E+1 2.887000E+1 6.098670E+0 3.325210E+0 5.828770E-1
 1.380710E+2 2.459340E+1 3.249720E+1 6.579910E+0 4.173720E+0 8.187600E-1
 1.508080E+2 2.539560E+1 3.618920E+1 6.939680E+0 5.060610E+0 1.054320E+0
 1.627910E+2 2.597140E+1 3.972660E+1 7.200480E+0 5.944040E+0 1.267680E+0
 1.753470E+2 2.640010E+1 4.344370E+1 7.391060E+0 6.857380E+0 1.446260E+0
 2.326290E+0 2.205510E-1 5.134930E-2 1.437230E-4 8.106330E-4 2.608990E-7
 3.398570E+0 4.244130E-1 9.169610E-2 4.041190E-4 1.464490E-3 7.465140E-7
 4.826970E+0 7.478230E-1 1.627760E-1 1.126280E-3 2.644110E-3 2.133920E-6
 6.735550E+0 1.229600E+0 2.862430E-1 3.091770E-3 4.769120E-3 6.090050E-6
 9.219060E+0 1.869830E+0 4.953880E-1 8.285130E-3 8.588970E-3 1.733700E-5
 1.230500E+1 2.636390E+0 8.359610E-1 2.131840E-2 1.543340E-2 4.916740E-5
 1.618140E+1 3.502500E+0 1.371160E+0 5.249930E-2 2.762900E-2 1.385850E-4
 2.104390E+1 4.558300E+0 2.185260E+0 1.231760E-1 4.918100E-2 3.869120E-4
 2.698200E+1 5.767830E+0 3.368700E+0 2.700300E-1 8.663300E-2 1.062740E-3
 3.416290E+1 7.239500E+0 4.981920E+0 5.423750E-1 1.501600E-1 2.846150E-3
 4.237130E+1 8.922090E+0 7.026060E+0 9.845270E-1 2.554180E-1 7.379440E-3
 5.143700E+1 1.088880E+1 9.424340E+0 1.602480E+0 4.242550E-1 1.832710E-2
 6.113080E+1 1.294170E+1 1.208780E+1 2.349120E+0 6.811440E-1 4.277020E-2
 7.111950E+1 1.491760E+1 1.490890E+1 3.131280E+0 1.046310E+0 9.189450E-2
 8.131220E+1 1.674010E+1 1.781750E+1 3.880700E+0 1.526680E+0 1.788410E-1
 9.391150E+1 1.841840E+1 2.106330E+1 4.560720E+0 2.118050E+0 3.126580E-1
 1.069940E+2 1.971330E+1 2.432290E+1 5.107630E+0 2.785880E+0 4.874680E-1
 1.172230E+2 2.059440E+1 2.730820E+1 5.507670E+0 3.491600E+0 6.847140E-1
 1.276620E+2 2.125500E+1 3.039760E+1 5.806690E+0 4.233070E+0 8.819010E-1
 1.376320E+2 2.168270E+1 3.330140E+1 6.010480E+0 4.966720E+0 1.057860E+0
 1.485250E+2 2.199700E+1 3.640150E+1 6.157450E+0 5.717020E+0 1.204130E+0
 2.197290E+0 2.143310E-1 4.311380E-2 1.207720E-4 6.770590E-4 2.179180E-7
 3.180870E+0 4.066400E-1 7.703990E-2 3.399180E-4 1.223230E-3 6.235930E-7
 4.511240E+0 7.131520E-1 1.369550E-1 9.488220E-4 2.208620E-3 1.782560E-6
 6.282570E+0 1.167870E+0 2.413840E-1 2.611360E-3 3.984050E-3 5.087860E-6
 8.486630E+0 1.745530E+0 4.201470E-1 7.043440E-3 7.175630E-3 1.448550E-5
 1.123530E+1 2.395810E+0 7.159760E-1 1.835400E-2 1.289380E-2 4.108180E-5
 1.472440E+1 3.208090E+0 1.184310E+0 4.551180E-2 2.308700E-2 1.158200E-4
 1.897010E+1 4.103220E+0 1.888340E+0 1.064770E-1 4.110760E-2 3.234910E-4
 2.409130E+1 5.120200E+0 2.902060E+0 2.323990E-1 7.256650E-2 8.904500E-4
 3.026270E+1 6.357140E+0 4.279390E+0 4.661700E-1 1.263240E-1 2.395810E-3
 3.708810E+1 7.750400E+0 6.012420E+0 8.422550E-1 2.153030E-1 6.225440E-3
 4.480390E+1 9.371570E+0 8.051160E+0 1.367670E+0 3.572580E-1 1.543770E-2
 5.285730E+1 1.105140E+1 1.028580E+1 1.995220E+0 5.729790E-1 3.599160E-2
 6.119500E+1 1.267830E+1 1.264690E+1 2.651990E+0 8.788110E-1 7.718690E-2
 6.956100E+1 1.416170E+1 1.508380E+1 3.276590E+0 1.281460E+0 1.501060E-1
 8.016300E+1 1.550670E+1 1.777150E+1 3.835430E+0 1.775910E+0 2.621330E-1
 9.100340E+1 1.653950E+1 2.046170E+1 4.282720E+0 2.333030E+0 4.081590E-1
 9.966780E+1 1.723850E+1 2.297040E+1 4.607960E+0 2.923210E+0 5.722290E-1
 1.083070E+2 1.775920E+1 2.548260E+1 4.850560E+0 3.534800E+0 7.362140E-1
 1.165620E+2 1.812980E+1 2.795280E+1 5.024860E+0 4.153400E+0 8.841060E-1
 1.249400E+2 1.838550E+1 3.045210E+1 5.146400E+0 4.777670E+0 1.006840E+0
 2.086930E+0 2.050550E-1 3.741510E-2 1.049180E-4 5.848970E-4 1.882600E-7
 3.005090E+0 3.879420E-1 6.683580E-2 2.951110E-4 1.056700E-3 5.387090E-7
 4.255640E+0 6.834410E-1 1.188730E-1 8.240780E-4 1.908110E-3 1.540100E-6
 5.851720E+0 1.093360E+0 2.097510E-1 2.271210E-3 3.441920E-3 4.395700E-6
 7.896560E+0 1.633870E+0 3.656300E-1 6.134940E-3 6.199660E-3 1.251610E-5
 1.041440E+1 2.273460E+0 6.259200E-1 1.608690E-2 1.114110E-2 3.549900E-5
 1.361770E+1 2.993600E+0 1.041700E+0 4.017380E-2 1.994900E-2 1.000860E-4
 1.737750E+1 3.799690E+0 1.671320E+0 9.446290E-2 3.552470E-2 2.795940E-4
 2.198980E+1 4.677550E+0 2.569190E+0 2.059470E-1 6.272060E-2 7.698240E-4
 2.728290E+1 5.689530E+0 3.774920E+0 4.104950E-1 1.093080E-1 2.073320E-3
 3.332590E+1 6.896740E+0 5.291680E+0 7.411040E-1 1.868000E-1 5.404090E-3
 3.993180E+1 8.260360E+0 7.056460E+0 1.197450E+0 3.103630E-1 1.342030E-2
 4.691090E+1 9.703290E+0 9.006610E+0 1.743610E+0 4.974490E-1 3.124750E-2
 5.407040E+1 1.107710E+1 1.104890E+1 2.310540E+0 7.622490E-1 6.696080E-2
 6.148020E+1 1.233040E+1 1.316100E+1 2.847620E+0 1.110730E+0 1.300620E-1
 7.041740E+1 1.346380E+1 1.545670E+1 3.327340E+0 1.537580E+0 2.269350E-1
 7.955070E+1 1.433850E+1 1.773640E+1 3.711520E+0 2.016980E+0 3.533650E-1
 8.701800E+1 1.493210E+1 1.990260E+1 3.990770E+0 2.527320E+0 4.953700E-1
 9.457660E+1 1.535810E+1 2.208690E+1 4.194030E+0 3.055900E+0 6.363220E-1
 1.016310E+2 1.567080E+1 2.421290E+1 4.342870E+0 3.589940E+0 7.639440E-1
 1.088130E+2 1.588310E+1 2.636290E+1 4.445640E+0 4.127490E+0 8.696140E-1
 1.976090E+0 1.980630E-1 3.206280E-2 9.011370E-5 0.000000E+6 0.000000E+6
 2.846330E+0 3.728490E-1 5.767200E-2 2.548510E-4 9.076780E-4 4.627400E-7
 3.994620E+0 6.522490E-1 1.025650E-1 7.116470E-4 1.638930E-3 1.322900E-6
 5.474320E+0 1.043770E+0 1.810870E-1 1.962850E-3 2.956650E-3 3.776060E-6
 7.357190E+0 1.542610E+0 3.160300E-1 5.310880E-3 5.325740E-3 1.075220E-5
 9.639570E+0 2.123910E+0 5.417100E-1 1.393780E-2 9.571100E-3 3.049900E-5
 1.242550E+1 2.737320E+0 9.057310E-1 3.506740E-2 1.713940E-2 8.599740E-5
 1.579090E+1 3.414160E+0 1.459260E+0 8.263960E-2 3.052140E-2 2.402380E-4
 1.983330E+1 4.191840E+0 2.252080E+0 1.806400E-1 5.389740E-2 6.616240E-4
 2.447270E+1 5.083350E+0 3.309450E+0 3.604040E-1 9.395070E-2 1.782650E-3
 2.967130E+1 6.096480E+0 4.622040E+0 6.465680E-1 1.606590E-1 4.648450E-3
 3.537870E+1 7.252110E+0 6.154410E+0 1.042530E+0 2.673970E-1 1.156560E-2
 4.135260E+1 8.449070E+0 7.833160E+0 1.512910E+0 4.289330E-1 2.694920E-2
 4.755600E+1 9.611450E+0 9.589010E+0 2.000980E+0 6.572040E-1 5.772540E-2
 5.388330E+1 1.067080E+1 1.140780E+1 2.461340E+0 9.568100E-1 1.120400E-1
 6.148410E+1 1.161200E+1 1.335480E+1 2.867800E+0 1.323430E+0 1.953200E-1
 6.923070E+1 1.234340E+1 1.529590E+1 3.193910E+0 1.734550E+0 3.038440E-1
 7.575780E+1 1.283320E+1 1.717050E+1 3.428580E+0 2.173370E+0 4.253120E-1
 8.192550E+1 1.320840E+1 1.901590E+1 3.606390E+0 2.626010E+0 5.468980E-1
 8.847730E+1 1.346610E+1 2.090820E+1 3.731150E+0 3.087490E+0 6.557250E-1
 9.423710E+1 1.364590E+1 2.269220E+1 3.819220E+0 3.546580E+0 7.470080E-1
 1.856680E+0 1.892350E-1 2.682370E-2 7.546830E-5 0.000000E+6 0.000000E+6
 2.652780E+0 3.545030E-1 4.802020E-2 2.126790E-4 0.000000E+6 0.000000E+6
 3.699840E+0 6.112720E-1 8.598660E-2 5.971000E-4 1.367230E-3 1.103610E-6
 5.003350E+0 9.595410E-1 1.518360E-1 1.647260E-3 2.466560E-3 3.150330E-6
 6.675000E+0 1.410110E+0 2.651320E-1 4.459060E-3 4.443240E-3 8.970690E-6
 8.697620E+0 1.900070E+0 4.551790E-1 1.172700E-2 7.985750E-3 2.544860E-5
 1.113270E+1 2.459090E+0 7.621480E-1 2.954190E-2 1.430100E-2 7.176000E-5
 1.408170E+1 3.065130E+0 1.233430E+0 7.011750E-2 2.546820E-2 2.004790E-4
 1.750090E+1 3.672290E+0 1.909760E+0 1.535590E-1 4.497670E-2 5.521940E-4
 2.142720E+1 4.391730E+0 2.812500E+0 3.060960E-1 7.840940E-2 1.488030E-3
 2.582130E+1 5.204040E+0 3.923260E+0 5.468620E-1 1.341270E-1 3.882080E-3
 3.059380E+1 6.169220E+0 5.215330E+0 8.818730E-1 2.233460E-1 9.664680E-3
 3.561970E+1 7.161770E+0 6.621610E+0 1.276180E+0 3.586280E-1 2.254430E-2
 4.070720E+1 8.104380E+0 8.085340E+0 1.682690E+0 5.497890E-1 4.831310E-2
 4.588930E+1 8.966290E+0 9.604760E+0 2.065650E+0 8.015890E-1 9.390590E-2
 5.217540E+1 9.723650E+0 1.120930E+1 2.399270E+0 1.105930E+0 1.631410E-1
 5.860150E+1 1.031980E+1 1.281110E+1 2.669140E+0 1.448540E+0 2.537140E-1
 6.379480E+1 1.072550E+1 1.433450E+1 2.865070E+0 1.814420E+0 3.553120E-1
 6.932500E+1 1.102300E+1 1.591820E+1 3.009200E+0 2.192250E+0 4.563050E-1
 7.457730E+1 1.123880E+1 1.747850E+1 3.113700E+0 2.576330E+0 5.471230E-1
 7.969180E+1 1.138660E+1 1.901280E+1 3.186470E+0 2.960870E+0 6.227980E-1
 1.741010E+0 1.804550E-1 2.246470E-2 6.324740E-5 0.000000E+6 0.000000E+6
 2.460880E+0 3.336620E-1 4.022110E-2 1.783850E-4 0.000000E+6 0.000000E+6
 3.404260E+0 5.691370E-1 7.167840E-2 4.988190E-4 0.000000E+6 0.000000E+6
 4.576780E+0 8.853710E-1 1.267060E-1 1.377620E-3 0.000000E+6 0.000000E+6
 6.047280E+0 1.285630E+0 2.225080E-1 3.744970E-3 3.710770E-3 7.491590E-6
 7.803190E+0 1.727700E+0 3.822130E-1 9.856540E-3 6.669630E-3 2.125560E-5
 9.927300E+0 2.181610E+0 6.406760E-1 2.485780E-2 1.194490E-2 5.994110E-5
 1.246610E+1 2.708830E+0 1.038670E+0 5.914750E-2 2.127310E-2 1.674750E-4
 1.536580E+1 3.202620E+0 1.611790E+0 1.299520E-1 3.756990E-2 4.613060E-4
 1.871120E+1 3.791850E+0 2.377690E+0 2.592260E-1 6.550540E-2 1.243320E-3
 2.246000E+1 4.491810E+0 3.324060E+0 4.648270E-1 1.120660E-1 3.244430E-3
 2.643710E+1 5.246700E+0 4.409930E+0 7.441390E-1 1.866260E-1 8.076820E-3
 3.061180E+1 6.054280E+0 5.590070E+0 1.074240E+0 2.997740E-1 1.884610E-2
 3.486380E+1 6.832110E+0 6.820710E+0 1.414710E+0 4.598480E-1 4.042560E-2
 3.909950E+1 7.535820E+0 8.086600E+0 1.733420E+0 6.706470E-1 7.858690E-2
 4.433610E+1 8.149540E+0 9.411330E+0 2.009320E+0 9.247100E-1 1.364250E-1
 4.961510E+1 8.637770E+0 1.075930E+1 2.232770E+0 1.213020E+0 2.121330E-1
 5.392620E+1 8.966020E+0 1.200360E+1 2.394500E+0 1.516000E+0 2.968340E-1
 5.828400E+1 9.211060E+0 1.332420E+1 2.514310E+0 1.833860E+0 3.811130E-1
 6.261410E+1 9.388130E+0 1.459390E+1 2.601010E+0 2.151640E+0 4.572980E-1
 6.718670E+1 9.511010E+0 1.591200E+1 2.661430E+0 2.473770E+0 5.201150E-1
 1.653430E+0 1.743260E-1 1.944460E-2 5.476180E-5 0.000000E+6 0.000000E+6
 2.324210E+0 3.197350E-1 3.482220E-2 1.544880E-4 0.000000E+6 0.000000E+6
 3.175940E+0 5.374540E-1 6.204110E-2 4.322280E-4 0.000000E+6 0.000000E+6
 4.251250E+0 8.243240E-1 1.097480E-1 1.193750E-3 0.000000E+6 0.000000E+6
 5.567690E+0 1.182600E+0 1.919070E-1 3.236250E-3 0.000000E+6 0.000000E+6
 7.120840E+0 1.567840E+0 3.313580E-1 8.548510E-3 5.761580E-3 1.836180E-5
 8.986380E+0 1.984620E+0 5.557310E-1 2.158040E-2 1.031880E-2 5.178370E-5
 1.120550E+1 2.405210E+0 9.013560E-1 5.135380E-2 1.837850E-2 1.446880E-4
 1.378800E+1 2.854500E+0 1.400460E+0 1.130420E-1 3.245690E-2 3.985300E-4
 1.673340E+1 3.358270E+0 2.068620E+0 2.258510E-1 5.659530E-2 1.074270E-3
 1.995330E+1 3.930890E+0 2.891510E+0 4.041100E-1 9.683210E-2 2.803670E-3
 2.339120E+1 4.580140E+0 3.834160E+0 6.466400E-1 1.612630E-1 6.980100E-3
 2.703690E+1 5.272160E+0 4.859780E+0 9.326130E-1 2.590780E-1 1.629100E-2
 3.071730E+1 5.937080E+0 5.926880E+0 1.226950E+0 3.974750E-1 3.495070E-2
 3.458820E+1 6.535950E+0 7.025350E+0 1.501280E+0 5.797840E-1 6.795230E-2
 3.879420E+1 7.053830E+0 8.156670E+0 1.738100E+0 7.988420E-1 1.178380E-1
 4.329310E+1 7.468550E+0 9.313490E+0 1.930010E+0 1.048060E+0 1.832810E-1
 4.697860E+1 7.745620E+0 1.041090E+1 2.068100E+0 1.311180E+0 2.562390E-1
 5.096330E+1 7.958490E+0 1.152630E+1 2.172050E+0 1.582150E+0 3.292270E-1
 5.448870E+1 8.110730E+0 1.262600E+1 2.246950E+0 1.858970E+0 3.950040E-1
 5.812930E+1 8.215880E+0 1.373600E+1 2.299090E+0 2.136320E+0 4.495430E-1
 1.494000E+0 1.695760E-1 0.000000E+6 0.000000E+6 0.000000E+6 0.000000E+6
 2.191180E+0 3.073960E-1 2.996460E-2 1.329900E-4 0.000000E+6 0.000000E+6
 2.979430E+0 5.093790E-1 5.340440E-2 3.722270E-4 0.000000E+6 0.000000E+6
 3.963900E+0 7.790200E-1 9.450780E-2 1.028580E-3 0.000000E+6 0.000000E+6
 5.135910E+0 1.095840E+0 1.652550E-1 2.787970E-3 0.000000E+6 0.000000E+6
 6.515510E+0 1.432560E+0 2.841490E-1 7.342600E-3 0.000000E+6 0.000000E+6
 8.167330E+0 1.792660E+0 4.792980E-1 1.862090E-2 8.863450E-3 4.448050E-5
 1.009330E+1 2.156020E+0 7.774760E-1 4.433090E-2 1.578670E-2 1.242890E-4
 1.233250E+1 2.523000E+0 1.208270E+0 9.758170E-2 2.788110E-2 3.423560E-4
 1.486940E+1 2.949930E+0 1.785950E+0 1.952530E-1 4.861680E-2 9.229060E-4
 1.764550E+1 3.431900E+0 2.498210E+0 3.496450E-1 8.317960E-2 2.408690E-3
 2.063270E+1 3.981410E+0 3.313810E+0 5.591520E-1 1.385420E-1 5.997220E-3
 2.375830E+1 4.559970E+0 4.197160E+0 8.049480E-1 2.225810E-1 1.399730E-2
 2.691590E+1 5.122130E+0 5.116130E+0 1.057130E+0 3.415250E-1 3.003210E-2
 3.009700E+1 5.633940E+0 6.059320E+0 1.293200E+0 4.982280E-1 5.840570E-2
 3.382370E+1 6.068770E+0 7.026230E+0 1.494630E+0 6.864520E-1 1.012660E-1
 3.754560E+1 6.415520E+0 7.993160E+0 1.657820E+0 8.984430E-1 1.573210E-1
 4.072820E+1 6.658900E+0 8.934830E+0 1.777780E+0 1.125230E+0 2.202720E-1
 4.412320E+1 6.837450E+0 9.913120E+0 1.865910E+0 1.359030E+0 2.827840E-1
 4.720050E+1 6.983940E+0 1.088680E+1 1.934600E+0 1.599700E+0 3.399860E-1
 5.029210E+1 7.056430E+0 1.181620E+1 1.974550E+0 1.835130E+0 3.860560E-1
 1.395940E+0 1.613810E-1 0.000000E+6 0.000000E+6 0.000000E+6 0.000000E+6
 1.932750E+0 2.915820E-1 0.000000E+6 0.000000E+6 0.000000E+6 0.000000E+6
 2.586210E+0 4.806360E-1 0.000000E+6 0.000000E+6 0.000000E+6 0.000000E+6
 3.629300E+0 7.258880E-1 7.901110E-2 8.608380E-4 0.000000E+6 0.000000E+6
 4.667250E+0 1.006160E+0 1.382450E-1 2.333530E-3 0.000000E+6 0.000000E+6
 5.883860E+0 1.300070E+0 2.377620E-1 6.147240E-3 0.000000E+6 0.000000E+6
 7.289630E+0 1.592030E+0 3.991250E-1 1.554030E-2 0.000000E+6 0.000000E+6
 8.925600E+0 1.886660E+0 6.514550E-1 3.716610E-2 1.316950E-2 1.036860E-4
 1.080780E+1 2.182250E+0 1.012680E+0 8.183680E-2 2.325930E-2 2.856350E-4
 1.293470E+1 2.518730E+0 1.495410E+0 1.634460E-1 4.055940E-2 7.699530E-4
 1.526980E+1 2.911090E+0 2.092290E+0 2.927920E-1 6.939640E-2 2.009570E-3
 1.777920E+1 3.362910E+0 2.777630E+0 4.690560E-1 1.155930E-1 5.004200E-3
 2.040830E+1 3.841560E+0 3.519000E+0 6.748420E-1 1.857160E-1 1.167930E-2
 2.308470E+1 4.302110E+0 4.288370E+0 8.855960E-1 2.849850E-1 2.505900E-2
 2.582790E+1 4.722710E+0 5.079600E+0 1.082180E+0 4.157650E-1 4.874110E-2
 2.870030E+1 5.073010E+0 5.878720E+0 1.248560E+0 5.728120E-1 8.450600E-2
 3.173320E+1 5.351510E+0 6.686760E+0 1.382230E+0 7.499160E-1 1.311220E-1
 3.444920E+1 5.554250E+0 7.483390E+0 1.482390E+0 9.386130E-1 1.835900E-1
 3.714240E+1 5.704980E+0 8.279880E+0 1.556710E+0 1.133780E+0 2.358960E-1
 3.979480E+1 5.818390E+0 9.093420E+0 1.611590E+0 1.334050E+0 2.831060E-1
 4.226930E+1 5.901160E+0 9.888590E+0 1.651170E+0 1.533700E+0 3.227410E-1
 1.273580E+0 1.490440E-1 0.000000E+6 0.000000E+6 0.000000E+6 0.000000E+6
 1.767620E+0 2.698580E-1 0.000000E+6 0.000000E+6 0.000000E+6 0.000000E+6
 2.365840E+0 4.441090E-1 0.000000E+6 0.000000E+6 0.000000E+6 0.000000E+6
 3.059200E+0 6.624080E-1 0.000000E+6 0.000000E+6 0.000000E+6 0.000000E+6
 4.197180E+0 9.129980E-1 1.156800E-1 1.954600E-3 0.000000E+6 0.000000E+6
 5.255640E+0 1.166340E+0 1.991120E-1 5.152080E-3 0.000000E+6 0.000000E+6
 6.463710E+0 1.405630E+0 3.342760E-1 1.301710E-2 0.000000E+6 0.000000E+6
 7.856450E+0 1.644400E+0 5.429570E-1 3.103060E-2 0.000000E+6 0.000000E+6
 9.434420E+0 1.881530E+0 8.446570E-1 6.838330E-2 0.000000E+6 0.000000E+6
 1.123080E+1 2.151450E+0 1.253930E+0 1.371380E-1 3.387080E-2 6.430680E-4
 1.320640E+1 2.470920E+0 1.754310E+0 2.456510E-1 5.795930E-2 1.678460E-3
 1.530960E+1 2.839390E+0 2.327610E+0 3.929470E-1 9.654210E-2 4.179730E-3
 1.750760E+1 3.232380E+0 2.948370E+0 5.652320E-1 1.551120E-1 9.755650E-3
 1.973890E+1 3.610490E+0 3.591640E+0 7.413390E-1 2.380410E-1 2.093430E-2
 2.207150E+1 3.961090E+0 4.257330E+0 9.060570E-1 3.473120E-1 4.072010E-2
 2.431720E+1 4.248850E+0 4.925850E+0 1.045200E+0 4.790620E-1 7.067770E-2
 2.678000E+1 4.471730E+0 5.592320E+0 1.154720E+0 6.263220E-1 1.095070E-1
 2.904310E+1 4.639940E+0 6.257430E+0 1.238180E+0 7.839000E-1 1.533200E-1
 3.128240E+1 4.765100E+0 6.922100E+0 1.300130E+0 9.468460E-1 1.969980E-1
 3.340610E+1 4.864930E+0 7.601340E+0 1.347460E+0 1.114380E+0 2.367610E-1
 3.553230E+1 4.927660E+0 8.265120E+0 1.378730E+0 1.280700E+0 2.694720E-1
 1.167830E+0 1.378390E-1 0.000000E+6 0.000000E+6 0.000000E+6 0.000000E+6
 1.618820E+0 2.487930E-1 0.000000E+6 0.000000E+6 0.000000E+6 0.000000E+6
 2.165340E+0 4.073690E-1 0.000000E+6 0.000000E+6 0.000000E+6 0.000000E+6
 2.788440E+0 6.045460E-1 0.000000E+6 0.000000E+6 0.000000E+6 0.000000E+6
 3.488990E+0 8.237460E-1 0.000000E+6 0.000000E+6 0.000000E+6 0.000000E+6
 4.724990E+0 1.047720E+0 1.722080E-1 4.459470E-3 0.000000E+6 0.000000E+6
 5.791710E+0 1.255270E+0 2.893200E-1 1.127220E-2 0.000000E+6 0.000000E+6
 7.003920E+0 1.453700E+0 4.698770E-1 2.685880E-2 0.000000E+6 0.000000E+6
 8.384110E+0 1.656150E+0 7.311580E-1 5.919070E-2 0.000000E+6 0.000000E+6
 9.926660E+0 1.880900E+0 1.080460E+0 1.183960E-1 0.000000E+6 0.000000E+6
 1.165580E+1 2.155350E+0 1.518930E+0 2.126200E-1 5.006550E-2 1.449890E-3
 1.348870E+1 2.467460E+0 2.015220E+0 3.401010E-1 8.340130E-2 3.610440E-3
 1.537890E+1 2.802980E+0 2.552070E+0 4.890600E-1 1.339990E-1 8.427780E-3
 1.732020E+1 3.129830E+0 3.113120E+0 6.421380E-1 2.060620E-1 1.813180E-2
 1.923120E+1 3.423620E+0 3.680810E+0 7.828080E-1 2.999790E-1 3.516860E-2
 2.120730E+1 3.670920E+0 4.259770E+0 9.027320E-1 4.138140E-1 6.104800E-2
 2.331290E+1 3.864050E+0 4.834950E+0 9.976300E-1 5.410220E-1 9.459080E-2
 2.515470E+1 4.008610E+0 5.409460E+0 1.069710E+0 6.778790E-1 1.324280E-1
 2.709010E+1 4.116120E+0 5.987480E+0 1.123040E+0 8.191630E-1 1.701070E-1
 2.899470E+1 4.193120E+0 6.555780E+0 1.161380E+0 9.611810E-1 2.040930E-1
 3.084720E+1 4.246030E+0 7.127080E+0 1.188020E+0 1.104340E+0 2.322340E-1
---